2306.000355
2505.000648
2930.998008
2374.999350
2222.000155
2183.000051
2326.001008
2748.999725
2864.999011
2211.001716
2620.999512
2942.999116
2358.004577
2813.007333
2875.999213
2948.999055
2134.999388
2612.998662
2462.999515
2220.000509
2860.999852
2877.999869
2652.998922
2808.999534
2516.998883
2384.003000
2119.001241
2709.999470
2003.002346
2575.001578
2754.999997
2196.000874
2933.999912
2905.999991
2480.999193
2782.000125
2833.998723
2270.003262
2349.000226
2085.000475
2110.000512
2946.999219
2023.999086
2599.997280
2664.999170
2468.999805
2489.999426
2587.999299
2416.000214
2591.999305
2201.000909
2698.999456
2282.000637
2984.999184
2527.995469
2466.003464
2722.999735
2652.999912
2883.999401
2353.998948
2615.999500
2816.999637
2226.999937
2840.999162
2000.000786
2858.999716
2507.999916
2349.003182
2726.999505
2764.999580
2871.999329
2318.000042
2566.000051
2951.999102
2517.999779
2479.998282
2251.993410
2556.002959
2609.000445
2792.001443
2051.000381
2408.000386
2439.986725
2988.032243
2781.001000
2339.999683
2591.000273
2847.998863
2989.999156
2926.999574
2332.999952
2152.000512
2726.999708
2070.000816
2106.001474
2588.001014
2304.000119
2192.000152
2154.000728
2152.998880
2710.999602
2556.000062
2437.007467
2995.976579
2005.000966
2129.000089
2431.001760
2073.003234
2558.994802
2414.994645
2451.001007
2100.999348
2365.996650
2827.992372
2881.997538
2287.001346
2230.000601
2590.997344
2485.996937
2097.001044
2533.998966
2161.000322
2342.000161
2597.999952
2786.999238
2603.000189
2922.999592
2035.000495
2907.998809
2594.001420
2820.999866
2396.998913
2884.999372
2763.999844
2372.000630
2997.999053
2446.008043
2227.996656
2065.000825
2066.000930
2838.000946
2951.999025
2815.001492
2293.999463
2492.001794
2432.996932
2650.999184
2357.000590
2882.997705
2265.004148
2531.002354
2437.993576
2278.999824
2675.999660
2208.000221
2048.001191
2424.000127
2494.000874
2231.001287
2560.003124
2488.002787
2398.000245
2552.998790
2564.999510
2568.969950
2409.015265
2541.010611
2413.000616
2195.001270
2295.999977
2148.002746
2826.998636
2146.000786
2107.001772
2260.001323
2314.999333
2371.999749
2740.000256
2416.000651
2323.000490
2174.000358
2811.000556
2587.999862
2716.999938
2295.999585
2286.000679
2437.999171
2826.999315
2289.000388
2374.999436
2406.001844
2522.998169
2313.000350
2021.001270
2895.999387
2632.999564
2526.999472
2005.001180
2004.001302
2421.000165
2306.001066
2505.001943
2930.994023
2374.998051
2222.000466
2183.000152
2326.003024
2748.999176
2864.997032
2211.005147
2620.998535
2942.997348
2358.013739
2813.022016
2875.997639
2948.997164
2134.998164
2612.995986
2462.998543
2220.001527
2860.999557
2877.999607
2652.996765
2808.998601
2516.996648
2384.009000
2119.003724
2709.998409
2003.007039
2575.004734
2754.999992
2196.002621
2933.999738
2905.999973
2480.997580
2782.000374
2833.996167
2270.009787
2349.000679
2085.001424
2110.001536
2946.997656
2023.997258
2599.991838
2664.997511
2468.999414
2489.998278
2587.997898
2416.000643
2591.997915
2201.002727
2698.998367
2282.001912
2984.997551
2527.986401
2466.010399
2722.999205
2652.999736
2883.998203
2353.996845
2615.998499
2816.998912
2226.999812
2840.997487
2000.002359
2858.999149
2507.999749
2349.009545
2726.998514
2764.998741
2871.997988
2318.000125
2566.000153
2951.997307
2517.999338
2479.994846
2251.980225
2556.008879
2609.001335
2792.004330
2051.001144
2408.001159
2439.960000
2988.097193
2781.003001
2339.999049
2591.000818
2847.996590
2989.997467
2926.998723
2332.999856
2152.001535
2726.999125
2070.002448
2106.004421
2588.003042
2304.000358
2192.000456
2154.002185
2152.996639
2710.998806
2556.000185
2437.022591
2995.929225
2005.002898
2129.000266
2431.005279
2073.009701
2558.984455
2414.983888
2451.003022
2100.998043
2365.989939
2827.977095
2881.992613
2287.004038
2230.001804
2590.992031
2485.990809
2097.003133
2533.996897
2161.000965
2342.000483
2597.999855
2786.997714
2603.000567
2922.998776
2035.001486
2907.996428
2594.004261
2820.999599
2396.996738
2884.998117
2763.999532
2372.001890
2997.997159
2446.024136
2227.989965
2065.002475
2066.002790
2838.002837
2951.997074
2815.004476
2293.998389
2492.005381
2432.990797
2650.997553
2357.001769
2882.993116
2265.012444
2531.007066
2437.980726
2278.999472
2675.998979
2208.000663
2048.003572
2424.000381
2494.002622
2231.003861
2560.009373
2488.008360
2398.000733
2552.996369
2564.998530
2568.909699
2409.045866
2541.031865
2413.001847
2195.003810
2295.999932
2148.008238
2826.995907
2146.002359
2107.005315
2260.003968
2314.997999
2371.999248
2740.000769
2416.001954
2323.001469
2174.001073
2811.001667
2587.999585
2716.999813
2295.998755
2286.002037
2437.997512
2826.997946
2289.001165
2374.998307
2406.005533
2522.994507
2313.001050
2021.003809
2895.998160
2632.998691
2526.998415
2005.003541
2004.003906
2421.000496
2306.002133
2505.003887
2930.988046
2374.996102
2222.000931
2183.000305
2326.006047
2748.998352
2864.994064
2211.010295
2620.997070
2942.994697
2358.027505
2813.044082
2875.995278
2948.994329
2134.996328
2612.991972
2462.997083
2220.003056
2860.999114
2877.999213
2652.993529
2808.997202
2516.993295
2384.017999
2119.007448
2709.996818
2003.014079
2575.009470
2754.999984
2196.005241
2933.999475
2905.999947
2480.995159
2782.000748
2833.992333
2270.019577
2349.001358
2085.002848
2110.003071
2946.995313
2023.994514
2599.983673
2664.995022
2468.998828
2489.996556
2587.995796
2416.001285
2591.995831
2201.005455
2698.996734
2282.003825
2984.995102
2527.972791
2466.020814
2722.998410
2652.999473
2883.996405
2353.993689
2615.996997
2816.997823
2226.999623
2840.994975
2000.004717
2858.998298
2507.999498
2349.019092
2726.997027
2764.997482
2871.995977
2318.000250
2566.000306
2951.994615
2517.998677
2479.989691
2251.960436
2556.017764
2609.002671
2792.008660
2051.002288
2408.002317
2439.919462
2988.195813
2781.006003
2339.998099
2591.001636
2847.993179
2989.994934
2926.997445
2332.999712
2152.003070
2726.998251
2070.004896
2106.008842
2588.006084
2304.000717
2192.000911
2154.004369
2152.993278
2710.997613
2556.000370
2437.045701
2995.857052
2005.005796
2129.000532
2431.010560
2073.019403
2558.969030
2414.967659
2451.006044
2100.996086
2365.979848
2827.954134
2881.985225
2287.008075
2230.003608
2590.984057
2485.981615
2097.006265
2533.993794
2161.001931
2342.000965
2597.999709
2786.995429
2603.001134
2922.997553
2035.002972
2907.992856
2594.008522
2820.999199
2396.993476
2884.996234
2763.999063
2372.003780
2997.994317
2446.048296
2227.979918
2065.004950
2066.005580
2838.005674
2951.994147
2815.008953
2293.996776
2492.010762
2432.981592
2650.995107
2357.003538
2882.986232
2265.024891
2531.014141
2437.961445
2278.998944
2675.997959
2208.001325
2048.007143
2424.000762
2494.005245
2231.007725
2560.018748
2488.016722
2398.001466
2552.992738
2564.997060
2568.818934
2409.091943
2541.063817
2413.003694
2195.007620
2295.999864
2148.016477
2826.991814
2146.004717
2107.010631
2260.007936
2314.995997
2371.998495
2740.001538
2416.003908
2323.002939
2174.002145
2811.003335
2587.999170
2716.999625
2295.997509
2286.004074
2437.995023
2826.995891
2289.002330
2374.996614
2406.011068
2522.989012
2313.002100
2021.007617
2895.996319
2632.997381
2526.996830
2005.007082
2004.007812
2421.000992
2306.003555
2505.006478
2930.980076
2374.993504
2222.001552
2183.000508
2326.010079
2748.997254
2864.990107
2211.017158
2620.995117
2942.991161
2358.045899
2813.073578
2875.992130
2948.990548
2134.993877
2612.986618
2462.995135
2220.005095
2860.998523
2877.998689
2652.989215
2808.995336
2516.988823
2384.029996
2119.012413
2709.994696
2003.023468
2575.015786
2754.999973
2196.008736
2933.999126
2905.999912
2480.991932
2782.001247
2833.987218
2270.032635
2349.002264
2085.004746
2110.005119
2946.992188
2023.990850
2599.972781
2664.991704
2468.998047
2489.994259
2587.992993
2416.002142
2591.993051
2201.009091
2698.994557
2282.006375
2984.991837
2527.954628
2466.034728
2722.997350
2652.999122
2883.994009
2353.989482
2615.994995
2816.996371
2226.999371
2840.991625
2000.007862
2858.997164
2507.999164
2349.031822
2726.995046
2764.995804
2871.993294
2318.000415
2566.000510
2951.991024
2517.997795
2479.982817
2251.934028
2556.029621
2609.004452
2792.014435
2051.003812
2408.003862
2439.864526
2988.329651
2781.010005
2339.996832
2591.002727
2847.988632
2989.991557
2926.995742
2332.999521
2152.005116
2726.997085
2070.008160
2106.014739
2588.010141
2304.001195
2192.001519
2154.007281
2152.988796
2710.996021
2556.000617
2437.077296
2995.758726
2005.009661
2129.000886
2431.017604
2073.032342
2558.948624
2414.945867
2451.010074
2100.993474
2365.966351
2827.923439
2881.975374
2287.013457
2230.006015
2590.973418
2485.969353
2097.010441
2533.989657
2161.003218
2342.001608
2597.999515
2786.992381
2603.001890
2922.995921
2035.004954
2907.988093
2594.014205
2820.998665
2396.989126
2884.993724
2763.998438
2372.006300
2997.990528
2446.080547
2227.966504
2065.008251
2066.009300
2838.009457
2951.990245
2815.014924
2293.994624
2492.017937
2432.969317
2650.991845
2357.005896
2882.977052
2265.041490
2531.023589
2437.935726
2278.998240
2675.996598
2208.002209
2048.011905
2424.001269
2494.008743
2231.012882
2560.031253
2488.027873
2398.002443
2552.987897
2564.995100
2568.697176
2409.153717
2541.106549
2413.006156
2195.012700
2295.999773
2148.027465
2826.986355
2146.007863
2107.017719
2260.013228
2314.993328
2371.997492
2740.002564
2416.006514
2323.004898
2174.003572
2811.005560
2587.998616
2716.999375
2295.995847
2286.006791
2437.991705
2826.993152
2289.003883
2374.994356
2406.018448
2522.981684
2313.003501
2021.012696
2895.993865
2632.995635
2526.994716
2005.011803
2004.013020
2421.001654
2306.005333
2505.009717
2930.970113
2374.990255
2222.002328
2183.000762
2326.015120
2748.995880
2864.985160
2211.025737
2620.992676
2942.986742
2358.068959
2813.110573
2875.988195
2948.985822
2134.990812
2612.979925
2462.992695
2220.007646
2860.997785
2877.998034
2652.983821
2808.993005
2516.983230
2384.044989
2119.018620
2709.992044
2003.035207
2575.023686
2754.999959
2196.013104
2933.998689
2905.999867
2480.987898
2782.001870
2833.980821
2270.048963
2349.003395
2085.007119
2110.007678
2946.988281
2023.986263
2599.959158
2664.987555
2468.997071
2489.991389
2587.989490
2416.003214
2591.989577
2201.013637
2698.991836
2282.009562
2984.987756
2527.931896
2466.052162
2722.996025
2652.998682
2883.991013
2353.984223
2615.992491
2816.994555
2226.999056
2840.987437
2000.011793
2858.995746
2507.998747
2349.047736
2726.992568
2764.993706
2871.989941
2318.000622
2566.000765
2951.986536
2517.996694
2479.974223
2251.900983
2556.044456
2609.006678
2792.021656
2051.005719
2408.005794
2439.794332
2988.500984
2781.015008
2339.995248
2591.004091
2847.982947
2989.987336
2926.993613
2332.999281
2152.007674
2726.995627
2070.012240
2106.022111
2588.015213
2304.001792
2192.002278
2154.010921
2152.983191
2710.994032
2556.000926
2437.118092
2995.632323
2005.014491
2129.001329
2431.026413
2073.048518
2558.923371
2414.918393
2451.015113
2100.990207
2365.949413
2827.884943
2881.963059
2287.020183
2230.009026
2590.960108
2485.954019
2097.015661
2533.984485
2161.004827
2342.002412
2597.999272
2786.988572
2603.002835
2922.993882
2035.007431
2907.982139
2594.021309
2820.997997
2396.983688
2884.990585
2763.997658
2372.009452
2997.985791
2446.120921
2227.949707
2065.012376
2066.013949
2838.014187
2951.985367
2815.022393
2293.991930
2492.026906
2432.953969
2650.987768
2357.008844
2882.965576
2265.062247
2531.035423
2437.903560
2278.997361
2675.994897
2208.003313
2048.017858
2424.001902
2494.013117
2231.019333
2560.046889
2488.041814
2398.003662
2552.981845
2564.992650
2568.543759
2409.231488
2541.160169
2413.009231
2195.019050
2295.999659
2148.041202
2826.979530
2146.011795
2107.026581
2260.019843
2314.989991
2371.996239
2740.003846
2416.009771
2323.007347
2174.005355
2811.008342
2587.997925
2716.999063
2295.993770
2286.010188
2437.987557
2826.989727
2289.005825
2374.991534
2406.027676
2522.972519
2313.005251
2021.019043
2895.990798
2632.993452
2526.992074
2005.017705
2004.019531
2421.002481
2306.007466
2505.013604
2930.958157
2374.986356
2222.003259
2183.001067
2326.021169
2748.994232
2864.979223
2211.036032
2620.989747
2942.981438
2358.096730
2813.155151
2875.983471
2948.980151
2134.987131
2612.971890
2462.989760
2220.010710
2860.996899
2877.997248
2652.977349
2808.990207
2516.976514
2384.062978
2119.026068
2709.988861
2003.049300
2575.033170
2754.999943
2196.018346
2933.998165
2905.999815
2480.983056
2782.002619
2833.973139
2270.068566
2349.004753
2085.009967
2110.010750
2946.983594
2023.980749
2599.942799
2664.982577
2468.995900
2489.987944
2587.985286
2416.004500
2591.985407
2201.019093
2698.988570
2282.013387
2984.982858
2527.904579
2466.073144
2722.994435
2652.998155
2883.987418
2353.977911
2615.989487
2816.992375
2226.998678
2840.982411
2000.016510
2858.994044
2507.998248
2349.066838
2726.989596
2764.991188
2871.985916
2318.000867
2566.001072
2951.981151
2517.995373
2479.963910
2251.861275
2556.062281
2609.009351
2792.030324
2051.008006
2408.008111
2439.707654
2988.713066
2781.021012
2339.993348
2591.005729
2847.976124
2989.982270
2926.991058
2332.998993
2152.010744
2726.993878
2070.017137
2106.030960
2588.021302
2304.002509
2192.003189
2154.015288
2152.976463
2710.991645
2556.001297
2437.169113
2995.475107
2005.020288
2129.001861
2431.036990
2073.067935
2558.893440
2414.885088
2451.021163
2100.986284
2365.928991
2827.838567
2881.948279
2287.028252
2230.012641
2590.944120
2485.935611
2097.021924
2533.978279
2161.006758
2342.003377
2597.998981
2786.984000
2603.003970
2922.991435
2035.010403
2907.974993
2594.029836
2820.997197
2396.977162
2884.986820
2763.996721
2372.013234
2997.980106
2446.169461
2227.929506
2065.017326
2066.019529
2838.019863
2951.979513
2815.031360
2293.988692
2492.037670
2432.935545
2650.982875
2357.012381
2882.951802
2265.087164
2531.049659
2437.864936
2278.996304
2675.992855
2208.004639
2048.025002
2424.002660
2494.018368
2231.027083
2560.065663
2488.058547
2398.005124
2552.974582
2564.989710
2568.357812
2409.325652
2541.224817
2413.012919
2195.026671
2295.999523
2148.057692
2826.971338
2146.016515
2107.037217
2260.027782
2314.985986
2371.994735
2740.005384
2416.013680
2323.010285
2174.007492
2811.011682
2587.997095
2716.998688
2295.991276
2286.014265
2437.982579
2826.985616
2289.008155
2374.988147
2406.038754
2522.961517
2313.007352
2021.026661
2895.987117
2632.990831
2526.988903
2005.024787
2004.027344
2421.003473
2306.009955
2505.018139
2930.944208
2374.981807
2222.004345
2183.001422
2326.028226
2748.992308
2864.972297
2211.048043
2620.986329
2942.975251
2358.129267
2813.207415
2875.977959
2948.973535
2134.982832
2612.962513
2462.986329
2220.014289
2860.995865
2877.996331
2652.969796
2808.986943
2516.968674
2384.083961
2119.034758
2709.985148
2003.065748
2575.044243
2754.999924
2196.024461
2933.997555
2905.999753
2480.977407
2782.003491
2833.964169
2270.091448
2349.006337
2085.013289
2110.014333
2946.978125
2023.974303
2599.923700
2664.976770
2468.994535
2489.983926
2587.980381
2416.006000
2591.980543
2201.025457
2698.984759
2282.017849
2984.977144
2527.872657
2466.097708
2722.992580
2652.997540
2883.983224
2353.970546
2615.985980
2816.989831
2226.998237
2840.976548
2000.022013
2858.992059
2507.997668
2349.089127
2726.986127
2764.988250
2871.981221
2318.001152
2566.001430
2951.974868
2517.993835
2479.951875
2251.814876
2556.083108
2609.012470
2792.040441
2051.010674
2408.010815
2439.602737
2988.970542
2781.028018
2339.991131
2591.007640
2847.968164
2989.976360
2926.988077
2332.998658
2152.014326
2726.991838
2070.022849
2106.041288
2588.028407
2304.003345
2192.004252
2154.020383
2152.968612
2710.988860
2556.001729
2437.231837
2995.283126
2005.027051
2129.002481
2431.049338
2073.090594
2558.859056
2414.845769
2451.028224
2100.981703
2365.905033
2827.784213
2881.931035
2287.037664
2230.016861
2590.925446
2485.914123
2097.029230
2533.971038
2161.009011
2342.004502
2597.998642
2786.978667
2603.005293
2922.988580
2035.013871
2907.966656
2594.039787
2820.996263
2396.969548
2884.982426
2763.995628
2372.017647
2997.973472
2446.226215
2227.905877
2065.023102
2066.026039
2838.026488
2951.972683
2815.041830
2293.984907
2492.050229
2432.914042
2650.977167
2357.016507
2882.935730
2265.116248
2531.066315
2437.819839
2278.995072
2675.990473
2208.006185
2048.033337
2424.003543
2494.024497
2231.036137
2560.087578
2488.078075
2398.006827
2552.966109
2564.986279
2568.138224
2409.436708
2541.300659
2413.017216
2195.035561
2295.999363
2148.076936
2826.961778
2146.022022
2107.049629
2260.037045
2314.981312
2371.992982
2740.007179
2416.018240
2323.013714
2174.009981
2811.015582
2587.996126
2716.998251
2295.988364
2286.019022
2437.976770
2826.980820
2289.010874
2374.984195
2406.051682
2522.948674
2313.009803
2021.035549
2895.982824
2632.987773
2526.985203
2005.033049
2004.036459
2421.004631
2306.012800
2505.023322
2930.928264
2374.976606
2222.005587
2183.001827
2326.036293
2748.990109
2864.964382
2211.061770
2620.982422
2942.968179
2358.166636
2813.267490
2875.971659
2948.965973
2134.977912
2612.951792
2462.982397
2220.018384
2860.994683
2877.995283
2652.961164
2808.983213
2516.959708
2384.107935
2119.044689
2709.980905
2003.084555
2575.056908
2754.999903
2196.031451
2933.996857
2905.999683
2480.970951
2782.004489
2833.953908
2270.117615
2349.008146
2085.017085
2110.018429
2946.971875
2023.966919
2599.901853
2664.970133
2468.992974
2489.979333
2587.974774
2416.007716
2591.974983
2201.032732
2698.980404
2282.022949
2984.970613
2527.836103
2466.125892
2722.990459
2652.996838
2883.978430
2353.962128
2615.981972
2816.986922
2226.997731
2840.969847
2000.028303
2858.989790
2507.997006
2349.114608
2726.982164
2764.984893
2871.975853
2318.001475
2566.001839
2951.967687
2517.992078
2479.938119
2251.761751
2556.106951
2609.016036
2792.052009
2051.013723
2408.013905
2439.477020
2989.280204
2781.036026
2339.988597
2591.009824
2847.959066
2989.969605
2926.984671
2332.998274
2152.018419
2726.989506
2070.029377
2106.053095
2588.036529
2304.004301
2192.005467
2154.026204
2152.959634
2710.985677
2556.002223
2437.308477
2995.050458
2005.034780
2129.003190
2431.063462
2073.116498
2558.820507
2414.800207
2451.036299
2100.976463
2365.877476
2827.721763
2881.911324
2287.048419
2230.021689
2590.904076
2485.889550
2097.037579
2533.962763
2161.011586
2342.005788
2597.998254
2786.972571
2603.006806
2922.985317
2035.017834
2907.957127
2594.051161
2820.995196
2396.960846
2884.977405
2763.994378
2372.022693
2997.965889
2446.291242
2227.878791
2065.029702
2066.033479
2838.034061
2951.964876
2815.053806
2293.980572
2492.064584
2432.889456
2650.970643
2357.021221
2882.917359
2265.149505
2531.085414
2437.768254
2278.993663
2675.987751
2208.007952
2048.042862
2424.004550
2494.031505
2231.046498
2560.112642
2488.100398
2398.008770
2552.956425
2564.982359
2567.883601
2409.565282
2541.387897
2413.022120
2195.045722
2295.999181
2148.098937
2826.950848
2146.028317
2107.063818
2260.047634
2314.975969
2371.990978
2740.009230
2416.023451
2323.017632
2174.012822
2811.020042
2587.995019
2716.997751
2295.985035
2286.024461
2437.970132
2826.975338
2289.013981
2374.979679
2406.066463
2522.933987
2313.012604
2021.045706
2895.977917
2632.984277
2526.980975
2005.042492
2004.046877
2421.005953
2306.016000
2505.029152
2930.910326
2374.970755
2222.006983
2183.002283
2326.045369
2748.987635
2864.955476
2211.077213
2620.978028
2942.960224
2358.208917
2813.335522
2875.964569
2948.957466
2134.972371
2612.939725
2462.977959
2220.022997
2860.993354
2877.994105
2652.951451
2808.979018
2516.949612
2384.134900
2119.055862
2709.976131
2003.105724
2575.071168
2754.999878
2196.039314
2933.996074
2905.999604
2480.963687
2782.005612
2833.942352
2270.147074
2349.010182
2085.021356
2110.023036
2946.964844
2023.958589
2599.877251
2664.962667
2468.991220
2489.974165
2587.968467
2416.009647
2591.968728
2201.040916
2698.975505
2282.028687
2984.963266
2527.794892
2466.157743
2722.988074
2652.996047
2883.973036
2353.952657
2615.977461
2816.983647
2226.997162
2840.962308
2000.035378
2858.987238
2507.996265
2349.143281
2726.977705
2764.981116
2871.969814
2318.001835
2566.002299
2951.959609
2517.990105
2479.922639
2251.701861
2556.133827
2609.020049
2792.065029
2051.017153
2408.017382
2439.326576
2989.652447
2781.045037
2339.985748
2591.012283
2847.948829
2989.962005
2926.980838
2332.997842
2152.023024
2726.986882
2070.036721
2106.066383
2588.045670
2304.005377
2192.006832
2154.032751
2152.949530
2710.982097
2556.002780
2437.402562
2994.767654
2005.043475
2129.003988
2431.079365
2073.145652
2558.778171
2414.748125
2451.045389
2100.970560
2365.846249
2827.651082
2881.889147
2287.060515
2230.027125
2590.880000
2485.861887
2097.046969
2533.953452
2161.014483
2342.007234
2597.997817
2786.965714
2603.008508
2922.981646
2035.022292
2907.946405
2594.063962
2820.993996
2396.951054
2884.971756
2763.992973
2372.028371
2997.957357
2446.364612
2227.848215
2065.037128
2066.041850
2838.042583
2951.956093
2815.067291
2293.975682
2492.080734
2432.861783
2650.963305
2357.026525
2882.896686
2265.186941
2531.106982
2437.710162
2278.992078
2675.984689
2208.009940
2048.053579
2424.005680
2494.039395
2231.058174
2560.140860
2488.125520
2398.010951
2552.945530
2564.977948
2567.592206
2409.712147
2541.486765
2413.027624
2195.057154
2295.998976
2148.123699
2826.938548
2146.035400
2107.079785
2260.059548
2314.969956
2371.988725
2740.011538
2416.029314
2323.022040
2174.016012
2811.025063
2587.993774
2716.997189
2295.981287
2286.030582
2437.962663
2826.969169
2289.017477
2374.974597
2406.083099
2522.917453
2313.015755
2021.057133
2895.972397
2632.980343
2526.976219
2005.053116
2004.058599
2421.007441
2306.019557
2505.035630
2930.890393
2374.964251
2222.008535
2183.002789
2326.055455
2748.984884
2864.945581
2211.094373
2620.973145
2942.951385
2358.256200
2813.411681
2875.956690
2948.948014
2134.966204
2612.926311
2462.973012
2220.028130
2860.991878
2877.992796
2652.940656
2808.974357
2516.938384
2384.164853
2119.068276
2709.970826
2003.129260
2575.087030
2754.999852
2196.048051
2933.995204
2905.999517
2480.955615
2782.006859
2833.929497
2270.179831
2349.012443
2085.026101
2110.028155
2946.957031
2023.949308
2599.849886
2664.954371
2468.989271
2489.968423
2587.961459
2416.011793
2591.961778
2201.050009
2698.970061
2282.035062
2984.955102
2527.748989
2466.193312
2722.985424
2652.995169
2883.967042
2353.942131
2615.972448
2816.980006
2226.996529
2840.953931
2000.043240
2858.984401
2507.995444
2349.175151
2726.972750
2764.976920
2871.963103
2318.002230
2566.002811
2951.950633
2517.987916
2479.905435
2251.635160
2556.163756
2609.024510
2792.079504
2051.020963
2408.021246
2439.144900
2990.104497
2781.055050
2339.982582
2591.015016
2847.937453
2989.953561
2926.976579
2332.997361
2152.028141
2726.983967
2070.044882
2106.081154
2588.055831
2304.006572
2192.008350
2154.040024
2152.938297
2710.978118
2556.003398
2437.520359
2994.417922
2005.053137
2129.004874
2431.097054
2073.178058
2558.732545
2414.689175
2451.055497
2100.963995
2365.811267
2827.572012
2881.864502
2287.073952
2230.033171
2590.853205
2485.831126
2097.057401
2533.943107
2161.017702
2342.008840
2597.997332
2786.958094
2603.010399
2922.977567
2035.027246
2907.934491
2594.078189
2820.992664
2396.940173
2884.965480
2763.991411
2372.034681
2997.947874
2446.446401
2227.814110
2065.045378
2066.051151
2838.052056
2951.946334
2815.082291
2293.970235
2492.098681
2432.831018
2650.955151
2357.032416
2882.873711
2265.228566
2531.131048
2437.645544
2278.990317
2675.981286
2208.012149
2048.065487
2424.006931
2494.048167
2231.071169
2560.172241
2488.153444
2398.013370
2552.933424
2564.973047
2567.261869
2409.878261
2541.597534
2413.033724
2195.069856
2295.998748
2148.151225
2826.924874
2146.043272
2107.097531
2260.072789
2314.963272
2371.986222
2740.014102
2416.035829
2323.026938
2174.019549
2811.030647
2587.992391
2716.996565
2295.977121
2286.037385
2437.954362
2826.962314
2289.021361
2374.968949
2406.101594
2522.899066
2313.019256
2021.069830
2895.966264
2632.975970
2526.970933
2005.064920
2004.071623
2421.009094
