2363.000099
2543.000093
2934.000057
2969.000045
2897.000082
2271.000085
2537.000081
2352.000105
2902.000074
2629.000100
2659.000076
2881.000118
2644.000092
2525.000161
2646.000079
2736.000238
2245.000060
2762.000042
2726.000049
2106.000074
2363.000296
2543.000279
2934.000170
2969.000136
2897.000245
2271.000256
2537.000242
2352.000315
2902.000222
2629.000300
2659.000227
2881.000355
2644.000277
2525.000483
2646.000236
2736.000714
2245.000179
2762.000126
2726.000148
2106.000221
2363.000593
2543.000558
2934.000339
2969.000272
2897.000490
2271.000513
2537.000485
2352.000629
2902.000444
2629.000599
2659.000454
2881.000709
2644.000554
2525.000965
2646.000472
2736.001427
2245.000358
2762.000252
2726.000296
2106.000441
2363.000988
2543.000930
2934.000565
2969.000454
2897.000816
2271.000855
2537.000808
2352.001048
2902.000740
2629.000999
2659.000757
2881.001182
2644.000924
2525.001609
2646.000786
2736.002379
2245.000596
2762.000420
2726.000493
2106.000735
2363.001482
2543.001395
2934.000848
2969.000681
2897.001224
2271.001282
2537.001212
2352.001573
2902.001109
2629.001499
2659.001136
2881.001773
2644.001385
2525.002413
2646.001179
2736.003568
2245.000895
2762.000630
2726.000739
2106.001103
2363.002074
2543.001954
2934.001187
2969.000953
2897.001714
2271.001795
2537.001697
2352.002202
2902.001553
2629.002098
2659.001591
2881.002482
2644.001940
2525.003378
2646.001650
2736.004996
2245.001253
2762.000883
2726.001035
2106.001544
2363.002766
2543.002605
2934.001582
2969.001270
2897.002285
2271.002394
2537.002263
2352.002936
2902.002071
2629.002798
2659.002121
2881.003309
2644.002586
2525.004505
2646.002200
2736.006661
2245.001670
2762.001177
2726.001379
2106.002058
2363.003556
2543.003349
2934.002034
2969.001633
2897.002938
2271.003078
2537.002909
2352.003774
2902.002662
2629.003597
2659.002727
2881.004254
2644.003325
2525.005792
2646.002829
2736.008564
2245.002147
2762.001513
2726.001774
2106.002646
2363.004445
2543.004186
2934.002543
2969.002042
2897.003673
2271.003847
2537.003636
2352.004718
2902.003328
2629.004496
2659.003408
2881.005318
2644.004156
2525.007239
2646.003536
2736.010705
2245.002684
2762.001891
2726.002217
2106.003308
2363.005432
2543.005117
2934.003108
2969.002495
2897.004489
2271.004702
2537.004444
2352.005766
2902.004068
2629.005495
2659.004166
2881.006500
2644.005080
2525.008848
2646.004322
2736.013084
2245.003281
2762.002311
2726.002710
2106.004043
2363.006519
2543.006140
2934.003729
2969.002994
2897.005387
2271.005643
2537.005333
2352.006919
2902.004881
2629.006594
2659.004999
2881.007799
2644.006096
2525.010618
2646.005187
2736.015701
2245.003937
2762.002774
2726.003251
2106.004851
2363.007704
2543.007256
2934.004407
2969.003539
2897.006367
2271.006669
2537.006303
2352.008177
2902.005769
2629.007793
2659.005908
2881.009218
2644.007204
2525.012548
2646.006130
2736.018556
2245.004653
2762.003278
2726.003843
2106.005733
2363.008988
2543.008466
2934.005142
2969.004129
2897.007428
2271.007780
2537.007353
2352.009540
2902.006730
2629.009092
2659.006893
2881.010754
2644.008405
2525.014640
2646.007151
2736.021648
2245.005428
2762.003824
2726.004483
2106.006689
2363.010371
2543.009768
2934.005933
2969.004764
2897.008571
2271.008977
2537.008485
2352.011008
2902.007765
2629.010491
2659.007953
2881.012408
2644.009698
2525.016892
2646.008251
2736.024979
2245.006263
2762.004413
2726.005173
2106.007718
2363.011853
2543.011164
2934.006781
2969.005444
2897.009795
2271.010259
2537.009697
2352.012581
2902.008875
2629.011990
2659.009089
2881.014181
2644.011083
2525.019305
2646.009430
2736.028547
2245.007158
2762.005043
2726.005912
2106.008820
2363.013433
2543.012652
2934.007685
2969.006170
2897.011101
2271.011627
2537.010990
2352.014258
2902.010058
2629.013588
2659.010301
2881.016072
2644.012561
2525.021879
2646.010687
2736.032354
2245.008112
2762.005716
2726.006700
2106.009996
2363.015112
2543.014234
2934.008646
2969.006942
2897.012489
2271.013080
2537.012363
2352.016040
2902.011315
2629.015287
2659.011589
2881.018081
2644.014131
2525.024614
2646.012023
2736.036398
2245.009126
2762.006430
2726.007537
2106.011246
2363.016890
2543.015908
2934.009663
2969.007758
2897.013958
2271.014619
2537.013818
2352.017928
2902.012646
2629.017085
2659.012952
2881.020208
2644.015794
2525.027509
2646.013438
2736.040680
2245.010200
2762.007187
2726.008424
2106.012569
2363.018767
2543.017676
2934.010736
2969.008620
2897.015509
2271.016244
2537.015353
2352.019919
2902.014052
2629.018984
2659.014391
2881.022453
2644.017549
2525.030566
2646.014931
2736.045201
2245.011333
2762.007985
2726.009360
2106.013966
2363.020742
2543.019537
2934.011866
2969.009528
2897.017141
2271.017954
2537.016969
2352.022016
2902.015531
2629.020982
2659.015906
2881.024817
2644.019396
2525.033784
2646.016503
2736.049959
2245.012526
2762.008826
2726.010346
2106.015436
2363.022816
2543.021490
2934.013053
2969.010481
2897.018855
2271.019749
2537.018666
2352.024218
2902.017084
2629.023080
2659.017497
2881.027299
2644.021335
2525.037162
2646.018153
2736.054955
2245.013779
2762.009708
2726.011380
2106.016979
2363.024989
2543.023537
2934.014296
2969.011479
2897.020651
2271.021630
2537.020444
2352.026524
2902.018711
2629.025278
2659.019163
2881.029899
2644.023367
2525.040701
2646.019882
2736.060189
2245.015091
2762.010633
2726.012464
2106.018596
2363.027261
2543.025677
2934.015596
2969.012522
2897.022528
2271.023596
2537.022303
2352.028936
2902.020412
2629.027576
2659.020905
2881.032617
2644.025492
2525.044401
2646.021690
2736.065661
2245.016463
2762.011599
2726.013597
2106.020287
2363.029632
2543.027909
2934.016952
2969.013611
2897.024487
2271.025648
2537.024242
2352.031452
2902.022187
2629.029974
2659.022723
2881.035453
2644.027708
2525.048262
2646.023576
2736.071371
2245.017895
2762.012608
2726.014779
2106.022051
2363.032101
2543.030235
2934.018365
2969.014745
2897.026528
2271.027785
2537.026262
2352.034073
2902.024035
2629.032472
2659.024616
2881.038408
2644.030017
2525.052284
2646.025540
2736.077318
2245.019386
2762.013659
2726.016011
2106.023888
2363.034669
2543.032654
2934.019834
2969.015925
2897.028650
2271.030008
2537.028363
2352.036798
2902.025958
2629.035070
2659.026586
2881.041481
2644.032419
2525.056466
2646.027584
2736.083504
2245.020937
2762.014751
2726.017292
2106.025799
2363.037336
2543.035166
2934.021360
2969.017150
2897.030854
2271.032316
2537.030545
2352.039629
2902.027955
2629.037768
2659.028631
2881.044672
2644.034912
2525.060810
2646.029705
2736.089928
2245.022547
2762.015886
2726.018622
2106.027784
2363.040101
2543.037771
2934.022942
2969.018420
2897.033139
2271.034710
2537.032807
2352.042565
2902.030026
2629.040565
2659.030752
2881.047981
2644.037498
2525.065314
2646.031906
2736.096590
2245.024217
2762.017063
2726.020001
2106.029842
2363.042966
2543.040469
2934.024581
2969.019736
2897.035506
2271.037189
2537.035151
2352.045605
2902.032171
2629.043463
2659.032948
2881.051408
2644.040177
2525.069979
2646.034185
2736.103489
2245.025947
2762.018282
2726.021430
2106.031974
2363.045929
2543.043260
2934.026276
2969.021097
2897.037955
2271.039754
2537.037575
2352.048750
2902.034389
2629.046460
2659.035221
2881.054954
2644.042947
2525.074805
2646.036543
2736.110627
2245.027737
2762.019542
2726.022908
2106.034179
2363.048991
2543.046144
2934.028028
2969.022504
2897.040485
2271.042404
2537.040080
2352.052000
2902.036682
2629.049558
2659.037569
2881.058618
2644.045811
2525.079792
2646.038979
2736.118003
2245.029586
2762.020845
2726.024435
2106.036457
2363.052152
2543.049121
2934.029836
2969.023956
2897.043097
2271.045140
2537.042666
2352.055355
2902.039048
2629.052755
2659.039993
2881.062400
2644.048766
2525.084940
2646.041494
2736.125617
2245.031495
2762.022190
2726.026011
2106.038809
2363.055411
2543.052191
2934.031701
2969.025453
2897.045791
2271.047961
2537.045332
2352.058814
2902.041489
2629.056052
2659.042492
2881.066300
2644.051814
2525.090249
2646.044087
2736.133468
2245.033463
2762.023577
2726.027637
2106.041235
2363.058770
2543.055354
2934.033622
2969.026996
2897.048566
2271.050868
2537.048080
2352.062379
2902.044003
2629.059449
2659.045068
2881.070318
2644.054954
2525.095718
2646.046759
2736.141558
2245.035491
2762.025006
2726.029312
2106.043734
2363.062227
2543.058610
2934.035600
2969.028584
2897.051423
2271.053860
2537.050908
2352.066048
2902.046592
2629.062946
2659.047719
2881.074455
2644.058187
2525.101348
2646.049510
2736.149886
2245.037579
2762.026477
2726.031036
2106.046306
2363.065783
2543.061959
2934.037635
2969.030217
2897.054361
2271.056938
2537.053817
2352.069822
2902.049254
2629.066543
2659.050446
2881.078710
2644.061511
2525.107140
2646.052339
2736.158451
2245.039726
2762.027990
2726.032810
2106.048952
2363.069437
2543.065401
2934.039726
2969.031896
2897.057381
2271.060101
2537.056806
2352.073701
2902.051990
2629.070240
2659.053248
2881.083083
2644.064929
2525.113092
2646.055247
2736.167255
2245.041933
2762.029545
2726.034632
2106.051672
2363.073191
2543.068937
2934.041873
2969.033620
2897.060482
2271.063349
2537.059877
2352.077685
2902.054801
2629.074037
2659.056127
2881.087575
2644.068438
2525.119204
2646.058233
2736.176297
2245.044200
2762.031142
2726.036504
2106.054465
2363.077043
2543.072565
2934.044077
2969.035389
2897.063666
2271.066684
2537.063028
2352.081774
2902.057685
2629.077934
2659.059081
2881.092185
2644.072040
2525.125478
2646.061298
2736.185577
2245.046526
2762.032781
2726.038425
2106.057332
2363.080994
2543.076286
2934.046338
2969.037204
2897.066930
2271.070103
2537.066261
2352.085967
2902.060643
2629.081930
2659.062111
2881.096912
2644.075734
2525.131913
2646.064442
2736.195095
2245.048912
2762.034462
2726.040396
2106.060272
2363.085043
2543.080101
2934.048655
2969.039064
2897.070277
2271.073608
2537.069573
2352.090266
2902.063675
2629.086027
2659.065217
2881.101759
2644.079521
2525.138508
2646.067664
2736.204851
2245.051358
2762.036185
2726.042416
2106.063285
2363.089192
2543.084008
2934.051028
2969.040970
2897.073705
2271.077199
2537.072967
2352.094669
2902.066781
2629.090224
2659.068398
2881.106723
2644.083400
2525.145264
2646.070965
2736.214845
2245.053863
2762.037950
2726.044485
2106.066372
2363.093439
2543.088008
2934.053458
2969.042921
2897.077215
2271.080875
2537.076442
2352.099177
2902.069961
2629.094520
2659.071655
2881.111806
2644.087371
2525.152181
2646.074345
2736.225077
2245.056428
2762.039757
2726.046603
2106.069533
2363.097785
2543.092102
2934.055945
2969.044917
2897.080806
2271.084636
2537.079997
2352.103789
2902.073215
2629.098916
2659.074988
2881.117007
2644.091435
2525.159259
2646.077803
2736.235547
2245.059053
2762.041606
2726.048770
2106.072767
2363.102230
2543.096288
2934.058488
2969.046959
2897.084479
2271.088483
2537.083633
2352.108507
2902.076543
2629.103413
2659.078397
2881.122326
2644.095591
2525.166498
2646.081340
2736.246256
2245.061737
2762.043497
2726.050987
2106.076074
2363.106774
2543.100568
2934.061087
2969.049046
2897.088233
2271.092416
2537.087350
2352.113329
2902.079945
2629.108009
2659.081881
2881.127764
2644.099839
2525.173897
2646.084955
2736.257202
2245.064481
2762.045431
2726.053253
2106.079455
2363.111416
2543.104941
2934.063744
2969.051179
2897.092069
2271.096434
2537.091148
2352.118257
2902.083421
2629.112705
2659.085442
2881.133319
2644.104180
2525.181457
2646.088649
2736.268387
2245.067285
2762.047406
2726.055568
2106.082910
2363.116157
2543.109406
2934.066456
2969.053356
2897.095987
2271.100537
2537.095026
2352.123289
2902.086971
2629.117501
2659.089078
2881.138993
2644.108612
2525.189178
2646.092422
2736.279809
2245.070148
2762.049423
2726.057933
2106.086438
2363.120997
2543.113965
2934.069226
2969.055580
2897.099986
2271.104726
2537.098986
2352.128426
2902.090594
2629.122397
2659.092790
2881.144786
2644.113138
2525.197060
2646.096273
2736.291470
2245.073071
2762.051482
2726.060347
2106.090039
2363.125936
2543.118617
2934.072051
2969.057848
2897.104067
2271.109000
2537.103026
2352.133668
2902.094292
2629.127393
2659.096577
2881.150697
2644.117755
2525.205103
2646.100203
2736.303369
2245.076053
2762.053584
2726.062810
2106.093714
2363.130974
2543.123361
2934.074934
2969.060162
2897.108230
2271.113360
2537.107146
2352.139014
2902.098064
2629.132489
2659.100441
2881.156725
2644.122465
2525.213307
2646.104211
2736.315506
2245.079096
2762.055727
2726.065322
2106.097462
2363.136110
2543.128199
2934.077873
2969.062522
2897.112474
2271.117805
2537.111348
2352.144465
2902.101909
2629.137685
2659.104380
2881.162873
2644.127268
2525.221671
2646.108298
2736.327882
2245.082198
2762.057912
2726.067883
2106.101284
2363.141345
2543.133130
2934.080868
2969.064926
2897.116800
2271.122336
2537.115631
2352.150022
2902.105829
2629.142980
2659.108395
2881.169138
2644.132162
2525.230196
2646.112464
2736.340495
2245.085359
2762.060140
2726.070494
2106.105180
2363.146679
2543.138154
2934.083920
2969.067376
2897.121207
2271.126952
2537.119994
2352.155683
2902.109822
2629.148376
2659.112485
2881.175522
2644.137149
2525.238882
2646.116708
2736.353347
2245.088580
2762.062409
2726.073154
2106.109149
2363.152112
2543.143271
2934.087028
2969.069872
2897.125696
2271.131654
2537.124438
2352.161449
2902.113890
2629.153872
2659.116652
2881.182024
2644.142229
2525.247729
2646.121031
2736.366437
2245.091861
2762.064721
2726.075864
2106.113191
2363.157643
2543.148481
2934.090193
2969.072413
2897.130266
2271.136441
2537.128963
2352.167319
2902.118031
2629.159467
2659.120894
2881.188645
2644.147400
2525.256737
2646.125433
2736.379765
2245.095202
2762.067074
2726.078622
2106.117307
2363.163274
2543.153784
2934.093415
2969.074999
2897.134919
2271.141314
2537.133568
2352.173295
2902.122246
2629.165163
2659.125212
2881.195384
2644.152664
2525.265905
2646.129913
2736.393331
2245.098602
2762.069469
2726.081430
2106.121496
2363.169003
2543.159180
2934.096693
2969.077630
2897.139652
2271.146272
2537.138254
2352.179375
2902.126535
2629.170958
2659.129606
2881.202241
2644.158020
2525.275234
2646.134472
2736.407136
2245.102062
2762.071907
2726.084287
2106.125759
2363.174830
2543.164669
2934.100028
2969.080307
2897.144468
2271.151316
2537.143022
2352.185560
2902.130899
2629.176853
2659.134075
2881.209216
2644.163469
2525.284724
2646.139109
2736.421179
2245.105581
2762.074387
2726.087193
2106.130096
2363.180757
2543.170251
2934.103419
2969.083030
2897.149365
2271.156445
2537.147870
2352.191850
2902.135336
2629.182849
2659.138621
2881.216310
2644.169010
2525.294375
2646.143826
2736.435460
2245.109160
2762.076908
2726.090149
2106.134505
2363.186782
2543.175926
2934.106867
2969.085797
2897.154343
2271.161659
2537.152798
2352.198245
2902.139847
2629.188944
2659.143242
2881.223522
2644.174643
2525.304187
2646.148620
2736.449979
2245.112799
2762.079472
2726.093153
2106.138989
2363.192907
2543.181695
2934.110371
2969.088611
2897.159403
2271.166959
2537.157808
2352.204745
2902.144432
2629.195139
2659.147939
2881.230853
2644.180369
2525.314159
2646.153494
2736.464737
2245.116497
2762.082077
2726.096207
2106.143546
2363.199130
2543.187556
2934.113932
2969.091469
2897.164545
2271.172345
2537.162898
2352.211349
2902.149091
2629.201434
2659.152712
2881.238302
2644.186187
2525.324292
2646.158446
2736.479733
2245.120256
2762.084725
2726.099311
2106.148176
2363.205451
2543.193510
2934.117549
2969.094373
2897.169768
2271.177816
2537.168069
2352.218059
2902.153824
2629.207829
2659.157560
2881.245869
2644.192097
2525.334586
2646.163477
2736.494967
2245.124073
2762.087415
2726.102463
2106.152880
2363.211872
2543.199558
2934.121223
2969.097322
2897.175073
2271.183372
2537.173321
2352.224873
2902.158631
2629.214324
2659.162484
2881.253555
2644.198099
2525.345041
2646.168586
2736.510440
2245.127951
2762.090146
2726.105665
2106.157657
2363.218391
2543.205698
2934.124953
2969.100317
2897.180460
2271.189014
2537.178653
2352.231792
2902.163512
2629.220919
2659.167484
2881.261359
2644.204194
2525.355656
2646.173774
2736.526151
2245.131888
2762.092920
2726.108916
2106.162508
2363.225010
2543.211931
2934.128740
2969.103357
2897.185928
2271.194741
2537.184067
2352.238815
2902.168466
2629.227614
2659.172560
2881.269281
2644.210381
2525.366432
2646.179041
2736.542100
2245.135885
2762.095736
2726.112216
2106.167432
2363.231727
2543.218258
2934.132584
2969.106442
2897.191477
2271.200554
2537.189561
2352.245944
2902.173495
2629.234408
2659.177712
2881.277322
2644.216661
2525.377369
2646.184386
2736.558288
2245.139941
2762.098593
2726.115565
2106.172430
2363.238542
2543.224678
2934.136484
2969.109573
2897.197109
2271.206452
2537.195136
2352.253177
2902.178598
2629.241303
2659.182940
2881.285482
2644.223033
2525.388467
2646.189810
2736.574714
2245.144057
2762.101493
2726.118964
2106.177501
2363.245457
2543.231190
2934.140441
2969.112749
2897.202821
2271.212436
2537.200792
2352.260515
2902.183774
2629.248298
2659.188243
2881.293759
2644.229497
2525.399726
2646.195313
2736.591379
2245.148233
2762.104435
2726.122412
2106.182645
2363.252470
2543.237796
2934.144454
2969.115970
2897.208616
2271.218505
2537.206528
2352.267958
2902.189025
2629.255392
2659.193622
2881.302155
2644.236053
2525.411145
2646.200894
2736.608282
2245.152468
2762.107419
2726.125909
2106.187864
2363.259582
2543.244495
2934.148524
2969.119237
2897.214492
2271.224659
2537.212345
2352.275506
2902.194349
2629.262587
2659.199077
2881.310670
2644.242702
2525.422725
2646.206554
2736.625423
2245.156763
2762.110445
2726.129455
2106.193155
2363.266793
2543.251286
2934.152650
2969.122549
2897.220450
2271.230899
2537.218243
2352.283159
2902.199748
2629.269881
2659.204608
2881.319303
2644.249443
2525.434466
2646.212293
2736.642803
2245.161118
2762.113513
2726.133051
2106.198520
2363.274103
2543.258171
2934.156833
2969.125907
2897.226489
2271.237225
2537.224222
2352.290916
2902.205220
2629.277276
2659.210214
2881.328054
2644.256276
2525.446367
2646.218110
2736.660421
2245.165532
2762.116623
2726.136696
2106.203959
2363.281511
2543.265149
2934.161073
2969.129310
2897.232609
2271.243636
2537.230281
2352.298778
2902.210766
2629.284770
2659.215896
2881.336924
2644.263202
2525.458429
2646.224006
2736.678278
2245.170006
2762.119774
2726.140390
2106.209471
2363.289019
2543.272220
2934.165369
2969.132759
2897.238812
2271.250132
2537.236422
2352.306745
2902.216387
2629.292364
2659.221655
2881.345912
2644.270220
2525.470652
2646.229980
2736.696374
2245.174540
2762.122968
2726.144133
2106.215056
2363.296625
2543.279384
2934.169722
2969.136252
2897.245096
2271.256714
2537.242643
2352.314817
2902.222081
2629.300059
2659.227488
2881.355019
2644.277330
2525.483036
2646.236034
2736.714707
2245.179134
2762.126204
2726.147926
2106.220715
2363.304330
2543.286641
2934.174131
2969.139791
2897.251461
2271.263381
2537.248945
2352.322994
2902.227849
2629.307853
2659.233398
2881.364244
2644.284532
2525.495580
2646.242166
2736.733280
2245.183787
2762.129482
2726.151768
2106.226448
2363.312134
2543.293991
2934.178597
2969.143376
2897.257908
2271.270134
2537.255327
2352.331275
2902.233691
2629.315747
2659.239384
2881.373588
2644.291827
2525.508286
2646.248376
2736.752091
2245.188499
2762.132802
2726.155659
2106.232254
2363.320036
2543.301434
2934.183119
2969.147006
2897.264437
2271.276972
2537.261791
2352.339662
2902.239607
2629.323741
2659.245445
2881.383050
2644.299214
2525.521151
2646.254666
2736.771140
2245.193272
2762.136164
2726.159599
2106.238133
2363.328037
2543.308970
2934.187698
2969.150681
2897.271047
2271.283895
2537.268335
2352.348153
2902.245597
2629.331835
2659.251582
2881.392630
2644.306693
2525.534178
2646.261034
2736.790428
2245.198104
2762.139569
2726.163589
2106.244086
2363.336138
2543.316600
2934.192334
2969.154402
2897.277739
2271.290904
2537.274960
2352.356749
2902.251661
2629.340029
2659.257795
2881.402329
2644.314265
2525.547365
2646.267481
2736.809955
2245.202996
2762.143015
2726.167627
2106.250112
2363.344336
2543.324322
2934.197026
2969.158168
2897.284512
2271.297999
2537.281665
2352.365449
2902.257799
2629.348323
2659.264084
2881.412147
2644.321929
2525.560713
2646.274006
2736.829720
2245.207947
2762.146503
2726.171715
2106.256212
2363.352634
2543.332137
2934.201775
2969.161979
2897.291367
2271.305179
2537.288452
2352.374255
2902.264010
2629.356717
2659.270449
2881.422083
2644.329685
2525.574222
2646.280610
2736.849724
2245.212958
2762.150033
2726.175852
2106.262385
2363.361031
2543.340046
2934.206580
2969.165836
2897.298304
2271.312444
2537.295319
2352.383165
2902.270296
2629.365211
2659.276889
2881.432138
2644.337534
2525.587891
2646.287293
2736.869967
2245.218029
2762.153605
2726.180039
2106.268632
2363.369526
2543.348047
2934.211442
2969.169738
2897.305322
2271.319795
2537.302267
2352.392180
2902.276656
2629.373805
2659.283406
2881.442311
2644.345475
2525.601722
2646.294054
2736.890448
2245.223159
2762.157219
2726.184275
2106.274952
2363.378120
2543.356142
2934.216361
2969.173686
2897.312422
2271.327231
2537.309295
2352.401300
2902.283089
2629.382499
2659.289998
2881.452603
2644.353508
2525.615712
2646.300895
2736.911168
2245.228349
2762.160875
2726.188559
2106.281346
2363.386813
2543.364330
2934.221336
2969.177679
2897.319603
2271.334753
2537.316405
2352.410525
2902.289597
2629.391292
2659.296666
2881.463013
2644.361633
2525.629864
2646.307813
2736.932126
2245.233599
2762.164574
2726.192893
2106.287813
2363.395605
2543.372610
2934.226367
2969.181717
2897.326866
2271.342360
2537.323595
2352.419854
2902.296178
2629.400186
2659.303410
2881.473542
2644.369851
2525.644176
2646.314811
2736.953324
2245.238908
2762.168314
2726.197277
2106.294354
2363.404496
2543.380984
2934.231456
2969.185801
2897.334210
2271.350052
2537.330866
2352.429288
2902.302834
2629.409180
2659.310229
2881.484189
2644.378161
2525.658649
2646.321887
2736.974760
2245.244278
2762.172096
2726.201709
2106.300968
2363.413485
2543.389451
2934.236601
2969.189930
2897.341636
2271.357830
2537.338217
2352.438827
2902.309563
2629.418273
2659.317125
2881.494955
2644.386563
2525.673282
2646.329042
2736.996435
2245.249706
2762.175921
2726.206191
2106.307656
2363.422573
2543.398011
2934.241802
2969.194104
2897.349143
2271.365694
2537.345650
2352.448471
2902.316366
2629.427467
2659.324096
2881.505840
2644.395057
2525.688077
2646.336276
2737.018348
2245.255195
2762.179787
2726.210722
2106.314417
2363.431760
2543.406664
2934.247060
2969.198324
2897.356733
2271.373642
2537.353163
2352.458220
2902.323243
2629.436761
2659.331144
2881.516843
2644.403644
2525.703032
2646.343589
2737.040501
2245.260743
2762.183695
2726.215302
2106.321251
2363.441046
2543.415410
2934.252375
2969.202590
2897.364403
2271.381677
2537.360757
2352.468073
2902.330194
2629.446154
2659.338267
2881.527964
2644.412323
2525.718147
2646.350980
2737.062892
2245.266351
2762.187646
2726.219932
2106.328159
2363.450431
2543.424249
2934.257746
2969.206900
2897.372155
2271.389796
2537.368431
2352.478032
2902.337219
2629.455648
2659.345465
2881.539205
2644.421094
2525.733423
2646.358450
2737.085522
2245.272018
2762.191638
2726.224610
2106.335140
2363.459914
2543.433181
2934.263174
2969.211256
2897.379989
2271.398001
2537.376187
2352.488095
2902.344318
2629.465241
2659.352740
2881.550564
2644.429958
2525.748860
2646.365998
2737.108391
2245.277745
2762.195672
2726.229338
2106.342195
2363.469496
2543.442206
2934.268659
2969.215658
2897.387904
2271.406292
2537.384023
2352.498263
2902.351491
2629.474935
2659.360091
2881.562041
2644.438913
2525.764458
2646.373626
2737.131499
2245.283532
2762.199749
2726.234115
2106.349324
2363.479177
2543.451324
2934.274200
2969.220105
2897.395901
2271.414667
2537.391939
2352.508535
2902.358738
2629.484728
2659.367517
2881.573637
2644.447962
2525.780216
2646.381332
2737.154846
2245.289379
2762.203867
2726.238941
2106.356525
2363.488957
2543.460536
2934.279798
2969.224597
2897.403979
2271.423129
2537.399937
2352.518913
2902.366059
2629.494622
2659.375020
2881.585352
2644.457102
2525.796134
2646.389117
2737.178431
2245.295285
2762.208028
2726.243817
2106.363800
2363.498836
2543.469840
2934.285452
2969.229134
2897.412139
2271.431675
2537.408015
2352.529395
2902.373454
2629.504615
2659.382598
2881.597186
2644.466334
2525.812214
2646.396980
2737.202256
2245.301251
2762.212230
2726.248742
2106.371149
