2038.000831
2836.999956
2587.998834
2958.999125
2071.001657
2640.998840
2580.996297
2705.001174
2223.999565
2968.999036
2214.000000
2706.000000
2983.000000
2404.000000
2107.000000
2679.000000
2223.000000
2421.000000
2737.000000
2721.000000
2280.000000
2759.000000
2911.000000
2348.000000
2344.000000
2419.000000
2499.000000
2353.000000
2766.000000
2929.000000
2835.000000
2495.000000
2108.000000
2479.000000
2130.000000
2938.000000
2574.000000
2162.000000
2467.000000
2251.000000
2449.000000
2883.000000
2269.000000
2794.000000
2400.000000
2138.000000
2172.000000
2990.000000
2001.000000
2108.000000
2151.000000
2944.000000
2360.000000
2052.000000
2973.000000
2534.000000
2265.000000
2460.000000
2331.000000
2928.000000
2118.000000
2377.000000
2665.000000
2998.000000
2911.000000
2750.000000
2929.000000
2274.000000
2300.000000
2627.000000
2952.000000
2131.000000
2452.000000
2491.000000
2430.000000
2816.000000
2699.000000
2081.000000
2482.000000
2765.000000
2165.000000
2883.000000
2083.000000
2548.000000
2147.000000
2460.000000
2350.000000
2389.000000
2543.000000
2042.000000
2197.000000
2346.000000
2794.000000
2798.000000
2444.000000
2581.000000
2979.000000
2632.000000
2975.000000
2115.000000
2899.000000
2632.000000
2553.000000
2715.000000
2557.000000
2862.000000
2311.000000
2213.000000
2692.000000
2108.000000
2701.000000
2657.000000
2840.000000
2452.000000
2823.000000
2248.000000
2269.000000
2579.000000
2501.000000
2555.000000
2498.000000
2806.000000
2027.000000
2711.000000
2808.000000
2268.000000
2049.000000
2932.000000
2031.000000
2976.000000
2408.000000
2677.000000
2483.000000
2870.000000
2708.000000
2693.000000
2515.000000
2314.000000
2954.000000
2816.000000
2860.000000
2314.000000
2046.000000
2693.000000
2299.000000
2501.000000
2766.000000
2902.000000
2799.000000
2286.000000
2940.000000
2046.000000
2442.000000
2529.000000
2397.000000
2589.000000
2951.000000
2104.000000
2085.000000
2410.000000
2126.000000
2270.000000
2974.000000
2316.000000
2533.000000
2967.000000
2712.000000
2086.000000
2176.000000
2885.000000
2616.000000
2177.000000
2085.000000
2619.000000
2425.000000
2016.000000
2809.000000
2968.000000
2156.000000
2053.000000
2671.000000
2532.000000
2501.000000
2506.000000
2376.000000
2039.000000
2752.000000
2103.000000
2735.000000
2631.000000
2652.000000
2599.000000
2967.000000
2685.000000
2163.000000
2462.000000
2597.000000
2271.000000
2487.000000
2780.000000
2038.002493
2836.999867
2587.996503
2958.997374
2071.004970
2640.996521
2580.988890
2705.003521
2223.998696
2968.997108
2214.000000
2706.000000
2983.000000
2404.000000
2107.000000
2679.000000
2223.000000
2421.000000
2737.000000
2721.000000
2280.000000
2759.000000
2911.000000
2348.000000
2344.000000
2419.000000
2499.000000
2353.000000
2766.000000
2929.000000
2835.000000
2495.000000
2108.000000
2479.000000
2130.000000
2938.000000
2574.000000
2162.000000
2467.000000
2251.000000
2449.000000
2883.000000
2269.000000
2794.000000
2400.000000
2138.000000
2172.000000
2990.000000
2001.000000
2108.000000
2151.000000
2944.000000
2360.000000
2052.000000
2973.000000
2534.000000
2265.000000
2460.000000
2331.000000
2928.000000
2118.000000
2377.000000
2665.000000
2998.000000
2911.000000
2750.000000
2929.000000
2274.000000
2300.000000
2627.000000
2952.000000
2131.000000
2452.000000
2491.000000
2430.000000
2816.000000
2699.000000
2081.000000
2482.000000
2765.000000
2165.000000
2883.000000
2083.000000
2548.000000
2147.000000
2460.000000
2350.000000
2389.000000
2543.000000
2042.000000
2197.000000
2346.000000
2794.000000
2798.000000
2444.000000
2581.000000
2979.000000
2632.000000
2975.000000
2115.000000
2899.000000
2632.000000
2553.000000
2715.000000
2557.000000
2862.000000
2311.000000
2213.000000
2692.000000
2108.000000
2701.000000
2657.000000
2840.000000
2452.000000
2823.000000
2248.000000
2269.000000
2579.000000
2501.000000
2555.000000
2498.000000
2806.000000
2027.000000
2711.000000
2808.000000
2268.000000
2049.000000
2932.000000
2031.000000
2976.000000
2408.000000
2677.000000
2483.000000
2870.000000
2708.000000
2693.000000
2515.000000
2314.000000
2954.000000
2816.000000
2860.000000
2314.000000
2046.000000
2693.000000
2299.000000
2501.000000
2766.000000
2902.000000
2799.000000
2286.000000
2940.000000
2046.000000
2442.000000
2529.000000
2397.000000
2589.000000
2951.000000
2104.000000
2085.000000
2410.000000
2126.000000
2270.000000
2974.000000
2316.000000
2533.000000
2967.000000
2712.000000
2086.000000
2176.000000
2885.000000
2616.000000
2177.000000
2085.000000
2619.000000
2425.000000
2016.000000
2809.000000
2968.000000
2156.000000
2053.000000
2671.000000
2532.000000
2501.000000
2506.000000
2376.000000
2039.000000
2752.000000
2103.000000
2735.000000
2631.000000
2652.000000
2599.000000
2967.000000
2685.000000
2163.000000
2462.000000
2597.000000
2271.000000
2487.000000
2780.000000
2038.004987
2836.999735
2587.993007
2958.994749
2071.009941
2640.993040
2580.977777
2705.007044
2223.997392
2968.994216
2214.000000
2706.000000
2983.000000
2404.000000
2107.000000
2679.000000
2223.000000
2421.000000
2737.000000
2721.000000
2280.000000
2759.000000
2911.000000
2348.000000
2344.000000
2419.000000
2499.000000
2353.000000
2766.000000
2929.000000
2835.000000
2495.000000
2108.000000
2479.000000
2130.000000
2938.000000
2574.000000
2162.000000
2467.000000
2251.000000
2449.000000
2883.000000
2269.000000
2794.000000
2400.000000
2138.000000
2172.000000
2990.000000
2001.000000
2108.000000
2151.000000
2944.000000
2360.000000
2052.000000
2973.000000
2534.000000
2265.000000
2460.000000
2331.000000
2928.000000
2118.000000
2377.000000
2665.000000
2998.000000
2911.000000
2750.000000
2929.000000
2274.000000
2300.000000
2627.000000
2952.000000
2131.000000
2452.000000
2491.000000
2430.000000
2816.000000
2699.000000
2081.000000
2482.000000
2765.000000
2165.000000
2883.000000
2083.000000
2548.000000
2147.000000
2460.000000
2350.000000
2389.000000
2543.000000
2042.000000
2197.000000
2346.000000
2794.000000
2798.000000
2444.000000
2581.000000
2979.000000
2632.000000
2975.000000
2115.000000
2899.000000
2632.000000
2553.000000
2715.000000
2557.000000
2862.000000
2311.000000
2213.000000
2692.000000
2108.000000
2701.000000
2657.000000
2840.000000
2452.000000
2823.000000
2248.000000
2269.000000
2579.000000
2501.000000
2555.000000
2498.000000
2806.000000
2027.000000
2711.000000
2808.000000
2268.000000
2049.000000
2932.000000
2031.000000
2976.000000
2408.000000
2677.000000
2483.000000
2870.000000
2708.000000
2693.000000
2515.000000
2314.000000
2954.000000
2816.000000
2860.000000
2314.000000
2046.000000
2693.000000
2299.000000
2501.000000
2766.000000
2902.000000
2799.000000
2286.000000
2940.000000
2046.000000
2442.000000
2529.000000
2397.000000
2589.000000
2951.000000
2104.000000
2085.000000
2410.000000
2126.000000
2270.000000
2974.000000
2316.000000
2533.000000
2967.000000
2712.000000
2086.000000
2176.000000
2885.000000
2616.000000
2177.000000
2085.000000
2619.000000
2425.000000
2016.000000
2809.000000
2968.000000
2156.000000
2053.000000
2671.000000
2532.000000
2501.000000
2506.000000
2376.000000
2039.000000
2752.000000
2103.000000
2735.000000
2631.000000
2652.000000
2599.000000
2967.000000
2685.000000
2163.000000
2462.000000
2597.000000
2271.000000
2487.000000
2780.000000
2038.008312
2836.999558
2587.988344
2958.991248
2071.016569
2640.988398
2580.962955
2705.011742
2223.995653
2968.990360
2214.000000
2706.000000
2983.000000
2404.000000
2107.000000
2679.000000
2223.000000
2421.000000
2737.000000
2721.000000
2280.000000
2759.000000
2911.000000
2348.000000
2344.000000
2419.000000
2499.000000
2353.000000
2766.000000
2929.000000
2835.000000
2495.000000
2108.000000
2479.000000
2130.000000
2938.000000
2574.000000
2162.000000
2467.000000
2251.000000
2449.000000
2883.000000
2269.000000
2794.000000
2400.000000
2138.000000
2172.000000
2990.000000
2001.000000
2108.000000
2151.000000
2944.000000
2360.000000
2052.000000
2973.000000
2534.000000
2265.000000
2460.000000
2331.000000
2928.000000
2118.000000
2377.000000
2665.000000
2998.000000
2911.000000
2750.000000
2929.000000
2274.000000
2300.000000
2627.000000
2952.000000
2131.000000
2452.000000
2491.000000
2430.000000
2816.000000
2699.000000
2081.000000
2482.000000
2765.000000
2165.000000
2883.000000
2083.000000
2548.000000
2147.000000
2460.000000
2350.000000
2389.000000
2543.000000
2042.000000
2197.000000
2346.000000
2794.000000
2798.000000
2444.000000
2581.000000
2979.000000
2632.000000
2975.000000
2115.000000
2899.000000
2632.000000
2553.000000
2715.000000
2557.000000
2862.000000
2311.000000
2213.000000
2692.000000
2108.000000
2701.000000
2657.000000
2840.000000
2452.000000
2823.000000
2248.000000
2269.000000
2579.000000
2501.000000
2555.000000
2498.000000
2806.000000
2027.000000
2711.000000
2808.000000
2268.000000
2049.000000
2932.000000
2031.000000
2976.000000
2408.000000
2677.000000
2483.000000
2870.000000
2708.000000
2693.000000
2515.000000
2314.000000
2954.000000
2816.000000
2860.000000
2314.000000
2046.000000
2693.000000
2299.000000
2501.000000
2766.000000
2902.000000
2799.000000
2286.000000
2940.000000
2046.000000
2442.000000
2529.000000
2397.000000
2589.000000
2951.000000
2104.000000
2085.000000
2410.000000
2126.000000
2270.000000
2974.000000
2316.000000
2533.000000
2967.000000
2712.000000
2086.000000
2176.000000
2885.000000
2616.000000
2177.000000
2085.000000
2619.000000
2425.000000
2016.000000
2809.000000
2968.000000
2156.000000
2053.000000
2671.000000
2532.000000
2501.000000
2506.000000
2376.000000
2039.000000
2752.000000
2103.000000
2735.000000
2631.000000
2652.000000
2599.000000
2967.000000
2685.000000
2163.000000
2462.000000
2597.000000
2271.000000
2487.000000
2780.000000
2038.012467
2836.999337
2587.982515
2958.986873
2071.024856
2640.982592
2580.944421
2705.017618
2223.993479
2968.985540
2214.000000
2706.000000
2983.000000
2404.000000
2107.000000
2679.000000
2223.000000
2421.000000
2737.000000
2721.000000
2280.000000
2759.000000
2911.000000
2348.000000
2344.000000
2419.000000
2499.000000
2353.000000
2766.000000
2929.000000
2835.000000
2495.000000
2108.000000
2479.000000
2130.000000
2938.000000
2574.000000
2162.000000
2467.000000
2251.000000
2449.000000
2883.000000
2269.000000
2794.000000
2400.000000
2138.000000
2172.000000
2990.000000
2001.000000
2108.000000
2151.000000
2944.000000
2360.000000
2052.000000
2973.000000
2534.000000
2265.000000
2460.000000
2331.000000
2928.000000
2118.000000
2377.000000
2665.000000
2998.000000
2911.000000
2750.000000
2929.000000
2274.000000
2300.000000
2627.000000
2952.000000
2131.000000
2452.000000
2491.000000
2430.000000
2816.000000
2699.000000
2081.000000
2482.000000
2765.000000
2165.000000
2883.000000
2083.000000
2548.000000
2147.000000
2460.000000
2350.000000
2389.000000
2543.000000
2042.000000
2197.000000
2346.000000
2794.000000
2798.000000
2444.000000
2581.000000
2979.000000
2632.000000
2975.000000
2115.000000
2899.000000
2632.000000
2553.000000
2715.000000
2557.000000
2862.000000
2311.000000
2213.000000
2692.000000
2108.000000
2701.000000
2657.000000
2840.000000
2452.000000
2823.000000
2248.000000
2269.000000
2579.000000
2501.000000
2555.000000
2498.000000
2806.000000
2027.000000
2711.000000
2808.000000
2268.000000
2049.000000
2932.000000
2031.000000
2976.000000
2408.000000
2677.000000
2483.000000
2870.000000
2708.000000
2693.000000
2515.000000
2314.000000
2954.000000
2816.000000
2860.000000
2314.000000
2046.000000
2693.000000
2299.000000
2501.000000
2766.000000
2902.000000
2799.000000
2286.000000
2940.000000
2046.000000
2442.000000
2529.000000
2397.000000
2589.000000
2951.000000
2104.000000
2085.000000
2410.000000
2126.000000
2270.000000
2974.000000
2316.000000
2533.000000
2967.000000
2712.000000
2086.000000
2176.000000
2885.000000
2616.000000
2177.000000
2085.000000
2619.000000
2425.000000
2016.000000
2809.000000
2968.000000
2156.000000
2053.000000
2671.000000
2532.000000
2501.000000
2506.000000
2376.000000
2039.000000
2752.000000
2103.000000
2735.000000
2631.000000
2652.000000
2599.000000
2967.000000
2685.000000
2163.000000
2462.000000
2597.000000
2271.000000
2487.000000
2780.000000
2038.017454
2836.999072
2587.975521
2958.981622
2071.034801
2640.975621
2580.922169
2705.024673
2223.990870
2968.979756
2214.000000
2706.000000
2983.000000
2404.000000
2107.000000
2679.000000
2223.000000
2421.000000
2737.000000
2721.000000
2280.000000
2759.000000
2911.000000
2348.000000
2344.000000
2419.000000
2499.000000
2353.000000
2766.000000
2929.000000
2835.000000
2495.000000
2108.000000
2479.000000
2130.000000
2938.000000
2574.000000
2162.000000
2467.000000
2251.000000
2449.000000
2883.000000
2269.000000
2794.000000
2400.000000
2138.000000
2172.000000
2990.000000
2001.000000
2108.000000
2151.000000
2944.000000
2360.000000
2052.000000
2973.000000
2534.000000
2265.000000
2460.000000
2331.000000
2928.000000
2118.000000
2377.000000
2665.000000
2998.000000
2911.000000
2750.000000
2929.000000
2274.000000
2300.000000
2627.000000
2952.000000
2131.000000
2452.000000
2491.000000
2430.000000
2816.000000
2699.000000
2081.000000
2482.000000
2765.000000
2165.000000
2883.000000
2083.000000
2548.000000
2147.000000
2460.000000
2350.000000
2389.000000
2543.000000
2042.000000
2197.000000
2346.000000
2794.000000
2798.000000
2444.000000
2581.000000
2979.000000
2632.000000
2975.000000
2115.000000
2899.000000
2632.000000
2553.000000
2715.000000
2557.000000
2862.000000
2311.000000
2213.000000
2692.000000
2108.000000
2701.000000
2657.000000
2840.000000
2452.000000
2823.000000
2248.000000
2269.000000
2579.000000
2501.000000
2555.000000
2498.000000
2806.000000
2027.000000
2711.000000
2808.000000
2268.000000
2049.000000
2932.000000
2031.000000
2976.000000
2408.000000
2677.000000
2483.000000
2870.000000
2708.000000
2693.000000
2515.000000
2314.000000
2954.000000
2816.000000
2860.000000
2314.000000
2046.000000
2693.000000
2299.000000
2501.000000
2766.000000
2902.000000
2799.000000
2286.000000
2940.000000
2046.000000
2442.000000
2529.000000
2397.000000
2589.000000
2951.000000
2104.000000
2085.000000
2410.000000
2126.000000
2270.000000
2974.000000
2316.000000
2533.000000
2967.000000
2712.000000
2086.000000
2176.000000
2885.000000
2616.000000
2177.000000
2085.000000
2619.000000
2425.000000
2016.000000
2809.000000
2968.000000
2156.000000
2053.000000
2671.000000
2532.000000
2501.000000
2506.000000
2376.000000
2039.000000
2752.000000
2103.000000
2735.000000
2631.000000
2652.000000
2599.000000
2967.000000
2685.000000
2163.000000
2462.000000
2597.000000
2271.000000
2487.000000
2780.000000
2038.023272
2836.998762
2587.967359
2958.975496
2071.046406
2640.967482
2580.896194
2705.032910
2223.987827
2968.973008
2214.000000
2706.000000
2983.000000
2404.000000
2107.000000
2679.000000
2223.000000
2421.000000
2737.000000
2721.000000
2280.000000
2759.000000
2911.000000
2348.000000
2344.000000
2419.000000
2499.000000
2353.000000
2766.000000
2929.000000
2835.000000
2495.000000
2108.000000
2479.000000
2130.000000
2938.000000
2574.000000
2162.000000
2467.000000
2251.000000
2449.000000
2883.000000
2269.000000
2794.000000
2400.000000
2138.000000
2172.000000
2990.000000
2001.000000
2108.000000
2151.000000
2944.000000
2360.000000
2052.000000
2973.000000
2534.000000
2265.000000
2460.000000
2331.000000
2928.000000
2118.000000
2377.000000
2665.000000
2998.000000
2911.000000
2750.000000
2929.000000
2274.000000
2300.000000
2627.000000
2952.000000
2131.000000
2452.000000
2491.000000
2430.000000
2816.000000
2699.000000
2081.000000
2482.000000
2765.000000
2165.000000
2883.000000
2083.000000
2548.000000
2147.000000
2460.000000
2350.000000
2389.000000
2543.000000
2042.000000
2197.000000
2346.000000
2794.000000
2798.000000
2444.000000
2581.000000
2979.000000
2632.000000
2975.000000
2115.000000
2899.000000
2632.000000
2553.000000
2715.000000
2557.000000
2862.000000
2311.000000
2213.000000
2692.000000
2108.000000
2701.000000
2657.000000
2840.000000
2452.000000
2823.000000
2248.000000
2269.000000
2579.000000
2501.000000
2555.000000
2498.000000
2806.000000
2027.000000
2711.000000
2808.000000
2268.000000
2049.000000
2932.000000
2031.000000
2976.000000
2408.000000
2677.000000
2483.000000
2870.000000
2708.000000
2693.000000
2515.000000
2314.000000
2954.000000
2816.000000
2860.000000
2314.000000
2046.000000
2693.000000
2299.000000
2501.000000
2766.000000
2902.000000
2799.000000
2286.000000
2940.000000
2046.000000
2442.000000
2529.000000
2397.000000
2589.000000
2951.000000
2104.000000
2085.000000
2410.000000
2126.000000
2270.000000
2974.000000
2316.000000
2533.000000
2967.000000
2712.000000
2086.000000
2176.000000
2885.000000
2616.000000
2177.000000
2085.000000
2619.000000
2425.000000
2016.000000
2809.000000
2968.000000
2156.000000
2053.000000
2671.000000
2532.000000
2501.000000
2506.000000
2376.000000
2039.000000
2752.000000
2103.000000
2735.000000
2631.000000
2652.000000
2599.000000
2967.000000
2685.000000
2163.000000
2462.000000
2597.000000
2271.000000
2487.000000
2780.000000
2038.029921
2836.998409
2587.958031
2958.968496
2071.059671
2640.958172
2580.866489
2705.042331
2223.984349
2968.965295
2214.000000
2706.000000
2983.000000
2404.000000
2107.000000
2679.000000
2223.000000
2421.000000
2737.000000
2721.000000
2280.000000
2759.000000
2911.000000
2348.000000
2344.000000
2419.000000
2499.000000
2353.000000
2766.000000
2929.000000
2835.000000
2495.000000
2108.000000
2479.000000
2130.000000
2938.000000
2574.000000
2162.000000
2467.000000
2251.000000
2449.000000
2883.000000
2269.000000
2794.000000
2400.000000
2138.000000
2172.000000
2990.000000
2001.000000
2108.000000
2151.000000
2944.000000
2360.000000
2052.000000
2973.000000
2534.000000
2265.000000
2460.000000
2331.000000
2928.000000
2118.000000
2377.000000
2665.000000
2998.000000
2911.000000
2750.000000
2929.000000
2274.000000
2300.000000
2627.000000
2952.000000
2131.000000
2452.000000
2491.000000
2430.000000
2816.000000
2699.000000
2081.000000
2482.000000
2765.000000
2165.000000
2883.000000
2083.000000
2548.000000
2147.000000
2460.000000
2350.000000
2389.000000
2543.000000
2042.000000
2197.000000
2346.000000
2794.000000
2798.000000
2444.000000
2581.000000
2979.000000
2632.000000
2975.000000
2115.000000
2899.000000
2632.000000
2553.000000
2715.000000
2557.000000
2862.000000
2311.000000
2213.000000
2692.000000
2108.000000
2701.000000
2657.000000
2840.000000
2452.000000
2823.000000
2248.000000
2269.000000
2579.000000
2501.000000
2555.000000
2498.000000
2806.000000
2027.000000
2711.000000
2808.000000
2268.000000
2049.000000
2932.000000
2031.000000
2976.000000
2408.000000
2677.000000
2483.000000
2870.000000
2708.000000
2693.000000
2515.000000
2314.000000
2954.000000
2816.000000
2860.000000
2314.000000
2046.000000
2693.000000
2299.000000
2501.000000
2766.000000
2902.000000
2799.000000
2286.000000
2940.000000
2046.000000
2442.000000
2529.000000
2397.000000
2589.000000
2951.000000
2104.000000
2085.000000
2410.000000
2126.000000
2270.000000
2974.000000
2316.000000
2533.000000
2967.000000
2712.000000
2086.000000
2176.000000
2885.000000
2616.000000
2177.000000
2085.000000
2619.000000
2425.000000
2016.000000
2809.000000
2968.000000
2156.000000
2053.000000
2671.000000
2532.000000
2501.000000
2506.000000
2376.000000
2039.000000
2752.000000
2103.000000
2735.000000
2631.000000
2652.000000
2599.000000
2967.000000
2685.000000
2163.000000
2462.000000
2597.000000
2271.000000
2487.000000
2780.000000
2038.037402
2836.998011
2587.947535
2958.960620
2071.074598
2640.947689
2580.833047
2705.052939
2223.980435
2968.956619
2214.000000
2706.000000
2983.000000
2404.000000
2107.000000
2679.000000
2223.000000
2421.000000
2737.000000
2721.000000
2280.000000
2759.000000
2911.000000
2348.000000
2344.000000
2419.000000
2499.000000
2353.000000
2766.000000
2929.000000
2835.000000
2495.000000
2108.000000
2479.000000
2130.000000
2938.000000
2574.000000
2162.000000
2467.000000
2251.000000
2449.000000
2883.000000
2269.000000
2794.000000
2400.000000
2138.000000
2172.000000
2990.000000
2001.000000
2108.000000
2151.000000
2944.000000
2360.000000
2052.000000
2973.000000
2534.000000
2265.000000
2460.000000
2331.000000
2928.000000
2118.000000
2377.000000
2665.000000
2998.000000
2911.000000
2750.000000
2929.000000
2274.000000
2300.000000
2627.000000
2952.000000
2131.000000
2452.000000
2491.000000
2430.000000
2816.000000
2699.000000
2081.000000
2482.000000
2765.000000
2165.000000
2883.000000
2083.000000
2548.000000
2147.000000
2460.000000
2350.000000
2389.000000
2543.000000
2042.000000
2197.000000
2346.000000
2794.000000
2798.000000
2444.000000
2581.000000
2979.000000
2632.000000
2975.000000
2115.000000
2899.000000
2632.000000
2553.000000
2715.000000
2557.000000
2862.000000
2311.000000
2213.000000
2692.000000
2108.000000
2701.000000
2657.000000
2840.000000
2452.000000
2823.000000
2248.000000
2269.000000
2579.000000
2501.000000
2555.000000
2498.000000
2806.000000
2027.000000
2711.000000
2808.000000
2268.000000
2049.000000
2932.000000
2031.000000
2976.000000
2408.000000
2677.000000
2483.000000
2870.000000
2708.000000
2693.000000
2515.000000
2314.000000
2954.000000
2816.000000
2860.000000
2314.000000
2046.000000
2693.000000
2299.000000
2501.000000
2766.000000
2902.000000
2799.000000
2286.000000
2940.000000
2046.000000
2442.000000
2529.000000
2397.000000
2589.000000
2951.000000
2104.000000
2085.000000
2410.000000
2126.000000
2270.000000
2974.000000
2316.000000
2533.000000
2967.000000
2712.000000
2086.000000
2176.000000
2885.000000
2616.000000
2177.000000
2085.000000
2619.000000
2425.000000
2016.000000
2809.000000
2968.000000
2156.000000
2053.000000
2671.000000
2532.000000
2501.000000
2506.000000
2376.000000
2039.000000
2752.000000
2103.000000
2735.000000
2631.000000
2652.000000
2599.000000
2967.000000
2685.000000
2163.000000
2462.000000
2597.000000
2271.000000
2487.000000
2780.000000
2038.045713
2836.997570
2587.935872
2958.951870
2071.091189
2640.936028
2580.795858
2705.064739
2223.976087
2968.946979
2214.000000
2706.000000
2983.000000
2404.000000
2107.000000
2679.000000
2223.000000
2421.000000
2737.000000
2721.000000
2280.000000
2759.000000
2911.000000
2348.000000
2344.000000
2419.000000
2499.000000
2353.000000
2766.000000
2929.000000
2835.000000
2495.000000
2108.000000
2479.000000
2130.000000
2938.000000
2574.000000
2162.000000
2467.000000
2251.000000
2449.000000
2883.000000
2269.000000
2794.000000
2400.000000
2138.000000
2172.000000
2990.000000
2001.000000
2108.000000
2151.000000
2944.000000
2360.000000
2052.000000
2973.000000
2534.000000
2265.000000
2460.000000
2331.000000
2928.000000
2118.000000
2377.000000
2665.000000
2998.000000
2911.000000
2750.000000
2929.000000
2274.000000
2300.000000
2627.000000
2952.000000
2131.000000
2452.000000
2491.000000
2430.000000
2816.000000
2699.000000
2081.000000
2482.000000
2765.000000
2165.000000
2883.000000
2083.000000
2548.000000
2147.000000
2460.000000
2350.000000
2389.000000
2543.000000
2042.000000
2197.000000
2346.000000
2794.000000
2798.000000
2444.000000
2581.000000
2979.000000
2632.000000
2975.000000
2115.000000
2899.000000
2632.000000
2553.000000
2715.000000
2557.000000
2862.000000
2311.000000
2213.000000
2692.000000
2108.000000
2701.000000
2657.000000
2840.000000
2452.000000
2823.000000
2248.000000
2269.000000
2579.000000
2501.000000
2555.000000
2498.000000
2806.000000
2027.000000
2711.000000
2808.000000
2268.000000
2049.000000
2932.000000
2031.000000
2976.000000
2408.000000
2677.000000
2483.000000
2870.000000
2708.000000
2693.000000
2515.000000
2314.000000
2954.000000
2816.000000
2860.000000
2314.000000
2046.000000
2693.000000
2299.000000
2501.000000
2766.000000
2902.000000
2799.000000
2286.000000
2940.000000
2046.000000
2442.000000
2529.000000
2397.000000
2589.000000
2951.000000
2104.000000
2085.000000
2410.000000
2126.000000
2270.000000
2974.000000
2316.000000
2533.000000
2967.000000
2712.000000
2086.000000
2176.000000
2885.000000
2616.000000
2177.000000
2085.000000
2619.000000
2425.000000
2016.000000
2809.000000
2968.000000
2156.000000
2053.000000
2671.000000
2532.000000
2501.000000
2506.000000
2376.000000
2039.000000
2752.000000
2103.000000
2735.000000
2631.000000
2652.000000
2599.000000
2967.000000
2685.000000
2163.000000
2462.000000
2597.000000
2271.000000
2487.000000
2780.000000
