119.213003
2532.999984
2074.999925
2632.000068
2010.000043
2759.999899
2087.999992
2437.000072
2532.999984
2130.025504
119.426008
2532.999936
2074.999775
2632.000205
2010.000129
2759.999698
2087.999977
2437.000216
2532.999936
2130.051031
119.639015
2532.999857
2074.999549
2632.000411
2010.000258
2759.999397
2087.999955
2437.000431
2532.999857
2130.076581
119.852025
2532.999745
2074.999249
2632.000684
2010.000430
2759.998994
2087.999924
2437.000719
2532.999745
2130.102154
120.065038
2532.999602
2074.998874
2632.001027
2010.000645
2759.998491
2087.999886
2437.001078
2532.999602
2130.127749
120.278054
2532.999427
2074.998423
2632.001437
2010.000903
2759.997888
2087.999841
2437.001510
2532.999427
2130.153367
120.491071
2532.999220
2074.997898
2632.001916
2010.001204
2759.997184
2087.999788
2437.002013
2532.999220
2130.179008
120.704092
2532.998981
2074.997297
2632.002464
2010.001547
2759.996379
2087.999728
2437.002588
2532.998981
2130.204671
120.917115
2532.998710
2074.996621
2632.003080
2010.001934
2759.995474
2087.999660
2437.003235
2532.998710
2130.230358
121.130141
2532.998407
2074.995870
2632.003764
2010.002364
2759.994468
2087.999584
2437.003954
2532.998407
2130.256067
121.343169
2532.998072
2074.995044
2632.004517
2010.002837
2759.993362
2087.999501
2437.004745
2532.998072
2130.281798
121.556199
2532.997706
2074.994143
2632.005339
2010.003353
2759.992155
2087.999410
2437.005607
2532.997706
2130.307553
121.769233
2532.997307
2074.993167
2632.006228
2010.003912
2759.990847
2087.999312
2437.006542
2532.997307
2130.333330
121.982269
2532.996877
2074.992116
2632.007187
2010.004514
2759.989439
2087.999207
2437.007548
2532.996877
2130.359131
122.195307
2532.996415
2074.990990
2632.008213
2010.005159
2759.987930
2087.999094
2437.008626
2532.996415
2130.384954
122.408348
2532.995920
2074.989789
2632.009308
2010.005847
2759.986320
2087.998973
2437.009776
2532.995920
2130.410799
122.621392
2532.995394
2074.988513
2632.010472
2010.006578
2759.984610
2087.998845
2437.010998
2532.995394
2130.436668
122.834438
2532.994836
2074.987161
2632.011704
2010.007352
2759.982799
2087.998710
2437.012291
2532.994836
2130.462559
123.047487
2532.994246
2074.985735
2632.013004
2010.008169
2759.980887
2087.998567
2437.013657
2532.994246
2130.488473
123.260538
2532.993625
2074.984233
2632.014373
2010.009029
2759.978875
2087.998416
2437.015094
2532.993625
2130.514410
123.473592
2532.992971
2074.982657
2632.015811
2010.009932
2759.976762
2087.998258
2437.016603
2532.992971
2130.540370
123.686649
2532.992285
2074.981005
2632.017317
2010.010878
2759.974549
2087.998093
2437.018184
2532.992285
2130.566352
123.899708
2532.991568
2074.979279
2632.018891
2010.011868
2759.972235
2087.997920
2437.019837
2532.991568
2130.592358
124.112770
2532.990818
2074.977477
2632.020534
2010.012900
2759.969820
2087.997740
2437.021561
2532.990818
2130.618386
124.325834
2532.990037
2074.975600
2632.022246
2010.013975
2759.967304
2087.997552
2437.023358
2532.990037
2130.644437
124.538901
2532.989223
2074.973648
2632.024026
2010.015094
2759.964688
2087.997357
2437.025226
2532.989223
2130.670510
124.751971
2532.988378
2074.971621
2632.025874
2010.016255
2759.961971
2087.997154
2437.027166
2532.988378
2130.696607
124.965043
2532.987501
2074.969519
2632.027791
2010.017460
2759.959153
2087.996944
2437.029178
2532.987501
2130.722726
125.178118
2532.986592
2074.967342
2632.029777
2010.018707
2759.956234
2087.996727
2437.031261
2532.986592
2130.748869
125.391195
2532.985651
2074.965090
2632.031831
2010.019998
2759.953215
2087.996502
2437.033416
2532.985651
2130.775034
125.604275
2532.984678
2074.962762
2632.033954
2010.021332
2759.950095
2087.996270
2437.035644
2532.984678
2130.801222
125.817358
2532.983673
2074.960360
2632.036145
2010.022709
2759.946874
2087.996030
2437.037943
2532.983673
2130.827432
126.030443
2532.982636
2074.957883
2632.038405
2010.024128
2759.943553
2087.995783
2437.040313
2532.982636
2130.853666
126.243531
2532.981567
2074.955330
2632.040734
2010.025592
2759.940130
2087.995529
2437.042756
2532.981567
2130.879922
126.456622
2532.980466
2074.952703
2632.043131
2010.027098
2759.936607
2087.995267
2437.045270
2532.980466
2130.906202
126.669715
2532.979333
2074.950000
2632.045597
2010.028647
2759.932983
2087.994998
2437.047856
2532.979333
2130.932504
126.882811
2532.978168
2074.947222
2632.048131
2010.030239
2759.929259
2087.994721
2437.050514
2532.978168
2130.958829
127.095909
2532.976972
2074.944369
2632.050734
2010.031875
2759.925433
2087.994438
2437.053244
2532.976972
2130.985177
127.309011
2532.975743
2074.941441
2632.053406
2010.033553
2759.921507
2087.994146
2437.056045
2532.975743
2131.011548
127.522114
2532.974482
2074.938438
2632.056147
2010.035275
2759.917479
2087.993848
2437.058918
2532.974482
2131.037941
127.735221
2532.973189
2074.935360
2632.058956
2010.037040
2759.913351
2087.993542
2437.061863
2532.973189
2131.064358
127.948330
2532.971865
2074.932207
2632.061834
2010.038848
2759.909122
2087.993229
2437.064880
2532.971865
2131.090797
128.161441
2532.970508
2074.928978
2632.064781
2010.040699
2759.904792
2087.992908
2437.067968
2532.970508
2131.117259
128.374556
2532.969120
2074.925675
2632.067796
2010.042594
2759.900361
2087.992580
2437.071128
2532.969120
2131.143744
128.587673
2532.967699
2074.922296
2632.070880
2010.044531
2759.895830
2087.992245
2437.074360
2532.967699
2131.170252
128.800792
2532.966247
2074.918842
2632.074033
2010.046512
2759.891197
2087.991902
2437.077664
2532.966247
2131.196783
129.013914
2532.964762
2074.915313
2632.077255
2010.048536
2759.886463
2087.991552
2437.081039
2532.964762
2131.223337
129.227039
2532.963246
2074.911709
2632.080546
2010.050603
2759.881629
2087.991195
2437.084486
2532.963246
2131.249914
129.440167
2532.961697
2074.908030
2632.083906
2010.052713
2759.876693
2087.990831
2437.088005
2532.961697
2131.276513
129.653297
2532.960117
2074.904276
2632.087334
2010.054866
2759.871657
2087.990459
2437.091596
2532.960117
2131.303136
129.866430
2532.958504
2074.900446
2632.090832
2010.057063
2759.866520
2087.990080
2437.095258
2532.958504
2131.329781
130.079566
2532.956860
2074.896541
2632.094398
2010.059303
2759.861281
2087.989693
2437.098992
2532.956860
2131.356450
130.292704
2532.955183
2074.892562
2632.098033
2010.061586
2759.855942
2087.989300
2437.102798
2532.955183
2131.383141
130.505845
2532.953475
2074.888506
2632.101737
2010.063912
2759.850501
2087.988899
2437.106676
2532.953475
2131.409855
130.718988
2532.951734
2074.884376
2632.105511
2010.066282
2759.844959
2087.988490
2437.110625
2532.951734
2131.436592
130.932135
2532.949962
2074.880171
2632.109353
2010.068694
2759.839317
2087.988075
2437.114646
2532.949962
2131.463352
131.145284
2532.948157
2074.875890
2632.113264
2010.071150
2759.833573
2087.987652
2437.118739
2532.948157
2131.490135
131.358435
2532.946321
2074.871535
2632.117244
2010.073650
2759.827728
2087.987222
2437.122903
2532.946321
2131.516941
131.571589
2532.944452
2074.867104
2632.121294
2010.076192
2759.821782
2087.986785
2437.127140
2532.944452
2131.543770
131.784746
2532.942551
2074.862597
2632.125412
2010.078778
2759.815735
2087.986340
2437.131447
2532.942551
2131.570622
131.997906
2532.940619
2074.858016
2632.129600
2010.081407
2759.809587
2087.985888
2437.135827
2532.940619
2131.597497
132.211068
2532.938654
2074.853359
2632.133857
2010.084079
2759.803337
2087.985429
2437.140278
2532.938654
2131.624394
132.424234
2532.936658
2074.848627
2632.138183
2010.086795
2759.796986
2087.984963
2437.144801
2532.936658
2131.651315
132.637401
2532.934629
2074.843820
2632.142578
2010.089554
2759.790535
2087.984490
2437.149396
2532.934629
2131.678259
132.850572
2532.932568
2074.838938
2632.147043
2010.092356
2759.783981
2087.984009
2437.154063
2532.932568
2131.705225
133.063745
2532.930475
2074.833980
2632.151576
2010.095201
2759.777327
2087.983521
2437.158801
2532.930475
2131.732215
133.276921
2532.928351
2074.828948
2632.156179
2010.098090
2759.770572
2087.983026
2437.163611
2532.928351
2131.759227
133.490099
2532.926194
2074.823839
2632.160852
2010.101022
2759.763715
2087.982523
2437.168492
2532.926194
2131.786263
133.703280
2532.924005
2074.818656
2632.165593
2010.103998
2759.756757
2087.982014
2437.173445
2532.924005
2131.813321
133.916464
2532.921784
2074.813397
2632.170405
2010.107017
2759.749697
2087.981497
2437.178470
2532.921784
2131.840402
134.129651
2532.919531
2074.808063
2632.175285
2010.110079
2759.742536
2087.980973
2437.183567
2532.919531
2131.867507
134.342840
2532.917246
2074.802654
2632.180235
2010.113185
2759.735274
2087.980442
2437.188735
2532.917246
2131.894634
134.556032
2532.914929
2074.797169
2632.185255
2010.116334
2759.727911
2087.979903
2437.193975
2532.914929
2131.921785
134.769227
2532.912580
2074.791609
2632.190344
2010.119526
2759.720446
2087.979358
2437.199287
2532.912580
2131.948958
134.982425
2532.910199
2074.785974
2632.195502
2010.122762
2759.712879
2087.978805
2437.204671
2532.910199
2131.976154
135.195625
2532.907785
2074.780263
2632.200731
2010.126041
2759.705211
2087.978245
2437.210126
2532.907785
2132.003374
135.408828
2532.905340
2074.774477
2632.206028
2010.129363
2759.697442
2087.977678
2437.215652
2532.905340
2132.030616
135.622034
2532.902863
2074.768616
2632.211396
2010.132729
2759.689572
2087.977104
2437.221251
2532.902863
2132.057882
135.835242
2532.900353
2074.762679
2632.216833
2010.136139
2759.681599
2087.976523
2437.226921
2532.900353
2132.085170
136.048453
2532.897812
2074.756667
2632.222340
2010.139591
2759.673526
2087.975934
2437.232663
2532.897812
2132.112481
136.261667
2532.895238
2074.750579
2632.227917
2010.143088
2759.665350
2087.975338
2437.238476
2532.895238
2132.139816
136.474884
2532.892632
2074.744416
2632.233563
2010.146627
2759.657073
2087.974735
2437.244362
2532.892632
2132.167173
136.688103
2532.889995
2074.738178
2632.239279
2010.150211
2759.648695
2087.974125
2437.250318
2532.889995
2132.194554
136.901325
2532.887325
2074.731864
2632.245065
2010.153837
2759.640215
2087.973508
2437.256347
2532.887325
2132.221957
137.114550
2532.884623
2074.725475
2632.250921
2010.157507
2759.631633
2087.972884
2437.262447
2532.884623
2132.249384
137.327777
2532.881889
2074.719010
2632.256847
2010.161221
2759.622950
2087.972253
2437.268619
2532.881889
2132.276834
137.541008
2532.879123
2074.712470
2632.262843
2010.164978
2759.614165
2087.971614
2437.274863
2532.879123
2132.304306
137.754241
2532.876325
2074.705854
2632.268909
2010.168779
2759.605278
2087.970968
2437.281178
2532.876325
2132.331802
137.967476
2532.873494
2074.699163
2632.275046
2010.172623
2759.596290
2087.970316
2437.287565
2532.873494
2132.359321
138.180715
2532.870632
2074.692397
2632.281252
2010.176511
2759.587200
2087.969656
2437.294023
2532.870632
2132.386863
138.393956
2532.867737
2074.685554
2632.287528
2010.180442
2759.578008
2087.968989
2437.300554
2532.867737
2132.414428
138.607200
2532.864811
2074.678637
2632.293875
2010.184417
2759.568714
2087.968315
2437.307155
2532.864811
2132.442016
138.820447
2532.861852
2074.671644
2632.300291
2010.188436
2759.559318
2087.967633
2437.313829
2532.861852
2132.469627
139.033697
2532.858861
2074.664575
2632.306778
2010.192498
2759.549821
2087.966945
2437.320574
2532.858861
2132.497261
139.246949
2532.855838
2074.657430
2632.313336
2010.196603
2759.540222
2087.966250
2437.327391
2532.855838
2132.524918
139.460204
2532.852783
2074.650211
2632.319963
2010.200752
2759.530521
2087.965547
2437.334280
2532.852783
2132.552598
139.673462
2532.849696
2074.642915
2632.326662
2010.204945
2759.520717
2087.964838
2437.341240
2532.849696
2132.580301
139.886723
2532.846577
2074.635544
2632.333430
2010.209182
2759.510812
2087.964121
2437.348272
2532.846577
2132.608028
140.099986
2532.843426
2074.628097
2632.340269
2010.213462
2759.500805
2087.963397
2437.355375
2532.843426
2132.635777
140.313253
2532.840242
2074.620575
2632.347179
2010.217786
2759.490696
2087.962667
2437.362551
2532.840242
2132.663550
