2662.999525
2987.998575
2026.000446
2058.001064
2370.996991
2036.996562
2616.999768
2720.999946
2824.998581
2571.998853
2192.001083
2408.001156
2094.000490
2835.999012
2524.999670
2004.000585
2362.000119
2628.000054
2764.999901
2745.999867
2040.999675
2409.004426
2827.999165
2787.000034
2968.998449
2511.000198
2918.999497
2128.001147
2813.000088
2306.000291
2632.000433
2498.000280
2035.002034
2593.000128
2765.000928
2470.007197
2496.999830
2184.000305
2933.989995
2950.006673
2964.000114
2342.996871
2982.998161
2171.001241
2763.002236
2491.998364
2581.000131
2763.998900
2120.998607
2577.002580
2231.913115
2561.021245
2456.000473
2947.999175
2163.999828
2712.999461
2228.021503
2561.994190
2272.998747
2495.998616
2063.998976
2460.998927
2264.004171
2796.002920
2955.998461
2911.000802
2805.997453
2493.000192
2136.998834
2613.998065
2125.999985
2198.000168
2261.999911
2653.999704
2694.001056
2169.999010
2244.999915
2751.000716
2333.002094
2024.002924
2722.000780
2089.001129
2455.000665
2704.999987
2710.998805
2660.999577
2459.000343
2819.999183
2972.000146
2308.998734
2765.000860
2436.002731
2767.999491
2050.001164
2070.000395
2743.996459
2437.998869
2342.000448
2367.008425
2027.027478
2497.201290
2749.065452
2088.001926
2203.999792
2826.999587
2914.998920
2829.998839
2727.000150
2325.002864
2050.995947
2435.001183
2815.999376
2095.005693
2583.999783
2408.998158
2007.001671
2245.993163
2445.011342
2833.999998
2164.000383
2447.000350
2662.002114
2499.987882
2749.994306
2610.999372
2929.997934
2735.998325
2111.999073
2032.001312
2436.999716
2638.000227
2223.999996
2383.995235
2319.003194
2180.000305
2081.000504
2073.000485
2679.001428
2306.998595
2513.999249
2921.002274
2960.996653
2283.998655
2812.998044
2203.000527
2776.999225
2038.001096
2864.999006
2599.998686
2897.001716
2565.001742
2888.000300
2994.998145
2272.001475
2360.999681
2804.999451
2734.000448
2877.999245
2903.999148
2536.999702
2238.007819
2457.987889
2234.999436
2094.000013
2334.001083
2298.001758
2362.999451
2335.999060
2855.998460
2289.000786
2785.999273
2853.999972
2940.999520
2201.000488
2768.000426
2561.998938
2675.000825
2648.000509
2262.000336
2903.998787
2714.999657
2143.000495
2129.000801
2378.000826
2061.002355
2711.997614
2416.999555
2426.999791
2990.999118
2634.999631
2813.999033
2421.001381
2524.999010
2715.000879
2859.998930
2835.000045
2001.001334
2509.999792
2019.000680
2124.999879
2662.998575
2987.995725
2026.001337
2058.003193
2370.990965
2036.989669
2616.999305
2720.999838
2824.995743
2571.996558
2192.003250
2408.003469
2094.001470
2835.997035
2524.999011
2004.001755
2362.000356
2628.000163
2764.999702
2745.999601
2040.999024
2409.013281
2827.997495
2787.000102
2968.995346
2511.000593
2918.998491
2128.003441
2813.000263
2306.000872
2632.001300
2498.000841
2035.006101
2593.000385
2765.002784
2470.021596
2496.999490
2184.000915
2933.969966
2950.020036
2964.000343
2342.990612
2982.994482
2171.003724
2763.006709
2491.995089
2581.000393
2763.996701
2120.995821
2577.007741
2231.734445
2561.064961
2456.001420
2947.997526
2163.999485
2712.998383
2228.065732
2561.982264
2272.996240
2495.995849
2063.996928
2460.996780
2264.012516
2796.008761
2955.995384
2911.002407
2805.992359
2493.000575
2136.996502
2613.994196
2125.999955
2198.000504
2261.999733
2653.999112
2694.003168
2169.997030
2244.999745
2751.002148
2333.006281
2024.008772
2722.002342
2089.003388
2455.001996
2704.999961
2710.996415
2660.998730
2459.001028
2819.997549
2972.000439
2308.996201
2765.002580
2436.008192
2767.998472
2050.003493
2070.001184
2743.989377
2437.996606
2342.001344
2367.025346
2027.082599
2497.000000
2749.000000
2088.005778
2203.999376
2826.998760
2914.996760
2829.996516
2727.000449
2325.008593
2050.987840
2435.003548
2815.998127
2095.017083
2583.999349
2408.994473
2007.005014
2245.979464
2445.034065
2833.999993
2164.001149
2447.001050
2662.006343
2500.000000
2750.000000
2610.998117
2929.993801
2735.994975
2111.997218
2032.003935
2436.999148
2638.000682
2223.999988
2383.985703
2319.009584
2180.000916
2081.001511
2073.001455
2679.004285
2306.995786
2513.997747
2921.006827
2960.989955
2283.995963
2812.994131
2203.001581
2776.997674
2038.003287
2864.997017
2599.996057
2897.005147
2565.005226
2888.000900
2994.994436
2272.004426
2360.999043
2804.998354
2734.001344
2877.997735
2903.997443
2536.999105
2238.023484
2457.963621
2234.998309
2094.000040
2334.003248
2298.005275
2362.998354
2335.997179
2855.995379
2289.002358
2785.997819
2853.999916
2940.998559
2201.001463
2768.001280
2561.996815
2675.002475
2648.001526
2262.001007
2903.996361
2714.998971
2143.001484
2129.002402
2378.002478
2061.007064
2711.992840
2416.998665
2426.999374
2990.997354
2634.998893
2813.997099
2421.004143
2524.997029
2715.002636
2859.996789
2835.000137
2001.004003
2509.999376
2019.002039
2124.999638
2662.997150
2987.991451
2026.002674
2058.006386
2370.981905
2036.979282
2616.998610
2720.999677
2824.991485
2571.993115
2192.006500
2408.006938
2094.002940
2835.994071
2524.998022
2004.003509
2362.000712
2628.000326
2764.999405
2745.999202
2040.998046
2409.026566
2827.994990
2787.000205
2968.990693
2511.001186
2918.996982
2128.006882
2813.000526
2306.001744
2632.002599
2498.001681
2035.012201
2593.000771
2765.005567
2470.043210
2496.998979
2184.001829
2933.939875
2950.040123
2964.000687
2342.981222
2982.988964
2171.007449
2763.013419
2491.990173
2581.000787
2763.993403
2120.991638
2577.015483
2231.452518
2561.134022
2456.002840
2947.995051
2163.998970
2712.996765
2228.135558
2561.963503
2272.992480
2495.991697
2063.993856
2460.993558
2264.025040
2796.017528
2955.990768
2911.004813
2805.984716
2493.001150
2136.993003
2613.988390
2125.999911
2198.001008
2261.999466
2653.998223
2694.006337
2169.994059
2244.999490
2751.004295
2333.012563
2024.017547
2722.004683
2089.006775
2455.003993
2704.999921
2710.992830
2660.997459
2459.002055
2819.995097
2972.000879
2308.992401
2765.005160
2436.016384
2767.996944
2050.006986
2070.002369
2743.978752
2437.993212
2342.002687
2367.050905
2027.165697
2497.000000
2749.000000
2088.011557
2203.998753
2826.997521
2914.993520
2829.993032
2727.000899
2325.017189
2050.975674
2435.007096
2815.996254
2095.034174
2583.998697
2408.988946
2007.010029
2245.958854
2445.068252
2833.999986
2164.002299
2447.002101
2662.012687
2500.000000
2750.000000
2610.996234
2929.987601
2735.989950
2111.994434
2032.007870
2436.998296
2638.001364
2223.999976
2383.971401
2319.019171
2180.001832
2081.003023
2073.002910
2679.008572
2306.991572
2513.995495
2921.013668
2960.979898
2283.991923
2812.988261
2203.003162
2776.995348
2038.006574
2864.994034
2599.992114
2897.010295
2565.010453
2888.001801
2994.988871
2272.008853
2360.998086
2804.996707
2734.002687
2877.995470
2903.994886
2536.998210
2238.047052
2457.927104
2234.996617
2094.000080
2334.006496
2298.010551
2362.996708
2335.994358
2855.990758
2289.004716
2785.995637
2853.999832
2940.997118
2201.002927
2768.002559
2561.993630
2675.004951
2648.003052
2262.002014
2903.992722
2714.997941
2143.002969
2129.004804
2378.004956
2061.014129
2711.985678
2416.997329
2426.998747
2990.994708
2634.997786
2813.994198
2421.008286
2524.994059
2715.005272
2859.993578
2835.000273
2001.008006
2509.998751
2019.004078
2124.999275
2662.995250
2987.985751
2026.004456
2058.010643
2370.969785
2036.965347
2616.997684
2720.999461
2824.985808
2571.988525
2192.010834
2408.011564
2094.004900
2835.990118
2524.996703
2004.005849
2362.001186
2628.000544
2764.999008
2745.998671
2040.996741
2409.044285
2827.991650
2787.000341
2968.984488
2511.001978
2918.994970
2128.011469
2813.000878
2306.002906
2632.004332
2498.002802
2035.020335
2593.001285
2765.009279
2470.072057
2496.998299
2184.003049
2933.899666
2950.066984
2964.001146
2342.968701
2982.981607
2171.012415
2763.022368
2491.983609
2581.001312
2763.989005
2120.986054
2577.025810
2231.044304
2561.234192
2456.004734
2947.991752
2163.998284
2712.994608
2228.236737
2561.936465
2272.987466
2495.986160
2063.989759
2460.989263
2264.041750
2796.029228
2955.984613
2911.008021
2805.974522
2493.001917
2136.988335
2613.980647
2125.999851
2198.001680
2261.999111
2653.997039
2694.010562
2169.990098
2244.999150
2751.007159
2333.020940
2024.029252
2722.007806
2089.011293
2455.006655
2704.999869
2710.988050
2660.995765
2459.003425
2819.991829
2972.001466
2308.987334
2765.008601
2436.027307
2767.994906
2050.011644
2070.003948
2743.964584
2437.988687
2342.004479
2367.085323
2027.277288
2497.000000
2749.000000
2088.019262
2203.997921
2826.995868
2914.989199
2829.988387
2727.001498
2325.028656
2050.959443
2435.011828
2815.993757
2095.056974
2583.997825
2408.981576
2007.016715
2245.931258
2445.114026
2833.999977
2164.003832
2447.003502
2662.021147
2500.000000
2750.000000
2610.993722
2929.979333
2735.983249
2111.990719
2032.013117
2436.997158
2638.002274
2223.999960
2383.952323
2319.031958
2180.003053
2081.005038
2073.004849
2679.014291
2306.985953
2513.992491
2921.022812
2960.966469
2283.986532
2812.980430
2203.005270
2776.992246
2038.010956
2864.990057
2599.986858
2897.017159
2565.017423
2888.003002
2994.981450
2272.014757
2360.996809
2804.994512
2734.004479
2877.992449
2903.991477
2536.997017
2238.078606
2457.878200
2234.994361
2094.000133
2334.010828
2298.017587
2362.994514
2335.990594
2855.984596
2289.007861
2785.992728
2853.999720
2940.995196
2201.004878
2768.004266
2561.989384
2675.008252
2648.005087
2262.003357
2903.987870
2714.996568
2143.004949
2129.008007
2378.008261
2061.023550
2711.976126
2416.995549
2426.997912
2990.991180
2634.996310
2813.990330
2421.013811
2524.990097
2715.008787
2859.989296
2835.000455
2001.013343
2509.997919
2019.006797
2124.998792
2662.992875
2987.978627
2026.006684
2058.015965
2370.954569
2036.947784
2616.996526
2720.999192
2824.978711
2571.982786
2192.016252
2408.017347
2094.007350
2835.985176
2524.995055
2004.008774
2362.001779
2628.000816
2764.998512
2745.998006
2040.995106
2409.066445
2827.987475
2787.000512
2968.976731
2511.002966
2918.992455
2128.017204
2813.001316
2306.004359
2632.006498
2498.004203
2035.030503
2593.001928
2765.013920
2470.108162
2496.997448
2184.004573
2933.849260
2950.100687
2964.001720
2342.953048
2982.972409
2171.018623
2763.033559
2491.975391
2581.001968
2763.983507
2120.979066
2577.038723
2231.452518
2561.134022
2456.007100
2947.987629
2163.997425
2712.991912
2228.135558
2561.963503
2272.981198
2495.979235
2063.984636
2460.983891
2264.062657
2796.043868
2955.976919
2911.012032
2805.961777
2493.002874
2136.982498
2613.970964
2125.999775
2198.002521
2261.998666
2653.995558
2694.015844
2169.985145
2244.998726
2751.010738
2333.031413
2024.043892
2722.011709
2089.016941
2455.009982
2704.999803
2710.982072
2660.993646
2459.005138
2819.987743
2972.002201
2308.980998
2765.012903
2436.040960
2767.992360
2050.017466
2070.005924
2743.946871
2437.983030
2342.006718
2367.128906
2027.418089
2497.201290
2749.065451
2088.028895
2203.996881
2826.993802
2914.983798
2829.982580
2727.002247
2325.043000
2050.939139
2435.017743
2815.990635
2095.085496
2583.996734
2408.972361
2007.025074
2245.896573
2445.171556
2833.999966
2164.005747
2447.005255
2662.031722
2499.987882
2749.994305
2610.990580
2929.968997
2735.974871
2111.986072
2032.019677
2436.995733
2638.003411
2223.999941
2383.928460
2319.047951
2180.004579
2081.007557
2073.007271
2679.021443
2306.978930
2513.988735
2921.034277
2960.949652
2283.979788
2812.970636
2203.007905
2776.988369
2038.016434
2864.985085
2599.980287
2897.025743
2565.026137
2888.004506
2994.972173
2272.022138
2360.995214
2804.991768
2734.006720
2877.988673
2903.987215
2536.995526
2238.118263
2457.816716
2234.991541
2094.000199
2334.016244
2298.026382
2362.991771
2335.985888
2855.976892
2289.011792
2785.989092
2853.999580
2940.992794
2201.007317
2768.006399
2561.984075
2675.012379
2648.007631
2262.005036
2903.981805
2714.994851
2143.007426
2129.012011
2378.012391
2061.035327
2711.964181
2416.993323
2426.996868
2990.986771
2634.994465
2813.985495
2421.020717
2524.985145
2715.013180
2859.983944
2835.000683
2001.020015
2509.996878
2019.010195
2124.998187
2662.990026
2987.970078
2026.009358
2058.022352
2370.936210
2036.926489
2616.995137
2720.998868
2824.970194
2571.975900
2192.022755
2408.024289
2094.010290
2835.979247
2524.993077
2004.012283
2362.002491
2628.001143
2764.997917
2745.997209
2040.993140
2409.093053
2827.982465
2787.000716
2968.967423
2511.004153
2918.989436
2128.024086
2813.001843
2306.006102
2632.009098
2498.005884
2035.042704
2593.002699
2765.019489
2470.151555
2496.996427
2184.006402
2933.788559
2950.141319
2964.002411
2342.934259
2982.961371
2171.026073
2763.046993
2491.965510
2581.002755
2763.976909
2120.970665
2577.054226
2231.734445
2561.064961
2456.009941
2947.982680
2163.996394
2712.988677
2228.065732
2561.982264
2272.973676
2495.970922
2063.978486
2460.977442
2264.087774
2796.061459
2955.967686
2911.016844
2805.946476
2493.004021
2136.975489
2613.959340
2125.999685
2198.003529
2261.998132
2653.993781
2694.022184
2169.979199
2244.998216
2751.015032
2333.043985
2024.061470
2722.016393
2089.023719
2455.013976
2704.999724
2710.974898
2660.991104
2459.007193
2819.982840
2972.003084
2308.973393
2765.018065
2436.057344
2767.989303
2050.024453
2070.008294
2743.925610
2437.976242
2342.009405
2367.182057
2027.589047
2497.000000
2749.000000
2088.040457
2203.995633
2826.991323
2914.977317
2829.975612
2727.003146
2325.060226
2050.914752
2435.024842
2815.986889
2095.119753
2583.995421
2408.961301
2007.035105
2245.854667
2445.241061
2833.999952
2164.008046
2447.007359
2662.044415
2500.000000
2750.000000
2610.986807
2929.956590
2735.964817
2111.980490
2032.027551
2436.994020
2638.004775
2223.999917
2383.899804
2319.067155
2180.006411
2081.010580
2073.010176
2679.030031
2306.970501
2513.984228
2921.048088
2960.929426
2283.971685
2812.958876
2203.011066
2776.983717
2038.023008
2864.979119
2599.972402
2897.036045
2565.036597
2888.006312
2994.961040
2272.030998
2360.993299
2804.988475
2734.009408
2877.984142
2903.982101
2536.993737
2238.166172
2457.742407
2234.988157
2094.000279
2334.022745
2298.036939
2362.988479
2335.980237
2855.967646
2289.016510
2785.984728
2853.999413
2940.989911
2201.010244
2768.008960
2561.977703
2675.017333
2648.010685
2262.007050
2903.974526
2714.992790
2143.010398
2129.016815
2378.017348
2061.049462
2711.949841
2416.990652
2426.995615
2990.981479
2634.992251
2813.979692
2421.029006
2524.979201
2715.018454
2859.977522
2835.000956
2001.028021
2509.995629
2019.014273
2124.997462
2662.986701
2987.960104
2026.012477
2058.029804
2370.914647
2036.901330
2616.993515
2720.998491
2824.960256
2571.967865
2192.030343
2408.032389
2094.013720
2835.972329
2524.990770
2004.016378
2362.003321
2628.001524
2764.997223
2745.996278
2040.990839
2409.124116
2827.976619
2787.000955
2968.956563
2511.005538
2918.985915
2128.032115
2813.002458
2306.008136
2632.012131
2498.007845
2035.056938
2593.003599
2765.025988
2470.202274
2496.995236
2184.008536
2933.717444
2950.188986
2964.003219
2342.912334
2982.948493
2171.034766
2763.062674
2491.953954
2581.003675
2763.969211
2120.960845
2577.072323
2231.913115
2561.021245
2456.013254
2947.976907
2163.995192
2712.984903
2228.021503
2561.994191
2272.964900
2495.961218
2063.971307
2460.969915
2264.117117
2796.082015
2955.956914
2911.022457
2805.928616
2493.005358
2136.967307
2613.945771
2125.999579
2198.004705
2261.997510
2653.991708
2694.029582
2169.972261
2244.997622
2751.020042
2333.058655
2024.081995
2722.021859
2089.031628
2455.018635
2704.999632
2710.966526
2660.988138
2459.009591
2819.977119
2972.004116
2308.964516
2765.024090
2436.076458
2767.985737
2050.032605
2070.011061
2743.900800
2437.968322
2342.012540
2367.245294
2027.791374
2497.000000
2748.999999
2088.053948
2203.994177
2826.988430
2914.969756
2829.967482
2727.004196
2325.080342
2050.886271
2435.033125
2815.982518
2095.159761
2583.993883
2408.948395
2007.046809
2245.805373
2445.322814
2833.999937
2164.010728
2447.009815
2662.059227
2500.000000
2749.999999
2610.982403
2929.942112
2735.953085
2111.973970
2032.036738
2436.992018
2638.006367
2223.999890
2383.866342
2319.089576
2180.008548
2081.014106
2073.013564
2679.040059
2306.960668
2513.978969
2921.064274
2960.905765
2283.962218
2812.945144
2203.014754
2776.978289
2038.030678
2864.972158
2599.963203
2897.048070
2565.048803
2888.008421
2994.948048
2272.041339
2360.991066
2804.984633
2734.012546
2877.978856
2903.976135
2536.991649
2238.222520
2457.654965
2234.984208
2094.000373
2334.030332
2298.049257
2362.984639
2335.973641
2855.956857
2289.022015
2785.979637
2853.999218
2940.986548
2201.013659
2768.011949
2561.970269
2675.023114
2648.014247
2262.009400
2903.966034
2714.990383
2143.013868
2129.022421
2378.023130
2061.065957
2711.933101
2416.987536
2426.994153
2990.975305
2634.989668
2813.972922
2421.038677
2524.972266
2715.024606
2859.970028
2835.001275
2001.037362
2509.994172
2019.019031
2124.996615
2662.982901
2987.948704
2026.016042
2058.038320
2370.889806
2036.872138
2616.991663
2720.998061
2824.948896
2571.958681
2192.039018
2408.041650
2094.017640
2835.964423
2524.988132
2004.021057
2362.004270
2628.001959
2764.996430
2745.995215
2040.988202
2409.159645
2827.969938
2787.001228
2968.944152
2511.007120
2918.981891
2128.041291
2813.003161
2306.010461
2632.015597
2498.010087
2035.073206
2593.004629
2765.033417
2470.260363
2496.993875
2184.010976
2933.635771
2950.243815
2964.004145
2342.887269
2982.933773
2171.044701
2763.080606
2491.940711
2581.004726
2763.960413
2120.949597
2577.093018
2232.000000
2561.000002
2456.017042
2947.970308
2163.993816
2712.980589
2228.000000
2562.000002
2272.954870
2495.950121
2063.963099
2460.961308
2264.150704
2796.105549
2955.944601
2911.028872
2805.908193
2493.006883
2136.957948
2613.930254
2125.999456
2198.006050
2261.996798
2653.989339
2694.038039
2169.964329
2244.996942
2751.025766
2333.075427
2024.105473
2722.028107
2089.040670
2455.023959
2704.999526
2710.956956
2660.984746
2459.012331
2819.970581
2972.005298
2308.954367
2765.030976
2436.098304
2767.981661
2050.041922
2070.014225
2743.872437
2437.959270
2342.016123
2367.319275
2028.026608
2497.000000
2749.000000
2088.069369
2203.992512
2826.985124
2914.961114
2829.958190
2727.005395
2325.103357
2050.853679
2435.042592
2815.977523
2095.205541
2583.992120
2408.933640
2007.060188
2245.748492
2445.417146
2833.999919
2164.013794
2447.012624
2662.076158
2500.000000
2750.000000
2610.977365
2929.925559
2735.939674
2111.966508
2032.047240
2436.989724
2638.008185
2223.999858
2383.828062
2319.115222
2180.010990
2081.018136
2073.017432
2679.051530
2306.949429
2513.972957
2921.082870
2960.878637
2283.951382
2812.929437
2203.018968
2776.972087
2038.039444
2864.964203
2599.952691
2897.061817
2565.062758
2888.010835
2994.933198
2272.053163
2360.988513
2804.980242
2734.016133
2877.972814
2903.969316
2536.989262
2238.287532
2457.554015
2234.979693
2094.000479
2334.039006
2298.063339
2362.980250
2335.966096
2855.944525
2289.028308
2785.973817
2853.998995
2940.982704
2201.017562
2768.015366
2561.961771
2675.029723
2648.018319
2262.012085
2903.956330
2714.987631
2143.017836
2129.028827
2378.029740
2061.084812
2711.913958
2416.983975
2426.992482
2990.968249
2634.986716
2813.965183
2421.049733
2524.964338
2715.031638
2859.961465
2835.001640
2001.048037
2509.992506
2019.024468
2124.995647
2662.978626
2987.935880
2026.020052
2058.047902
2370.861589
2036.838701
2616.989578
2720.997577
2824.936114
2571.948347
2192.048779
2408.052071
2094.022050
2835.955529
2524.985166
2004.026321
2362.005337
2628.002449
2764.995538
2745.994019
2040.985225
2409.199652
2827.962422
2787.001535
2968.930188
2511.008900
2918.977363
2128.051615
2813.003952
2306.013075
2632.019496
2498.012608
2035.091507
2593.005788
2765.041776
2470.325872
2496.992344
2184.013719
2933.543373
2950.305954
2964.005191
2342.859062
2982.917212
2171.055879
2763.100793
2491.925766
2581.005908
2763.950515
2120.936909
2577.116318
2232.000000
2561.000003
2456.021302
2947.962885
2163.992268
2712.975735
2228.000000
2562.000003
2272.943584
2495.937629
2063.953859
2460.951619
2264.188556
2796.132080
2955.930748
2911.036088
2805.885204
2493.008597
2136.947409
2613.912785
2125.999318
2198.007563
2261.995998
2653.986674
2694.047556
2169.955401
2244.996178
2751.032205
2333.094303
2024.131912
2722.035136
2089.050844
2455.029950
2704.999407
2710.946185
2660.980931
2459.015414
2819.963225
2972.006631
2308.942943
2765.038725
2436.122880
2767.977076
2050.052404
2070.017786
2743.840518
2437.949087
2342.020154
2367.404825
2028.296686
2497.201290
2749.065450
2088.086723
2203.990639
2826.981404
2914.951391
2829.947736
2727.006744
2325.129281
2050.816962
2435.053246
2815.971904
2095.257115
2583.990127
2408.917036
2007.075241
2245.683778
2445.524458
2833.999899
2164.017242
2447.015786
2662.095210
2499.987883
2749.994304
2610.971692
2929.906932
2735.924584
2111.958101
2032.059058
2436.987136
2638.010232
2223.999823
2383.784947
2319.144103
2180.013737
2081.022671
2073.021780
2679.064449
2306.936784
2513.966192
2921.103919
2960.848007
2283.939169
2812.911748
2203.023709
2776.965109
2038.049306
2864.955253
2599.940865
2897.077290
2565.078462
2888.013555
2994.916488
2272.066470
2360.985641
2804.975302
2734.020169
2877.966016
2903.961646
2536.986578
2238.361485
2457.439105
2234.974613
2094.000599
2334.048768
2298.079186
2362.975314
2335.957602
2855.930648
2289.035388
2785.967269
2853.998745
2940.978379
2201.021953
2768.019211
2561.952210
2675.037161
2648.022901
2262.015106
2903.945411
2714.984533
2143.022302
2129.036034
2378.037175
2061.106030
2711.892406
2416.979969
2426.990602
2990.960311
2634.983394
2813.956477
2421.062172
2524.955417
2715.039551
2859.951830
2835.002051
2001.060046
2509.990632
2019.030585
2124.994557
2662.973877
2987.921631
2026.024508
2058.058549
2370.829879
2036.800752
2616.987262
2720.997039
2824.921909
2571.936864
2192.059628
2408.063654
2094.026951
2835.945647
2524.981869
2004.032170
2362.006523
2628.002993
2764.994547
2745.992690
2040.981903
2409.244148
2827.954071
2787.001876
2968.914672
2511.010879
2918.972333
2128.063086
2813.004831
2306.015980
2632.023829
2498.015410
2035.111841
2593.007076
2765.051066
2470.398859
2496.990643
2184.016768
2933.440053
2950.375575
2964.006356
2342.827709
2982.898808
2171.068300
2763.123240
2491.909101
2581.007224
2763.939516
2120.922771
2577.142227
2231.913115
2561.021250
2456.026037
2947.954638
2163.990547
2712.970342
2228.021502
2561.994196
2272.931044
2495.923738
2063.943586
2460.940846
2264.230698
2796.161627
2955.915354
2911.044104
2805.859642
2493.010498
2136.935688
2613.893360
2125.999163
2198.009244
2261.995108
2653.983712
2694.058133
2169.945476
2244.995329
2751.039358
2333.115284
2024.161323
2722.042949
2089.062152
2455.036606
2704.999275
2710.934212
2660.976689
2459.018839
2819.955051
2972.008117
2308.930242
2765.047338
2436.150186
2767.971981
2050.064051
2070.021745
2743.805040
2437.937771
2342.024633
2367.502993
2028.604059
2497.000000
2749.000000
2088.106010
2203.988557
2826.977271
2914.940587
2829.936119
2727.008244
2325.158125
2050.776101
2435.065085
2815.965660
2095.314508
2583.987902
2408.898581
2007.091969
2245.610940
2445.645232
2833.999877
2164.021074
2447.019302
2662.116386
2500.000000
2750.000000
2610.965382
2929.886226
2735.907813
2111.948742
2032.072193
2436.984252
2638.012505
2223.999784
2383.736980
2319.176227
2180.016790
2081.027709
2073.026606
2679.078821
2306.922734
2513.958674
2921.127468
2960.813832
2283.925571
2812.892071
2203.028975
2776.957355
2038.060264
2864.945308
2599.927726
2897.094491
2565.095918
2888.016583
2994.897916
2272.081264
2360.982450
2804.969812
2734.024654
2877.958462
2903.953122
2536.983594
2238.444707
2457.309693
2234.968967
2094.000733
2334.059619
2298.096799
2362.969829
2335.948154
2855.915225
2289.043257
2785.959993
2853.998468
2940.973574
2201.026832
2768.023485
2561.941584
2675.045429
2648.027993
2262.018463
2903.933279
2714.981088
2143.027268
2129.044042
2378.045438
2061.129612
2711.868440
2416.975517
2426.988514
2990.951491
2634.979704
2813.946803
2421.075997
2524.945503
2715.048344
2859.941125
2835.002507
2001.073390
2509.988549
2019.037382
2124.993346
