2149.015536
2100.015488
2482.000477
2108.000363
2401.000496
2157.000735
2390.000277
2243.001132
2021.000061
2539.000127
2531.000154
2441.000176
2039.000137
2315.000159
2156.027947
2093.027899
2917.000036
2709.000028
2386.000197
2317.000795
2149.046636
2100.046437
2482.001432
2108.001090
2401.001487
2157.002204
2390.000831
2243.003397
2021.000184
2539.000380
2531.000461
2441.000528
2039.000412
2315.000476
2156.083891
2093.083647
2917.000108
2709.000084
2386.000591
2317.002386
2149.093353
2100.092791
2482.002865
2108.002180
2401.002974
2157.004407
2390.001661
2243.006795
2021.000368
2539.000759
2531.000921
2441.001057
2039.000824
2315.000953
2156.167929
2093.167145
2917.000216
2709.000169
2386.001182
2317.004772
