2790.001360
2961.998537
2833.998523
2488.999196
2776.999683
2066.000930
2993.998881
2358.999711
2068.000447
2876.999440
2315.997315
2600.990972
2341.000507
2296.000277
2853.999053
2255.998562
2972.966029
2793.985052
2828.999987
2827.999956
2070.002351
2617.998782
2743.000070
2804.999612
2862.999674
2934.000215
2895.998684
2929.002110
2498.000836
2349.000593
2933.998336
2665.999880
2874.999446
2007.001027
2839.999239
2213.001026
2736.000560
2187.000666
2702.999136
2368.001202
2964.012939
2790.005889
2540.000253
2534.001036
2605.001891
2397.001666
2440.000197
2293.000149
2282.000652
2143.000237
2705.998284
2429.998960
2730.999616
2305.001158
2051.998632
2496.997667
2333.994572
2585.004040
2057.000440
2289.000205
2960.997843
2253.000751
2835.999732
2145.001338
2515.000165
2749.999479
2129.000452
2542.001052
2671.999931
2824.999361
2916.998936
2530.999866
2179.000106
2613.999464
2800.999219
2018.002146
2637.000727
2352.002520
2658.999691
2410.000393
2402.000275
2722.999234
2287.001770
2559.002442
2706.000872
2075.000784
2522.003641
2555.996103
2631.000044
2229.001010
2586.997997
2498.006734
2973.999388
2029.000610
2017.000562
2830.999546
2558.002524
2468.001501
2037.004022
2479.004226
2804.001762
2232.999545
2177.000471
2871.999347
2695.998759
2578.001894
2317.000336
2100.000652
2479.999647
2082.999956
2820.999228
2670.998984
2044.001680
2644.999176
2881.999121
2661.999812
2737.995205
2572.997627
2298.007274
2609.995584
2269.000259
2414.000589
2315.006998
2592.029294
2919.999147
2287.999466
2305.000239
2956.999315
2246.002231
2436.998693
2416.000356
2258.000605
2788.000608
2654.999698
2188.999655
2537.000960
2421.999927
2626.999739
2826.000869
2924.999994
2062.000256
2194.000092
2532.000121
2860.999040
2873.997352
2134.001913
2793.983657
2439.034304
2167.000386
2037.000370
2623.999568
2452.999175
2103.001239
2592.999497
2579.999512
2781.999353
2718.999995
2556.003786
2783.050782
2383.000714
2808.992409
2444.998799
2896.997118
2976.988206
2282.000233
2850.999393
2953.998418
2997.998916
2583.999434
2516.995521
2003.000465
2141.000278
2680.002731
2596.995954
2365.000332
2177.000247
2586.001093
2248.000551
2786.968113
2383.000733
2912.998412
2192.000935
2585.001797
2441.001537
2119.000703
2722.999225
2435.000530
2030.001110
2894.006197
2966.022509
2390.000005
2968.999340
2339.000609
2001.000701
2233.000205
2717.999146
2558.000058
2656.999147
2791.013947
2443.981337
2790.004081
2961.995610
2833.995568
2488.997587
2776.999049
2066.002791
2993.996643
2358.999134
2068.001341
2876.998320
2315.991945
2600.972843
2341.001521
2296.000831
2853.997159
2255.995685
2972.897737
2793.955001
2828.999960
2827.999868
2070.007053
2617.996347
2743.000210
2804.998835
2862.999022
2934.000645
2895.996052
2929.006331
2498.002507
2349.001778
2933.995009
2665.999641
2874.998339
2007.003082
2839.997717
2213.003079
2736.001679
2187.001998
2702.997407
2368.003607
2964.039067
2790.017780
2540.000759
2534.003109
2605.005674
2397.004999
2440.000592
2293.000446
2282.001957
2143.000712
2705.994851
2429.996880
2730.998847
2305.003474
2051.995894
2496.993000
2333.983710
2585.012124
2057.001321
2289.000615
2960.993529
2253.002253
2835.999197
2145.004015
2515.000495
2749.998437
2129.001355
2542.003156
2671.999793
2824.998082
2916.996809
2530.999599
2179.000319
2613.998391
2800.997656
2018.006438
2637.002181
2352.007561
2658.999074
2410.001179
2402.000824
2722.997702
2287.005310
2559.007326
2706.002617
2075.002353
2522.010925
2555.988307
2631.000131
2229.003031
2586.993989
2498.020216
2973.998165
2029.001831
2017.001686
2830.998638
2558.007573
2468.004502
2037.012070
2479.012681
2804.005286
2232.998634
2177.001414
2871.998041
2695.996275
2578.005683
2317.001008
2100.001957
2479.998942
2082.999867
2820.997683
2670.996952
2044.005040
2644.997527
2881.997363
2661.999436
2737.985613
2572.992880
2298.021829
2609.986743
2269.000777
2414.001767
2315.021005
2592.088188
2919.997442
2287.998397
2305.000716
2956.997946
2246.006694
2436.996080
2416.001067
2258.001816
2788.001824
2654.999094
2188.998965
2537.002880
2421.999782
2626.999216
2826.002606
2924.999982
2062.000767
2194.000275
2532.000362
2860.997120
2873.992055
2134.005740
2793.950553
2439.103595
2167.001157
2037.001110
2623.998704
2452.997524
2103.003717
2592.998492
2579.998537
2781.998059
2718.999987
2556.011361
2783.153707
2383.002133
2808.977207
2444.996400
2896.991335
2976.964552
2282.000698
2850.998179
2953.995253
2997.996747
2583.998303
2516.986560
2003.001396
2141.000835
2680.008195
2596.987859
2365.000996
2177.000740
2586.003278
2248.001652
2786.903034
2383.002209
2912.995236
2192.002804
2585.005392
2441.004610
2119.002108
2722.997676
2435.001589
2030.003330
2894.018646
2966.067729
2390.000015
2968.998019
2339.001827
2001.002104
2233.000615
2717.997439
2558.000173
2656.997440
2791.042263
2443.943368
2790.008162
2961.991221
2833.991135
2488.995173
2776.998098
2066.005582
2993.993287
2358.998267
2068.002682
2876.996641
2315.983886
2600.945468
2341.003041
2296.001663
2853.994319
2255.991369
2972.794404
2793.909526
2828.999920
2827.999736
2070.014107
2617.992693
2743.000420
2804.997669
2862.998043
2934.001289
2895.992105
2929.012660
2498.005014
2349.003555
2933.990017
2665.999283
2874.996678
2007.006165
2839.995434
2213.006158
2736.003357
2187.003997
2702.994814
2368.007215
2964.078800
2790.035856
2540.001515
2534.006220
2605.011349
2397.009998
2440.001184
2293.000892
2282.003915
2143.001424
2705.989702
2429.993760
2730.997694
2305.006948
2051.991782
2496.985993
2333.967404
2585.024260
2057.002642
2289.001231
2960.987059
2253.004507
2835.998395
2145.008029
2515.000990
2749.996874
2129.002709
2542.006311
2671.999585
2824.996163
2916.993619
2530.999199
2179.000638
2613.996781
2800.995312
2018.012876
2637.004363
2352.015122
2658.998147
2410.002358
2402.001648
2722.995404
2287.010621
2559.014655
2706.005234
2075.004706
2522.021854
2555.976610
2631.000262
2229.006062
2586.987971
2498.040469
2973.996330
2029.003662
2017.003373
2830.997276
2558.015146
2468.009006
2037.024148
2479.025370
2804.010573
2232.997267
2177.002828
2871.996082
2695.992545
2578.011373
2317.002016
2100.003913
2479.997885
2082.999735
2820.995366
2670.993903
2044.010080
2644.995054
2881.994725
2661.998871
2737.971219
2572.985757
2298.043676
2609.973465
2269.001553
2414.003535
2315.042027
2592.177251
2919.994885
2287.996795
2305.001432
2956.995891
2246.013390
2436.992159
2416.002134
2258.003632
2788.003648
2654.998187
2188.997929
2537.005761
2421.999564
2626.998432
2826.005213
2924.999963
2062.001534
2194.000551
2532.000724
2860.994239
2873.984110
2134.011481
2793.899796
2439.209328
2167.002315
2037.002221
2623.997407
2452.995049
2103.007433
2592.996984
2579.997075
2781.996117
2718.999978
2556.022726
2783.316950
2383.004296
2808.954360
2444.992804
2896.982613
2976.928899
2282.001395
2850.996357
2953.990507
2997.993494
2583.996608
2516.973106
2003.002792
2141.001671
2680.016396
2596.975713
2365.001992
2177.001480
2586.006556
2248.003304
2786.801835
2383.004417
2912.990471
2192.005608
2585.010785
2441.009220
2119.004216
2722.995353
2435.003179
2030.006659
2894.037451
2966.136020
2390.000029
2968.996038
2339.003653
2001.004209
2233.001230
2717.994879
2558.000347
2656.994880
2791.085686
2443.884954
2790.013604
2961.985368
2833.985225
2488.991955
2776.996829
2066.009303
2993.988811
2358.997112
2068.004470
2876.994402
2315.973134
2600.908614
2341.005068
2296.002771
2853.990530
2255.985614
2972.654894
2793.848122
2828.999866
2827.999561
2070.023512
2617.987821
2743.000700
2804.996115
2862.996737
2934.002148
2895.986843
2929.021098
2498.008357
2349.005925
2933.983362
2665.998805
2874.994463
2007.010275
2839.992390
2213.010264
2736.005596
2187.006661
2702.991357
2368.012026
2964.132742
2790.060387
2540.002519
2534.010372
2605.018915
2397.016664
2440.001972
2293.001487
2282.006524
2143.002373
2705.982835
2429.989599
2730.996157
2305.011579
2051.986292
2496.976641
2333.945647
2585.040462
2057.004404
2289.002051
2960.978431
2253.007512
2835.997325
2145.013382
2515.001650
2749.994790
2129.004515
2542.010520
2671.999308
2824.993606
2916.989365
2530.998665
2179.001063
2613.994636
2800.992186
2018.021460
2637.007272
2352.025204
2658.996912
2410.003931
2402.002746
2722.992340
2287.017704
2559.024429
2706.008723
2075.007843
2522.036431
2555.961007
2631.000437
2229.010104
2586.979934
2498.067526
2973.993883
2029.006103
2017.005621
2830.995461
2558.025243
2468.015011
2037.040264
2479.042305
2804.017624
2232.995444
2177.004714
2871.993470
2695.987562
2578.018971
2317.003360
2100.006522
2479.996474
2082.999558
2820.992276
2670.989838
2044.016800
2644.991756
2881.991209
2661.998119
2737.952015
2572.976254
2298.072832
2609.955729
2269.002589
2414.005891
2315.070071
2592.297345
2919.991474
2287.994658
2305.002386
2956.993152
2246.022318
2436.986930
2416.003556
2258.006053
2788.006081
2654.996979
2188.996548
2537.009601
2421.999274
2626.997386
2826.008688
2924.999939
2062.002557
2194.000918
2532.001207
2860.990399
2873.973514
2134.019136
2793.829900
2439.353926
2167.003858
2037.003701
2623.995679
2452.991747
2103.012389
2592.994973
2579.995125
2781.993529
2718.999972
2556.037885
2783.552317
2383.007232
2808.923823
2444.988015
2896.970891
2976.881035
2282.002326
2850.993928
2953.984179
2997.989155
2583.994351
2516.955146
2003.004653
2141.002784
2680.027338
2596.959509
2365.003320
2177.002466
2586.010926
2248.005507
2786.659025
2383.007354
2912.984118
2192.009346
2585.017976
2441.015367
2119.007026
2722.992254
2435.005298
2030.011099
2894.062760
2966.227914
2390.000049
2968.993396
2339.006089
2001.007014
2233.002050
2717.991465
2558.000578
2656.991466
2791.145384
2443.804299
2790.020408
2961.978051
2833.977837
2488.987932
2776.995244
2066.013955
2993.983217
2358.995669
2068.006705
2876.991602
2315.959683
2600.861956
2341.007603
2296.004156
2853.985794
2255.978418
2972.477579
2793.770065
2828.999799
2827.999341
2070.035269
2617.981730
2743.001050
2804.994173
2862.995101
2934.003220
2895.980268
2929.031643
2498.012535
2349.008888
2933.975043
2665.998207
2874.991695
2007.015412
2839.988584
2213.015398
2736.008394
2187.009992
2702.987034
2368.018040
2964.201732
2790.091747
2540.003766
2534.015569
2605.028375
2397.024997
2440.002959
2293.002230
2282.009787
2143.003560
2705.974251
2429.984398
2730.994236
2305.017369
2051.979415
2496.964934
2333.918414
2585.060747
2057.006605
2289.003077
2960.967645
2253.011268
2835.995987
2145.020074
2515.002475
2749.992185
2129.006773
2542.015780
2671.998963
2824.990409
2916.984047
2530.997998
2179.001594
2613.991953
2800.988279
2018.032190
2637.010909
2352.037808
2658.995367
2410.005896
2402.004119
2722.988510
2287.026561
2559.036651
2706.013085
2075.011765
2522.054663
2555.941493
2631.000655
2229.015156
2586.969871
2498.101432
2973.990824
2029.009154
2017.008432
2830.993191
2558.037866
2468.022520
2037.060431
2479.063497
2804.026440
2232.993164
2177.007071
2871.990206
2695.981319
2578.028485
2317.005040
2100.009784
2479.994711
2082.999337
2820.988413
2670.984757
2044.025200
2644.987635
2881.986814
2661.997178
2737.927996
2572.964368
2298.109320
2609.933510
2269.003883
2414.008838
2315.105142
2592.449674
2919.987212
2287.991986
2305.003579
2956.989728
2246.033482
2436.980390
2416.005334
2258.009080
2788.009122
2654.995469
2188.994822
2537.014403
2421.998911
2626.996080
2826.013032
2924.999910
2062.003836
2194.001377
2532.001810
2860.985598
2873.960268
2134.028706
2793.738544
2439.541158
2167.005787
2037.005552
2623.993518
2452.987619
2103.018583
2592.992460
2579.992687
2781.990294
2718.999976
2556.056846
2783.864050
2383.010811
2808.885536
2444.982036
2896.956087
2976.820665
2282.003489
2850.990893
2953.976270
2997.983731
2583.991538
2516.932662
2003.006980
2141.004176
2680.041029
2596.939241
2365.004980
2177.003700
2586.016390
2248.008260
2786.801835
2383.004417
2912.976177
2192.014020
2585.026968
2441.023051
2119.010539
2722.988382
2435.007947
2030.016649
2894.094775
2966.344134
2390.000073
2968.990095
2339.009133
2001.010521
2233.003076
2717.987197
2558.000867
2656.987200
2791.223152
2443.698624
2790.028572
2961.969271
2833.968971
2488.983105
2776.993341
2066.019536
2993.976504
2358.993936
2068.009387
2876.988243
2315.943529
2600.805053
2341.010644
2296.005819
2853.980109
2255.969781
2972.260219
2793.674359
2828.999719
2827.999077
2070.049379
2617.974420
2743.001470
2804.991842
2862.993136
2934.004506
2895.972379
2929.044293
2498.017549
2349.012443
2933.965060
2665.997489
2874.988373
2007.021577
2839.984016
2213.021560
2736.011752
2187.013988
2702.981845
2368.025257
2964.286911
2790.130443
2540.005252
2534.021816
2605.039728
2397.034998
2440.004142
2293.003122
2282.013702
2143.004984
2705.963949
2429.978156
2730.991930
2305.024317
2051.971143
2496.950862
2333.885681
2585.085135
2057.009248
2289.004308
2960.954701
2253.015776
2835.994383
2145.028104
2515.003465
2749.989060
2129.009483
2542.022094
2671.998548
2824.986572
2916.977666
2530.997197
2179.002230
2613.988734
2800.983590
2018.045067
2637.015273
2352.052934
2658.993513
2410.008254
2402.005767
2722.983914
2287.037193
2559.051323
2706.018320
2075.016471
2522.076555
2555.918061
2631.000916
2229.021219
2586.957771
2498.142239
2973.987154
2029.012816
2017.011804
2830.990468
2558.053012
2468.031533
2037.084659
2479.088962
2804.037024
2232.990426
2177.009899
2871.986288
2695.973806
2578.039927
2317.007056
2100.013698
2479.992595
2082.999071
2820.983777
2670.978659
2044.035280
2644.982689
2881.981539
2661.996049
2737.899149
2572.950094
2298.153169
2609.906778
2269.005435
2414.012373
2315.147242
2592.635853
2919.982097
2287.988780
2305.005011
2956.985619
2246.046882
2436.972539
2416.007468
2258.012712
2788.012773
2654.993658
2188.992749
2537.020165
2421.998475
2626.994513
2826.018245
2924.999875
2062.005371
2194.001927
2532.002534
2860.979837
2873.944371
2134.040190
2793.622118
2439.776872
2167.008101
2037.007772
2623.990925
2452.982664
2103.026017
2592.989444
2579.989762
2781.986411
2718.999996
2556.079613
2783.552317
2383.007232
2808.839425
2444.974869
2896.938091
2976.747399
2282.004884
2850.987250
2953.966779
2997.977221
2583.988170
2516.905630
2003.009772
2141.005847
2680.057478
2596.914901
2365.006972
2177.005179
2586.022947
2248.011564
2786.659025
2383.007354
2912.966647
2192.019628
2585.037760
2441.032273
2119.014755
2722.983734
2435.011127
2030.023309
2894.133764
2966.485625
2390.000103
2968.986133
2339.012787
2001.014730
2233.004306
2717.982076
2558.001213
2656.982079
2791.321825
2443.563542
2790.038099
2961.959027
2833.958626
2488.977472
2776.991121
2066.026048
2993.968671
2358.991915
2068.012517
2876.984325
2315.924666
2600.737320
2341.014192
2296.007758
2853.973475
2255.959702
2971.999772
2793.559652
2828.999625
2827.998770
2070.065842
2617.965891
2743.001960
2804.989122
2862.990838
2934.006004
2895.963179
2929.059046
2498.023399
2349.016591
2933.953412
2665.996652
2874.984498
2007.028770
2839.978686
2213.028751
2736.015670
2187.018651
2702.975791
2368.033679
2964.389829
2790.177165
2540.006972
2534.029119
2605.052976
2397.046666
2440.005522
2293.004162
2282.018269
2143.006645
2705.951927
2429.970872
2730.989240
2305.032423
2051.961464
2496.934412
2333.847423
2585.113654
2057.012330
2289.005744
2960.939599
2253.021036
2835.992511
2145.037472
2515.004620
2749.985413
2129.012644
2542.029460
2671.998063
2824.982096
2916.970221
2530.996262
2179.002973
2613.984978
2800.978119
2018.060091
2637.020366
2352.070584
2658.991350
2410.011006
2402.007689
2722.978552
2287.049601
2559.068448
2706.024428
2075.021961
2522.102115
2555.890703
2631.001221
2229.028293
2586.943621
2498.190014
2973.982872
2029.017087
2017.015739
2830.987290
2558.070684
2468.042052
2037.112966
2479.118717
2804.049377
2232.987230
2177.013199
2871.981717
2695.965011
2578.053311
2317.009408
2100.018264
2479.990126
2082.998761
2820.978367
2670.971544
2044.047039
2644.976920
2881.975386
2661.994732
2737.865458
2572.933423
2298.204415
2609.875496
2269.007246
2414.016499
2315.196366
2592.858014
2919.976130
2287.985039
2305.006681
2956.980825
2246.062520
2436.963375
2416.009957
2258.016950
2788.017034
2654.991546
2188.990332
2537.026888
2421.997965
2626.992685
2826.024328
2924.999836
2062.007161
2194.002570
2532.003378
2860.973116
2873.925819
2134.053590
2793.474775
2440.070493
2167.010802
2037.010363
2623.987900
2452.976881
2103.034689
2592.985924
2579.986349
2781.981881
2719.000041
2556.106198
2783.316950
2383.004296
2808.785402
2444.966517
2896.916651
2976.660321
2282.006512
2850.983000
2953.955705
2997.969624
2583.984255
2516.874022
2003.013029
2141.007796
2680.076693
2596.886479
2365.009296
2177.006906
2586.030597
2248.015418
2786.801835
2383.004417
2912.955528
2192.026172
2585.050355
2441.043033
2119.019674
2722.978312
2435.014836
2030.031079
2894.179931
2966.653133
2390.000137
2968.981510
2339.017049
2001.019640
2233.005741
2717.976102
2558.001618
2656.976106
2791.446188
2443.391641
2790.048989
2961.947319
2833.946803
2488.971035
2776.988583
2066.033490
2993.959720
2358.989604
2068.016093
2876.979846
2315.903087
2600.657986
2341.018247
2296.009975
2853.965890
2255.948179
2971.692095
2793.424102
2828.999518
2827.998418
2070.084659
2617.956141
2743.002520
2804.986014
2862.988205
2934.007714
2895.952669
2929.075901
2498.030085
2349.021331
2933.940100
2665.995695
2874.980068
2007.036990
2839.972593
2213.036972
2736.020147
2187.023979
2702.968870
2368.043306
2964.512620
2790.232863
2540.008918
2534.037482
2605.068120
2397.060003
2440.007100
2293.005351
2282.023489
2143.008543
2705.938184
2429.962545
2730.986165
2305.041687
2051.950366
2496.915569
2333.803608
2585.146334
2057.015853
2289.007385
2960.922338
2253.027049
2835.990373
2145.048180
2515.005940
2749.981245
2129.016257
2542.037880
2671.997510
2824.976981
2916.961713
2530.995194
2179.003820
2613.980685
2800.971866
2018.077263
2637.026186
2352.090758
2658.988878
2410.014150
2402.009886
2722.972424
2287.063785
2559.088029
2706.031408
2075.028236
2522.131351
2555.859408
2631.001569
2229.036377
2586.927405
2498.244834
2973.977979
2029.021970
2017.020236
2830.983659
2558.090881
2468.054078
2037.145368
2479.152783
2804.063501
2232.983574
2177.016970
2871.976493
2695.954921
2578.068653
2317.012095
2100.023483
2479.987304
2082.998405
2820.972183
2670.963412
2044.060479
2644.970326
2881.968354
2661.993226
2737.826910
2572.914349
2298.263098
2609.839620
2269.009315
2414.021214
2315.252461
2593.118986
2919.969311
2287.980763
2305.008590
2956.975346
2246.080400
2436.952895
2416.012802
2258.021793
2788.021906
2654.989134
2188.987568
2537.034572
2421.997383
2626.990597
2826.031279
2924.999792
2062.009207
2194.003304
2532.004344
2860.965434
2873.904612
2134.068907
2793.286190
2440.438588
2167.013888
2037.013324
2623.984443
2452.970270
2103.044601
2592.981902
2579.982448
2781.976704
2719.000120
2556.136608
2783.144055
2383.002029
2808.723363
2444.956982
2896.891699
2976.559209
2282.008373
2850.978143
2953.943050
2997.960940
2583.979797
2516.837806
2003.016752
2141.010023
2680.098688
2596.853962
2365.011952
2177.008879
2586.039341
2248.019823
2786.903033
2383.002209
2912.942820
2192.033651
2585.064754
2441.055332
2119.025295
2722.972115
2435.019076
2030.039960
2894.233839
2966.848654
2390.000176
2968.976227
2339.021920
2001.025252
2233.007381
2717.969274
2558.002081
2656.969279
2791.605452
2443.168701
2790.061242
2961.934147
2833.933501
2488.963793
2776.985728
2066.041862
2993.949650
2358.987005
2068.020116
2876.974807
2315.878791
2600.566025
2341.022809
2296.012469
2853.957355
2255.935210
2971.331444
2793.265154
2828.999397
2827.998023
2070.105830
2617.945171
2743.003150
2804.982518
2862.985237
2934.009635
2895.940851
2929.094853
2498.037607
2349.026665
2933.925123
2665.994618
2874.975086
2007.046237
2839.965736
2213.046224
2736.025185
2187.029974
2702.961083
2368.054138
2964.658309
2790.298883
2540.011083
2534.046915
2605.085160
2397.075010
2440.008874
2293.006689
2282.029361
2143.010679
2705.922721
2429.953176
2730.982705
2305.052109
2051.937833
2496.894314
2333.754203
2585.183210
2057.019816
2289.009232
2960.902917
2253.033814
2835.987967
2145.060227
2515.007426
2749.976557
2129.020323
2542.047354
2671.996888
2824.971226
2916.952141
2530.993993
2179.004773
2613.975854
2800.964831
2018.096583
2637.032736
2352.113458
2658.986095
2410.017686
2402.012357
2722.965530
2287.079750
2559.110069
2706.039263
2075.035295
2522.164274
2555.824166
2631.001959
2229.045472
2586.909107
2498.306786
2973.972473
2029.027462
2017.025295
2830.979573
2558.113603
2468.067615
2037.181885
2479.191185
2804.079400
2232.979458
2177.021213
2871.970617
2695.943520
2578.085972
2317.015119
2100.029354
2479.984129
2082.998005
2820.965223
2670.954262
2044.075599
2644.962909
2881.960442
2661.991531
2737.783486
2572.892863
2298.329265
2609.799101
2269.011642
2414.026520
2315.315526
2593.422509
2919.961640
2287.975951
2305.010737
2956.969182
2246.100522
2436.941096
2416.016003
2258.027242
2788.027389
2654.986421
2188.984457
2537.043217
2421.996728
2626.988248
2826.039099
2924.999743
2062.011508
2194.004130
2532.005430
2860.956792
2873.880748
2134.086141
2793.034833
2440.915496
2167.017360
2037.016655
2623.980554
2452.962829
2103.055753
2592.977377
2579.978059
2781.970880
2719.000246
2556.170857
2783.027896
2383.000466
2808.653334
2444.946416
2896.863010
2976.443256
2282.010466
2850.972678
2953.928815
2997.951167
2583.974804
2516.796941
2003.020940
2141.012529
2680.123476
2596.817337
2365.014940
2177.011098
2586.049179
2248.024779
2786.968288
2383.000727
2912.928522
2192.042066
2585.080958
2441.069169
2119.031619
2722.965143
2435.023847
2030.049952
2894.296033
2967.074125
2390.000220
2968.970284
2339.027401
2001.031565
2233.009226
2717.961592
2558.002601
2656.961599
2791.446188
2443.391641
2790.074859
2961.919510
2833.918716
2488.955747
2776.982555
2066.051164
2993.938460
2358.984117
2068.024586
2876.969209
2315.851783
2600.460054
2341.027877
2296.015240
2853.947867
2255.920794
2970.909589
2793.079149
2828.999263
2827.997585
2070.129358
2617.932979
2743.003850
2804.978633
2862.981929
2934.011766
2895.927726
2929.115902
2498.045964
2349.032591
2933.908482
2665.993421
2874.969549
2007.056513
2839.958115
2213.056509
2736.030784
2187.036634
2702.952428
2368.066177
2964.831378
2790.377221
2540.013456
2534.057426
2605.104098
2397.091687
2440.010845
2293.008175
2282.035886
2143.013052
2705.905535
2429.942763
2730.978860
2305.063691
2051.923848
2496.870627
2333.699169
2585.224322
2057.024220
2289.011283
2960.881336
2253.041332
2835.985295
2145.073613
2515.009076
2749.971348
2129.024840
2542.057883
2671.996196
2824.964831
2916.941505
2530.992658
2179.005831
2613.970486
2800.957012
2018.118051
2637.040015
2352.138686
2658.983002
2410.021616
2402.015103
2722.957870
2287.097498
2559.134576
2706.047991
2075.043139
2522.200896
2555.784963
2631.002393
2229.055579
2586.888706
2498.375973
2973.966356
2029.033565
2017.030916
2830.975034
2558.138851
2468.082663
2037.222542
2479.233949
2804.097076
2232.974880
2177.025927
2871.964087
2695.930789
2578.105289
2317.018479
2100.035878
2479.980599
2082.997559
2820.957488
2670.944095
2044.092398
2644.954668
2881.951652
2661.989648
2737.735167
2572.868955
2298.402970
2609.753883
2269.014226
2414.032416
2315.385484
2593.773676
2919.953117
2287.970604
2305.013123
2956.962334
2246.122891
2436.927975
2416.019560
2258.033296
2788.033485
2654.983409
2188.981001
2537.052824
2421.995999
2626.985639
2826.047789
2924.999691
2062.014065
2194.005048
2532.006636
2860.947190
2873.854224
2134.105294
2793.286190
2440.438588
2167.021218
2037.020357
2623.976233
2452.954557
2103.068144
2592.972348
2579.973183
2781.964409
2719.000432
2556.208956
2782.962392
2382.999599
2808.575291
2444.934759
2896.830296
2976.311439
2282.012792
2850.966607
2953.912998
2997.940306
2583.969284
2516.751384
2003.025593
2141.015314
2680.151072
2596.776590
2365.018260
2177.013564
2586.060111
2248.030285
2787.000720
2382.999972
2912.912634
2192.051416
2585.098970
2441.084546
2119.038645
2722.957396
2435.029148
2030.061055
2894.367204
2967.332013
2390.000269
2968.963680
2339.033490
2001.038580
2233.011275
2717.953058
2558.003180
2656.953065
2791.321890
2443.563546
