2703.995088
2163.997721
2489.000056
2616.999966
2143.000050
2655.999983
2099.000028
2913.999956
2726.999918
2629.999958
2157.000041
2075.000044
2622.000327
2234.999684
2686.007838
2155.004120
2391.000058
2234.000021
2147.000056
2368.999998
2703.985257
2163.993158
2489.000169
2616.999897
2143.000150
2655.999950
2099.000085
2913.999869
2726.999755
2629.999873
2157.000124
2075.000133
2622.000982
2234.999052
2686.023524
2155.012364
2391.000175
2234.000063
2147.000167
2368.999994
2703.970494
2163.986307
2489.000338
2616.999793
2143.000300
2655.999900
2099.000171
2913.999739
2726.999510
2629.999745
2157.000248
2075.000266
2622.001964
2234.998104
2686.047082
2155.024746
2391.000350
2234.000126
2147.000334
2368.999988
2703.950778
2163.977155
2489.000564
2616.999655
2143.000499
2655.999833
2099.000285
2913.999565
2726.999183
2629.999576
2157.000413
2075.000443
2622.003273
2234.996840
2686.078546
2155.041280
2391.000583
2234.000209
2147.000557
2368.999980
2703.926081
2163.965690
2489.000845
2616.999483
2143.000749
2655.999750
2099.000427
2913.999347
2726.998775
2629.999364
2157.000619
2075.000665
2622.004910
2234.995260
2686.117961
2155.061992
2391.000875
2234.000314
2147.000836
2368.999969
2703.896368
2163.951893
2489.001184
2616.999276
2143.001049
2655.999650
2099.000598
2913.999086
2726.998285
2629.999109
2157.000867
2075.000931
2622.006874
2234.993364
2686.165387
2155.086908
2391.001225
2234.000439
2147.001171
2368.999957
2703.861596
2163.935744
2489.001578
2616.999034
2143.001399
2655.999533
2099.000797
2913.998781
2726.997714
2629.998812
2157.001156
2075.001242
2622.009166
2234.991152
2686.220893
2155.116066
2391.001633
2234.000586
2147.001561
2368.999943
2703.821715
2163.917218
2489.002029
2616.998758
2143.001798
2655.999400
2099.001025
2913.998432
2726.997060
2629.998473
2157.001486
2075.001596
2622.011786
2234.988624
2686.284564
2155.149506
2391.002099
2234.000753
2147.002007
2368.999926
2703.776665
2163.896284
2489.002536
2616.998448
2143.002248
2655.999250
2099.001281
2913.998040
2726.996325
2629.998091
2157.001857
2075.001996
2622.014733
2234.985779
2686.356499
2155.187278
2391.002624
2234.000942
2147.002508
2368.999908
2703.726378
2163.872909
2489.003100
2616.998103
2143.002747
2655.999083
2099.001566
2913.997605
2726.995509
2629.997667
2157.002270
2075.002439
2622.018008
2234.982619
2686.436809
2155.229438
2391.003207
2234.001151
2147.003066
2368.999888
2703.670777
2163.847055
2489.003720
2616.997723
2143.003297
2655.998900
2099.001879
2913.997126
2726.994610
2629.997200
2157.002724
2075.002927
2622.021612
2234.979142
2686.525624
2155.276050
2391.003849
2234.001381
2147.003679
2368.999865
2703.609774
2163.818677
2489.004396
2616.997309
2143.003896
2655.998699
2099.002221
2913.996603
2726.993631
2629.996691
2157.003219
2075.003459
2622.025543
2234.975348
2686.623090
2155.327187
2391.004549
2234.001632
2147.004348
2368.999841
2703.543269
2163.787726
2489.005129
2616.996861
2143.004545
2655.998483
2099.002591
2913.996037
2726.992569
2629.996139
2157.003756
2075.004035
2622.029803
2234.971239
2686.729370
2155.382931
2391.005307
2234.001904
2147.005072
2368.999814
2703.471151
2163.754147
2489.005918
2616.996378
2143.005245
2655.998249
2099.002990
2913.995428
2726.991426
2629.995545
2157.004334
2075.004656
2622.034391
2234.966813
2686.844651
2155.443374
2391.006123
2234.002197
2147.005853
2368.999785
2703.393296
2163.717877
2489.006764
2616.995860
2143.005994
2655.997999
2099.003417
2913.994774
2726.990201
2629.994909
2157.004953
2075.005321
2622.039308
2234.962070
2686.969138
2155.508618
2391.006998
2234.002511
2147.006689
2368.999755
2703.309563
2163.678847
2489.007666
2616.995308
2143.006793
2655.997732
2099.003872
2913.994078
2726.988894
2629.994230
2157.005613
2075.006031
2622.044554
2234.957010
2687.103062
2155.578780
2391.007931
2234.002846
2147.007581
2368.999722
2703.219798
2163.636980
2489.008624
2616.994722
2143.007642
2655.997449
2099.004356
2913.993337
2726.987506
2629.993509
2157.006315
2075.006785
2622.050128
2234.951634
2687.246682
2155.653987
2391.008922
2234.003202
2147.008528
2368.999687
2703.123825
2163.592189
2489.009638
2616.994101
2143.008541
2655.997149
2099.004869
2913.992554
2726.986036
2629.992745
2157.007057
2075.007583
2622.056032
2234.945941
2687.400288
2155.734384
2391.009972
2234.003579
2147.009531
2368.999650
2703.021451
2163.544376
2489.010709
2616.993445
2143.009490
2655.996832
2099.005410
2913.991726
2726.984484
2629.991939
2157.007842
2075.008426
2622.062266
2234.939932
2687.564201
2155.820133
2391.011080
2234.003977
2147.010590
2368.999612
2702.912455
2163.493434
2489.011837
2616.992756
2143.010489
2655.996498
2099.005979
2913.990855
2726.982851
2629.991091
2157.008667
2075.009312
2622.068829
2234.933605
2687.738786
2155.911413
2391.012246
2234.004395
2147.011705
2368.999571
2702.796593
2163.439238
2489.013020
2616.992031
2143.011538
2655.996148
2099.006577
2913.989941
2726.981136
2629.990200
2157.009534
2075.010244
2622.075722
2234.926961
2687.924448
2156.008428
2391.013470
2234.004835
2147.012876
2368.999528
2702.673589
2163.381653
2489.014261
2616.991272
2143.012637
2655.995781
2099.007203
2913.988983
2726.979339
2629.989267
2157.010442
2075.011219
2622.082946
2234.919999
2688.121648
2156.111406
2391.014753
2234.005295
2147.014102
2368.999483
2702.543128
2163.320521
2489.015557
2616.990479
2143.013786
2655.995398
2099.007858
2913.987981
2726.977461
2629.988291
2157.011391
2075.012239
2622.090500
2234.912721
2688.330903
2156.220606
2391.016094
2234.005777
2147.015384
2368.999436
2702.404856
2163.255667
2489.016910
2616.989651
2143.014985
2655.994998
2099.008542
2913.986936
2726.975501
2629.987272
2157.012381
2075.013304
2622.098384
2234.905125
2688.552803
2156.336322
2391.017494
2234.006279
2147.016722
2368.999387
2702.258368
2163.186887
2489.018319
2616.988788
2143.016234
2655.994581
2099.009253
2913.985847
2726.973459
2629.986212
2157.013413
2075.014412
2622.106600
2234.897211
2688.788020
2156.458889
2391.018952
2234.006803
2147.018115
2368.999336
2702.103197
2163.113950
2489.019785
2616.987891
2143.017532
2655.994147
2099.009994
2913.984715
2726.971336
2629.985109
2157.014486
2075.015565
2622.115148
2234.888979
2689.037328
2156.588691
2391.020468
2234.007347
2147.019565
2368.999282
2701.938804
2163.036588
2489.021307
2616.986960
2143.018881
2655.993697
2099.010763
2913.983539
2726.969131
2629.983963
2157.015601
2075.016763
2622.124027
2234.880430
2689.301620
2156.726175
2391.022042
2234.007913
2147.021070
2368.999227
2701.764561
2162.954487
2489.022885
2616.985994
2143.020279
2655.993230
2099.011560
2913.982320
2726.966844
2629.982775
2157.016756
2075.018004
2622.133238
2234.871562
2689.581939
2156.871859
2391.023675
2234.008499
2147.022630
2368.999170
2701.579728
2162.867279
2489.024520
2616.984993
2143.021728
2655.992747
2099.012385
2913.981057
2726.964475
2629.981545
2157.017953
2075.019290
2622.142781
2234.862377
2689.879514
2157.026356
2391.025366
2234.009106
2147.024247
2368.999111
2701.383421
2162.774524
2489.026212
2616.983958
2143.023226
2655.992246
2099.013240
2913.979751
2726.962025
2629.980272
2157.019191
2075.020621
2622.152657
2234.852873
2690.195807
2157.190395
2391.027115
2234.009734
2147.025919
2368.999049
2701.174575
2162.675691
2489.027959
2616.982889
2143.024775
2655.991729
2099.014122
2913.978401
2726.959493
2629.978957
2157.020470
2075.021995
2622.162866
2234.843050
2690.532587
2157.364856
2391.028922
2234.010384
2147.027647
2368.998986
2700.951884
2162.570130
2489.029763
2616.981785
2143.026373
2655.991196
2099.015033
2913.977007
2726.956880
2629.977599
2157.021791
2075.023415
2622.173409
2234.832909
2690.892021
2157.550819
2391.030788
2234.011054
2147.029431
2368.998921
2700.713710
2162.457027
2489.031624
2616.980646
2143.028022
2655.990646
2099.015973
2913.975570
2726.954185
2629.976199
2157.023153
2075.024878
2622.184285
2234.822449
2691.276825
2157.749636
2391.032712
2234.011745
2147.031270
2368.998853
2700.457956
2162.335335
2489.033541
2616.979473
2143.029720
2655.990079
2099.016941
2913.974090
2726.951408
2629.974756
2157.024556
2075.026386
2622.195496
2234.811670
2691.690478
2157.963039
2391.034695
2234.012457
2147.033165
2368.998784
2700.181851
2162.203678
2489.035514
2616.978266
2143.031468
2655.989495
2099.017938
2913.972566
2726.948549
2629.973271
2157.026001
2075.027938
2622.207041
2234.800572
2692.137578
2158.193317
2391.036735
2234.013190
2147.035116
2368.998712
2699.881588
2162.060160
2489.037544
2616.977024
2143.033266
2655.988895
2099.018963
2913.970998
2726.945608
2629.971744
2157.027486
2075.029534
2622.218921
2234.789155
2692.624437
2158.443610
2391.038834
2234.013944
2147.037123
2368.998638
2699.551665
2161.902045
2489.039630
2616.975747
2143.035115
2655.988278
2099.020016
2913.969387
2726.942586
2629.970174
2157.029013
2075.031175
2622.231137
2234.777418
2693.160187
2158.718462
2391.040992
2234.014720
2147.039185
2368.998563
2699.183525
2161.725078
2489.041772
2616.974436
2143.037013
2655.987644
2099.021098
2913.967732
2726.939482
2629.968562
2157.030581
2075.032861
2622.243688
2234.765361
2693.759020
2159.024929
2391.043207
2234.015516
2147.041303
2368.998485
2698.762356
2161.521899
2489.043971
2616.973091
2143.038961
2655.986994
2099.022209
2913.966034
2726.936297
2629.966907
2157.032191
2075.034590
2622.256575
2234.752985
2694.445511
2159.375221
2391.045481
2234.016333
2147.043477
2368.998405
2698.257472
2161.277276
2489.046227
2616.971711
2143.040959
2655.986327
2099.023348
2913.964292
2726.933029
2629.965210
2157.033842
2075.036364
2622.269799
2234.740288
2695.270566
2159.794610
2391.047813
2234.017171
2147.045707
2368.998324
2697.577674
2160.946014
2489.048538
2616.970296
2143.043007
2655.985643
2099.024515
2913.962506
2726.929680
2629.963470
2157.035534
2075.038182
2622.283360
2234.727271
2696.385484
2160.358074
2391.050204
2234.018030
2147.047992
2368.998240
2695.796340
2160.071705
2489.050907
2616.968847
2143.045105
2655.984943
2099.025711
2913.960677
2726.926250
2629.961688
2157.037267
2075.040045
2622.297258
2234.713934
2699.327517
2161.822785
2391.052652
2234.018910
2147.050333
2368.998154
2694.140024
2159.259581
2489.053331
2616.967363
2143.047253
2655.984226
2099.026935
2913.958805
2726.922737
2629.959863
2157.039042
2075.041952
2622.311493
2234.700276
2702.061827
2163.184673
2391.055159
2234.019811
2147.052730
2368.998066
2692.508468
2158.459917
2489.055813
2616.965845
2143.049450
2655.983492
2099.028188
2913.956888
2726.919143
2629.957996
2157.040858
2075.043903
2622.326065
2234.686297
2704.754746
2164.526232
2391.057725
2234.020733
2147.055183
2368.997976
2690.887204
2157.665546
2489.058350
2616.964293
2143.051698
2655.982742
2099.029470
2913.954929
2726.915467
2629.956087
2157.042715
2075.045899
2622.340971
2234.671997
2707.430273
2165.859352
2391.060348
2234.021676
2147.057691
2368.997884
2689.271529
2156.874139
2489.060944
2616.962705
2143.053996
2655.981975
2099.030779
2913.952926
2726.911709
2629.954135
2157.044613
2075.047939
2622.356211
2234.657376
2710.096213
2167.187896
2391.063030
2234.022640
2147.060256
2368.997790
2687.659338
2156.084656
2489.063595
2616.961084
2143.056344
2655.981191
2099.032118
2913.950879
2726.907869
2629.952141
2157.046553
2075.050023
2622.371781
2234.642434
2712.756060
2168.513589
2391.065770
2234.023625
2147.062875
2368.997694
2686.049511
2155.296545
2489.066302
2616.959428
2143.058741
2655.980391
2099.033484
2913.948789
2726.903948
2629.950104
2157.048534
2075.052152
2622.387677
2234.627170
2715.411673
2169.837350
2391.068569
2234.024630
2147.065551
2368.997596
2684.441381
2154.509476
2489.069065
2616.957737
2143.061189
2655.979573
2099.034880
2913.946655
2726.899945
2629.948025
2157.050556
2075.054325
2622.403898
2234.611584
2718.064162
2171.159722
2391.071426
2234.025657
2147.068282
2368.997496
2682.834519
2153.723240
2489.071885
2616.956012
2143.063686
2655.978740
2099.036303
2913.944477
2726.895861
2629.945903
2157.052620
2075.056543
2622.420436
2234.595675
2720.714242
2172.481057
2391.074341
2234.026703
2147.071070
2368.997393
2681.228634
2152.937693
2489.074761
2616.954253
2143.066234
2655.977889
2099.037755
2913.942256
2726.891694
2629.943739
2157.054725
2075.058804
2622.437289
2234.579443
2723.362399
2173.801591
2391.077315
2234.027771
2147.073912
2368.997289
2679.623518
2152.152734
2489.077694
2616.952459
2143.068831
2655.977022
2099.039236
2913.939992
2726.887446
2629.941533
2157.056871
2075.061110
2622.454451
2234.562887
2726.008980
2175.121492
2391.080348
2234.028859
2147.076811
2368.997183
2678.019019
2151.368291
2489.080683
2616.950630
2143.071479
2655.976138
2099.040745
2913.937684
2726.883117
2629.939284
2157.059059
2075.063461
2622.471915
2234.546008
2728.654243
2176.440882
2391.083439
2234.029967
2147.079765
2368.997074
2676.415023
2150.584306
2489.083729
2616.948768
2143.074176
2655.975238
2099.042283
2913.935332
2726.878705
2629.936992
2157.061288
2075.065856
2622.489676
2234.528804
2731.298382
2177.759856
2391.086589
2234.031096
2147.082776
2368.996964
2674.811439
2149.800737
2489.086831
2616.946870
2143.076923
2655.974321
2099.043849
2913.932937
2726.874212
2629.934658
2157.063558
2075.068295
2622.507727
2234.511274
2733.941549
2179.078484
2391.089797
2234.032245
2147.085841
2368.996851
2673.208198
2149.017550
2489.089989
2616.944939
2143.079720
2655.973387
2099.045444
2913.930498
2726.869638
2629.932282
2157.065870
2075.070778
2622.526061
2234.493419
2736.583865
2180.396823
2391.093064
2234.033414
2147.088963
2368.996736
2671.605245
2148.234719
2489.093204
2616.942973
2143.082567
2655.972436
2099.047067
2913.928016
2726.864981
2629.929864
2157.068224
2075.073306
2622.544671
2234.475238
2739.225427
2181.714916
2391.096390
2234.034602
2147.092140
2368.996619
2670.002534
2147.452222
2489.096476
2616.940973
2143.085464
2655.971469
2099.048718
2913.925490
2726.860244
2629.927403
2157.070619
2075.075878
2622.563549
2234.456730
2741.866315
2183.032801
2391.099775
2234.035811
2147.095374
2368.996500
2668.400027
2146.670042
2489.099803
2616.938938
2143.088411
2655.970485
2099.050398
2913.922921
2726.855424
2629.924899
2157.073055
2075.078495
2622.582688
2234.437895
2744.506596
2184.350508
2391.103219
2234.037039
2147.098663
2368.996378
2666.797695
2145.888163
2489.103188
2616.936869
2143.091408
2655.969484
2099.052106
2913.920308
2726.850523
2629.922353
2157.075533
2075.081155
2622.602079
2234.418733
2747.146326
2185.668059
2391.106722
2234.038286
2147.102007
2368.996255
2665.195512
2145.106573
2489.106628
2616.934766
2143.094455
2655.968467
2099.053843
2913.917651
2726.845541
2629.919765
2157.078053
2075.083860
2622.621714
2234.399243
2749.785553
2186.985478
2391.110284
2234.039552
2147.105408
2368.996129
2663.593457
2144.325262
2489.110125
2616.932628
2143.097551
2655.967433
2099.055609
2913.914951
2726.840477
2629.917135
2157.080614
2075.086610
2622.641585
2234.379426
2752.424317
2188.302779
2391.113905
2234.040838
2147.108864
2368.996001
2661.991512
2143.544221
2489.113679
2616.930457
2143.100698
2655.966383
2099.057402
2913.912208
2726.835332
2629.914462
2157.083217
2075.089403
2622.661682
2234.359281
2755.062654
2189.619980
2391.117586
2234.042142
2147.112376
2368.995871
2660.389661
2142.763442
2489.117288
2616.928251
2143.103894
2655.965315
2099.059225
2913.909421
2726.830105
2629.911747
2157.085861
2075.092241
2622.681998
2234.338809
2757.700595
2190.937091
2391.121326
2234.043465
2147.115943
2368.995739
2658.787891
2141.982918
2489.120955
2616.926011
2143.107141
2655.964231
2099.061075
2913.906590
2726.824797
2629.908989
2157.088548
2075.095124
2622.702523
2234.318011
2760.338167
2192.254124
2391.125126
2234.044806
2147.119567
2368.995604
2657.186193
2141.202644
2489.124677
2616.923737
2143.110437
2655.963130
2099.062955
2913.903716
2726.819407
2629.906189
2157.091276
2075.098050
2622.723249
2234.296886
2762.975395
2193.571088
2391.128985
2234.046165
2147.123246
2368.995467
2655.584556
2140.422615
2489.128456
2616.921428
2143.113783
2655.962013
2099.064862
2913.900798
2726.813936
2629.903347
2157.094046
2075.101021
2622.744166
2234.275436
2765.612298
2194.887992
2391.132905
2234.047543
2147.126981
2368.995328
2653.982973
2139.642825
2489.132291
2616.919086
2143.117179
2655.960879
2099.066798
2913.897837
2726.808384
2629.900462
2157.096858
2075.104036
2622.765265
2234.253662
2768.248897
2196.204843
2391.136884
2234.048938
2147.130772
2368.995187
2652.381437
2138.863270
2489.136183
2616.916710
2143.120625
2655.959728
2099.068763
2913.894832
2726.802751
2629.897536
2157.099711
2075.107096
2622.786538
2234.231565
2770.885209
2197.521647
2391.140923
2234.050350
2147.134618
2368.995043
2650.779941
2138.083946
2489.140131
2616.914299
2143.124120
2655.958560
2099.070756
2913.891784
2726.797036
2629.894567
2157.102607
2075.110199
2622.807975
2234.209146
2773.521249
2198.838409
2391.145022
2234.051779
2147.138521
2368.994897
2649.178482
2137.304850
2489.144135
2616.911855
2143.127666
2655.957376
2099.072777
2913.888692
2726.791240
2629.891555
2157.105545
2075.113347
2622.829568
2234.186408
2776.157030
2200.155136
2391.149181
2234.053226
2147.142479
2368.994748
2647.577055
2136.525978
2489.148196
2616.909377
2143.131261
2655.956175
2099.074827
2913.885556
2726.785364
2629.888502
2157.108525
2075.116539
2622.851307
2234.163351
2778.792567
2201.471830
2391.153401
2234.054689
2147.146493
2368.994597
2645.975657
2135.747328
2489.152313
2616.906864
2143.134906
2655.954958
2099.076906
2913.882377
2726.779406
2629.885406
2157.111547
2075.119776
2622.873184
2234.139979
2781.427871
2202.788497
2391.157682
2234.056168
2147.150562
2368.994444
2644.374284
2134.968894
2489.156486
2616.904318
2143.138601
2655.953723
2099.079012
2913.879155
2726.773367
2629.882268
2157.114611
2075.123056
2622.895189
2234.116293
2784.062951
2204.105139
2391.162023
2234.057663
2147.154688
2368.994288
2642.772934
2134.190676
2489.160715
2616.901738
2143.142346
2655.952472
2099.081148
2913.875889
2726.767247
2629.879088
2157.117717
2075.126381
2622.917315
2234.092296
2786.697818
2205.421761
2391.166425
2234.059174
2147.158869
2368.994129
2641.171605
2133.412670
2489.165001
2616.899125
2143.146141
2655.951204
2099.083311
2913.872579
2726.761046
2629.875866
2157.120865
2075.129750
2622.939553
2234.067991
2789.332482
2206.738364
2391.170887
2234.060701
2147.163106
2368.993969
2639.570295
2132.634873
2489.169343
2616.896477
2143.149985
2655.949920
2099.085503
2913.869226
2726.754764
2629.872602
2157.124056
2075.133163
2622.961895
2234.043381
2791.966950
2208.054952
2391.175411
2234.062242
2147.167399
2368.993805
2637.969003
2131.857282
2489.173741
2616.893796
2143.153880
2655.948619
2099.087724
2913.865830
2726.748401
2629.869295
2157.127290
2075.136621
2622.984331
2234.018469
2794.601229
2209.371527
2391.179996
2234.063799
2147.171747
2368.993639
2636.367728
2131.079895
2489.178195
2616.891081
2143.157824
2655.947301
2099.089973
2913.862389
2726.741958
2629.865947
2157.130566
2075.140122
2623.006855
2233.993258
2797.235328
2210.688091
2391.184643
2234.065369
2147.176152
2368.993471
2634.766468
2130.302709
2489.182706
2616.888333
2143.161818
2655.945966
2099.092250
2913.858906
2726.735433
2629.862556
2157.133884
2075.143668
2623.029459
2233.967752
2799.869253
2212.004647
2391.189351
2234.066954
2147.180612
2368.993300
2633.165223
2129.525722
2489.187273
2616.885551
2143.165861
2655.944615
2099.094556
2913.855378
2726.728828
2629.859124
2157.137245
2075.147258
2623.052135
2233.941955
2802.503010
2213.321196
2391.194121
2234.068552
2147.185128
2368.993126
2631.563992
2128.748930
2489.191895
2616.882735
2143.169954
2655.943247
2099.096890
2913.851808
2726.722143
2629.855650
2157.140648
2075.150892
2623.074875
2233.915870
2805.136604
2214.637739
2391.198952
2234.070164
2147.189700
2368.992949
2629.962776
2127.972332
2489.196574
2616.879886
2143.174097
2655.941862
2099.099253
2913.848193
2726.715377
2629.852133
2157.144095
2075.154571
2623.097672
2233.889501
2807.770042
2215.954279
2391.203846
2234.071788
2147.194327
2368.992770
2628.361572
2127.195925
2489.201309
2616.877004
2143.178290
2655.940460
2099.101644
2913.844535
2726.708530
2629.848575
2157.147584
2075.158293
2623.120520
2233.862854
2810.403328
2217.270817
2391.208801
2234.073425
2147.199011
2368.992588
2626.760383
2126.419706
2489.206101
2616.874088
2143.182533
2655.939042
2099.104063
2913.840834
2726.701603
2629.844975
2157.151116
2075.162060
2623.143411
2233.835931
2813.036467
2218.587354
2391.213819
2234.075075
2147.203750
2368.992404
2625.159206
2125.643673
2489.210948
2616.871139
2143.186825
2655.937607
2099.106511
2913.837089
2726.694595
2629.841333
2157.154691
2075.165870
2623.166339
2233.808738
2815.669464
2219.903891
2391.218900
2234.076735
2147.208545
2368.992216
2623.558042
2124.867823
2489.215851
2616.868156
2143.191167
2655.936155
2099.108987
2913.833301
2726.687507
2629.837649
2157.158309
2075.169725
2623.189298
2233.781278
2818.302322
2221.220430
2391.224043
2234.078408
2147.213395
2368.992026
2621.956891
2124.092154
2489.220810
2616.865141
2143.195559
2655.934687
2099.111492
2913.829469
2726.680339
2629.833923
2157.161970
2075.173624
2623.212282
2233.753558
2820.935046
2222.536972
2391.229249
2234.080091
2147.218302
2368.991833
2620.355753
2123.316663
2489.225826
2616.862092
2143.200000
2655.933202
2099.114025
2913.825593
2726.673091
2629.830156
2157.165674
2075.177567
2623.235284
2233.725580
2823.567639
2223.853517
2391.234518
2234.081785
2147.223264
2368.991637
2618.754629
2122.541348
2489.230897
2616.859010
2143.204491
2655.931700
2099.116586
2913.821674
2726.665762
2629.826347
2157.169422
2075.181554
2623.258299
2233.697351
2826.200105
2225.170067
2391.239849
2234.083488
2147.228283
2368.991438
2617.153517
2121.766206
2489.236024
2616.855895
2143.209032
2655.930181
2099.119176
2913.817712
2726.658353
2629.822497
2157.173213
2075.185585
2623.281322
2233.668874
2828.832447
2226.486622
2391.245245
2234.085201
2147.233357
2368.991236
2615.552419
2120.991235
2489.241207
2616.852747
2143.213622
2655.928645
2099.121794
2913.813706
2726.650865
2629.818605
2157.177047
2075.189660
2623.304348
2233.640155
2831.464669
2227.803184
2391.250703
2234.086924
2147.238486
2368.991031
2613.951334
2120.216432
2489.246447
2616.849566
2143.218262
2655.927093
2099.124441
2913.809656
2726.643296
2629.814671
2157.180925
2075.193779
2623.327371
2233.611198
2834.096773
2229.119753
2391.256225
2234.088655
2147.243672
2368.990823
2612.350262
2119.441796
2489.251742
2616.846352
2143.222952
2655.925524
2099.127116
2913.805563
2726.635647
2629.810696
2157.184847
2075.197942
2623.350387
2233.582009
2836.728763
2230.436330
2391.261811
2234.090394
2147.248914
2368.990612
2610.749204
2118.667323
2489.257092
2616.843105
2143.227691
2655.923938
2099.129819
2913.801426
2726.627919
2629.806679
2157.188812
2075.202149
2623.373391
2233.552593
2839.360640
2231.752915
2391.267461
2234.092140
2147.254211
2368.990397
2609.148159
2117.893011
2489.262499
2616.839825
2143.232480
2655.922336
2099.132551
2913.797246
2726.620111
2629.802621
2157.192821
2075.206401
2623.396379
2233.522954
2841.992408
2233.069509
2391.273175
2234.093894
2147.259564
2368.990180
2607.547128
2117.118859
2489.267961
2616.836513
2143.237318
2655.920717
2099.135311
2913.793023
2726.612223
2629.798522
2157.196874
2075.210696
2623.419347
2233.493097
2844.624069
2234.386113
2391.278953
2234.095655
2147.264973
2368.989959
2605.946111
2116.344863
2489.273480
2616.833168
2143.242206
2655.919081
2099.138099
2913.788756
2726.604255
2629.794381
2157.200971
2075.215035
2623.442291
2233.463027
2847.255624
2235.702727
2391.284796
2234.097422
2147.270438
2368.989736
2604.345107
2115.571021
2489.279054
2616.829790
2143.247144
2655.917428
2099.140916
2913.784445
2726.596208
2629.790200
2157.205112
2075.219418
2623.465208
2233.432750
2849.887078
2237.019352
2391.290703
2234.099194
2147.275958
2368.989508
2602.744117
2114.797331
2489.284683
2616.826380
2143.252131
2655.915758
2099.143761
2913.780091
2726.588081
2629.785977
2157.209297
2075.223845
2623.488093
2233.402269
2852.518430
2238.335988
2391.296674
2234.100971
2147.281535
2368.989278
2601.143140
2114.023792
2489.290369
2616.822937
2143.257168
2655.914072
2099.146634
2913.775693
2726.579875
2629.781713
2157.213527
2075.228315
2623.510944
2233.371591
2855.149685
2239.652636
2391.302711
2234.102753
2147.287167
2368.989044
2599.542178
2113.250400
2489.296110
2616.819462
2143.262254
2655.912369
2099.149536
2913.771252
2726.571589
2629.777408
2157.217800
2075.232830
2623.533757
2233.340719
2857.780842
2240.969296
2391.308812
2234.104539
2147.292855
2368.988807
2597.941229
2112.477153
2489.301906
2616.815955
2143.267389
2655.910649
2099.152466
2913.766767
2726.563225
2629.773062
2157.222119
2075.237389
2623.556529
2233.309659
2860.411905
2242.285969
2391.314979
2234.106329
2147.298599
2368.988566
2596.340294
2111.704050
2489.307759
2616.812415
2143.272575
2655.908912
2099.155424
2913.762239
2726.554781
2629.768675
2157.226482
2075.241991
2623.579259
2233.278415
2863.042875
2243.602654
2391.321210
2234.108121
2147.304399
2368.988322
2594.739372
2110.931088
2489.313666
2616.808843
2143.277809
2655.907158
2099.158411
2913.757667
2726.546257
2629.764247
2157.230889
2075.246637
2623.601942
2233.246992
2865.673753
2244.919353
2391.327507
2234.109916
2147.310255
2368.988074
2593.138464
2110.158265
2489.319630
2616.805238
2143.283093
2655.905388
2099.161426
2913.753052
2726.537655
2629.759778
2157.235342
2075.251327
2623.624576
2233.215395
2868.304542
2246.236065
2391.333870
2234.111712
2147.316167
2368.987823
2591.537569
2109.385580
2489.325649
2616.801602
2143.288427
2655.903601
2099.164470
2913.748394
2726.528974
2629.755269
2157.239839
2075.256061
2623.647160
2233.183628
2870.935243
2247.552791
2391.340298
2234.113509
2147.322134
2368.987568
2589.936688
2108.613030
2489.331723
2616.797933
2143.293810
2655.901797
2099.167541
2913.743692
2726.520213
2629.750719
2157.244382
2075.260839
2623.669691
2233.151695
2873.565856
2248.869532
2391.346792
2234.115307
2147.328157
2368.987309
2588.335819
2107.840613
2489.337853
2616.794233
2143.299243
2655.899976
2099.170641
2913.738946
2726.511374
2629.746129
2157.248969
2075.265660
2623.692166
2233.119602
2876.196385
2250.186286
2391.353352
2234.117105
2147.334236
2368.987047
2586.734964
2107.068327
2489.344038
2616.790500
2143.304724
2655.898138
2099.173770
2913.734157
2726.502456
2629.741498
2157.253602
2075.270525
2623.714585
2233.087352
2878.826829
2251.503056
2391.359978
2234.118902
2147.340371
2368.986780
2585.134121
2106.296171
2489.350278
2616.786736
2143.310256
2655.896284
2099.176926
2913.729324
2726.493459
2629.736827
2157.258281
2075.275434
2623.736945
2233.054949
2881.457191
2252.819840
2391.366669
2234.120697
2147.346562
2368.986510
2583.533291
2105.524143
2489.356574
2616.782940
2143.315836
2655.894413
2099.180111
2913.724448
2726.484384
2629.732115
2157.263005
2075.280387
2623.759244
2233.022399
2884.087471
2254.136640
2391.373427
2234.122491
2147.352809
2368.986237
2581.932473
2104.752240
2489.362925
2616.779112
2143.321466
2655.892525
2099.183324
2913.719528
2726.475230
2629.727363
2157.267774
2075.285383
2623.781482
2232.989705
2886.717670
2255.453455
2391.380252
2234.124282
2147.359111
2368.985959
2580.331668
2103.980462
2489.369332
2616.775252
2143.327146
2655.890620
2099.186565
2913.714565
2726.465997
2629.722571
2157.272589
2075.290423
2623.803656
2232.956871
2889.347791
2256.770285
2391.387142
2234.126069
2147.365470
2368.985677
2578.730874
2103.208806
2489.375794
2616.771361
2143.332874
2655.888698
2099.189835
2913.709559
2726.456686
2629.717739
2157.277451
2075.295506
2623.825766
2232.923901
2891.977834
2258.087132
2391.394099
2234.127853
2147.371884
2368.985391
2577.130092
2102.437271
2489.382310
2616.767438
2143.338652
2655.886760
2099.193133
2913.704509
2726.447297
2629.712867
2157.282358
2075.300633
2623.847809
2232.890799
2894.607799
2259.403994
2391.401122
2234.129632
2147.378354
2368.985101
2575.529321
2101.665855
2489.388882
2616.763484
2143.344480
2655.884804
2099.196459
2913.699415
2726.437829
2629.707955
2157.287311
2075.305804
2623.869786
2232.857569
2897.237689
2260.720872
2391.408212
2234.131405
2147.384880
2368.984807
2573.928562
2100.894557
2489.395510
2616.759498
2143.350356
2655.882832
2099.199814
2913.694278
2726.428283
2629.703004
2157.292311
2075.311018
2623.891694
2232.824215
2899.867503
2262.037766
2391.415369
2234.133173
2147.391462
2368.984509
2572.327813
2100.123375
2489.402192
2616.755481
2143.356282
2655.880843
2099.203196
2913.689098
2726.418659
2629.698012
2157.297357
2075.316276
2623.913534
2232.790741
2902.497244
2263.354677
2391.422592
2234.134934
2147.398100
2368.984206
2570.727074
2099.352307
2489.408929
2616.751433
2143.362257
2655.878837
2099.206607
2913.683874
2726.408956
2629.692981
2157.302450
2075.321577
2623.935303
2232.757149
2905.126911
2264.671604
2391.429882
2234.136688
2147.404793
2368.983900
2569.126346
2098.581353
2489.415721
2616.747353
2143.368282
2655.876814
2099.210047
2913.678606
2726.399176
2629.687911
2157.307589
2075.326922
2623.957001
2232.723444
2907.756506
2265.988547
2391.437239
2234.138433
2147.411543
2368.983588
2567.525627
2097.810510
2489.422569
2616.743242
2143.374355
2655.874774
2099.213514
2913.673295
2726.389317
2629.682801
2157.312776
2075.332310
2623.978628
2232.689629
2910.386030
2267.305507
2391.444662
2234.140170
2147.418348
2368.983273
2565.924918
2097.039777
2489.429471
2616.739100
2143.380478
2655.872718
2099.217010
2913.667941
2726.379381
2629.677652
2157.318009
2075.337741
2624.000183
2232.655707
2913.015483
2268.622484
2391.452152
2234.141897
2147.425209
2368.982953
2564.324218
2096.269153
2489.436428
2616.734928
2143.386650
2655.870644
2099.220533
2913.662543
2726.369367
2629.672463
2157.323289
2075.343216
2624.021665
2232.621682
2915.644866
2269.939477
2391.459709
2234.143614
2147.432126
2368.982628
2562.723527
2095.498637
2489.443440
2616.730724
2143.392871
2655.868554
2099.224085
2913.657102
2726.359275
2629.667236
2157.328617
2075.348734
2624.043074
2232.587557
2918.274180
2271.256487
2391.467333
2234.145320
2147.439099
2368.982299
2561.122845
2094.728227
2489.450507
2616.726489
2143.399142
2655.866447
2099.227666
2913.651617
2726.349105
2629.661969
2157.333992
2075.354296
2624.064409
2232.553335
2920.903426
2272.573514
2391.475023
2234.147014
2147.446128
2368.981966
2559.522170
2093.957922
2489.457629
2616.722224
2143.405461
2655.864322
2099.231274
2913.646089
2726.338857
2629.656664
2157.339415
2075.359900
2624.085670
2232.519019
2923.532605
2273.890558
2391.482780
2234.148696
2147.453213
2368.981627
2557.921503
2093.187721
2489.464805
2616.717928
2143.411830
2655.862181
2099.234911
2913.640517
2726.328532
2629.651320
2157.344886
2075.365548
2624.106856
2232.484613
2926.161716
2275.207618
2391.490604
2234.150364
2147.460353
2368.981284
2556.320843
2092.417622
2489.472036
2616.713601
2143.418247
2655.860024
2099.238576
2913.634902
2726.318129
2629.645937
2157.350405
2075.371240
2624.127967
2232.450118
2928.790762
2276.524696
2391.498494
2234.152019
2147.467550
2368.980936
2554.720191
2091.647625
2489.479322
2616.709243
2143.424714
2655.857849
2099.242269
2913.629243
2726.307649
2629.640515
2157.355971
2075.376974
2624.149003
2232.415539
2931.419741
2277.841790
2391.506451
2234.153659
2147.474802
2368.980583
2553.119545
2090.877728
2489.486662
2616.704855
2143.431230
2655.855657
2099.245990
2913.623541
2726.297091
2629.635055
2157.361586
2075.382752
2624.169964
2232.380877
2934.048656
2279.158901
2391.514475
2234.155284
2147.482110
2368.980226
2551.518905
2090.107931
2489.494057
2616.700437
2143.437795
2655.853448
2099.249739
2913.617796
2726.286456
2629.629557
2157.367250
2075.388572
2624.190849
2232.346136
2936.677507
2280.476029
2391.522564
2234.156892
2147.489474
2368.979863
2549.918271
2089.338231
2489.501507
2616.695988
2143.444408
2655.851223
2099.253517
2913.612007
2726.275743
2629.624020
2157.372962
2075.394436
2624.211658
2232.311318
2939.306294
2281.793174
2391.530720
2234.158483
2147.496894
2368.979495
2548.317642
2088.568629
2489.509011
2616.691509
2143.451071
2655.848980
2099.257322
2913.606174
2726.264954
2629.618446
2157.378722
2075.400343
2624.232392
2232.276426
2941.935018
2283.110336
2391.538942
2234.160057
2147.504369
2368.979123
2546.717018
2087.799123
2489.516569
2616.686999
2143.457783
2655.846721
2099.261156
2913.600298
2726.254087
2629.612833
2157.384532
2075.406293
2624.253049
2232.241463
2944.563679
2284.427515
2391.547230
2234.161612
2147.511901
2368.978745
2545.116399
2087.029712
2489.524182
2616.682460
2143.464544
2655.844445
2099.265018
2913.594379
2726.243142
2629.607182
2157.390391
2075.412285
2624.273631
2232.206430
2947.192279
2285.744710
2391.555584
2234.163148
2147.519488
2368.978361
2543.515785
2086.260395
2489.531849
2616.677890
2143.471354
2655.842151
2099.268908
2913.588416
2726.232121
2629.601494
2157.396299
2075.418321
2624.294136
2232.171330
2949.820817
2287.061923
2391.564004
2234.164664
2147.527131
2368.977973
2541.915174
2085.491172
2489.539571
2616.673290
2143.478212
2655.839841
2099.272826
2913.582410
2726.221023
2629.595768
2157.402256
2075.424399
2624.314565
2232.136167
2952.449294
2288.379151
2391.572489
2234.166159
2147.534830
2368.977579
2540.314566
2084.722041
2489.547347
2616.668660
2143.485120
2655.837514
2099.276773
2913.576360
2726.209847
2629.590005
2157.408264
2075.430521
2624.334918
2232.100941
2955.077710
2289.696397
2391.581039
2234.167632
2147.542585
2368.977180
2538.713962
2083.953002
2489.555177
2616.664001
2143.492077
2655.835170
2099.280747
2913.570267
2726.198595
2629.584204
2157.414321
2075.436685
2624.355195
2232.065655
2957.706067
2291.013659
2391.589655
2234.169083
2147.550396
2368.976775
2537.113361
2083.184054
2489.563062
2616.659311
2143.499082
2655.832809
2099.284749
2913.564131
2726.187265
2629.578365
2157.420428
2075.442892
2624.375396
2232.030312
2960.334364
2292.330938
2391.598336
2234.170511
2147.558262
2368.976365
2535.512762
2082.415195
2489.571000
2616.654592
2143.506136
2655.830431
2099.288780
2913.557951
2726.175859
2629.572490
2157.426585
2075.449141
2624.395522
2231.994913
2962.962602
2293.648233
2391.607081
2234.171915
2147.566184
2368.975949
2533.912165
2081.646426
2489.578993
2616.649843
2143.513239
2655.828036
2099.292839
2913.551728
2726.164376
2629.566577
2157.432793
2075.455433
2624.415571
2231.959461
2965.590782
2294.965545
2391.615891
2234.173294
2147.574162
2368.975527
2532.311570
2080.877745
2489.587040
2616.645065
2143.520391
2655.825624
2099.296926
2913.545461
2726.152816
2629.560628
2157.439051
2075.461768
2624.435545
2231.923957
2968.218904
2296.282873
2391.624765
2234.174648
2147.582196
2368.975100
2530.710975
2080.109152
2489.595141
2616.640257
2143.527592
2655.823195
2099.301040
2913.539151
2726.141179
2629.554642
2157.445361
2075.468145
2624.455444
2231.888404
2970.846968
2297.600217
2391.633703
2234.175975
2147.590286
2368.974667
2529.110382
2079.340646
2489.603296
2616.635419
2143.534841
2655.820749
2099.305183
2913.532797
2726.129465
2629.548619
2157.451721
2075.474565
2624.475267
2231.852804
2973.474975
2298.917577
2391.642704
2234.177276
2147.598431
2368.974228
2527.509790
2078.572226
2489.611505
2616.630552
2143.542139
2655.818286
2099.309354
2913.526400
2726.117675
2629.542560
2157.458132
2075.481027
2624.495015
2231.817158
2976.102925
2300.234953
2391.651769
2234.178549
2147.606633
2368.973783
2525.909197
2077.803892
2489.619768
2616.625656
2143.549486
2655.815807
2099.313553
2913.519959
2726.105808
2629.536464
2157.464595
2075.487532
2624.514688
2231.781468
2978.730819
2301.552346
2391.660897
2234.179793
2147.614890
2368.973332
2524.308605
2077.035642
2489.628085
2616.620730
2143.556882
2655.813310
2099.317780
2913.513475
2726.093864
2629.530332
2157.471110
2075.494079
2624.534286
2231.745737
2981.358657
2302.869754
2391.670087
2234.181009
2147.623202
2368.972875
2522.708011
2076.267477
2489.636455
2616.615775
2143.564326
2655.810796
2099.322036
2913.506948
2726.081844
2629.524164
2157.477676
2075.500668
2624.553810
2231.709965
2983.986439
2304.187177
2391.679340
2234.182194
2147.631571
2368.972412
2521.107417
2075.499396
2489.644880
2616.610792
2143.571819
2655.808265
2099.326319
2913.500377
2726.069748
2629.517960
2157.484295
2075.507299
2624.573259
2231.674155
2986.614166
2305.504617
2391.688655
2234.183348
2147.639995
2368.971943
2519.506822
2074.731398
2489.653358
2616.605779
2143.579361
2655.805717
2099.330630
2913.493763
2726.057574
2629.511720
2157.490966
2075.513973
2624.592635
2231.638308
2989.241839
2306.822072
2391.698031
2234.184471
2147.648475
2368.971467
2517.906226
2073.963482
2489.661890
2616.600737
2143.586951
2655.803152
2099.334969
2913.487106
2726.045324
2629.505444
2157.497689
2075.520689
2624.611936
2231.602425
2991.869457
2308.139542
2391.707468
2234.185562
2147.657011
2368.970985
2516.305627
2073.195648
2489.670476
2616.595666
2143.594590
2655.800570
2099.339336
2913.480405
2726.032998
2629.499133
2157.504465
2075.527446
2624.631164
2231.566510
2994.497021
2309.457028
2391.716966
2234.186620
2147.665603
2368.970497
2514.705026
2072.427895
2489.679115
2616.590566
2143.602277
2655.797971
2099.343731
2913.473660
2726.020595
2629.492786
2157.511294
2075.534246
2624.650319
2231.530562
2997.124532
2310.774529
2391.726524
2234.187644
2147.674250
2368.970002
2513.104423
2071.660224
2489.687808
2616.585437
2143.610013
2655.795356
2099.348154
2913.466873
2726.008116
2629.486404
2157.518176
2075.541088
2624.669400
2231.494583
2999.751989
2312.092045
2391.736143
2234.188634
2147.682953
2368.969501
2511.503816
2070.892632
2489.696554
2616.580280
2143.617798
2655.792723
2099.352606
2913.460041
2725.995560
2629.479987
2157.525112
2075.547971
2624.688408
2231.458576
3002.379393
2313.409576
2391.745820
2234.189589
2147.691711
2368.968993
2509.903207
2070.125121
2489.705354
2616.575094
2143.625631
2655.790073
2099.357085
2913.453167
2725.982928
2629.473535
2157.532102
2075.554896
2624.707344
2231.422541
3005.006745
2314.727122
2391.755556
2234.190508
2147.700526
2368.968478
2508.302594
2069.357689
2489.714208
2616.569880
2143.633512
2655.787406
2099.361592
2913.446249
2725.970220
2629.467047
2157.539145
2075.561863
2624.726208
2231.386479
3007.634044
2316.044682
2391.765351
2234.191390
2147.709396
2368.967957
2506.701977
2068.590336
2489.723115
2616.564637
2143.641442
2655.784721
2099.366127
2913.439288
2725.957435
2629.460525
2157.546243
2075.568871
2624.745000
2231.350393
3010.261292
2317.362257
2391.775203
2234.192236
2147.718321
2368.967429
2505.101357
2067.823061
2489.732075
2616.559366
2143.649421
2655.782020
2099.370690
2913.432283
2725.944574
2629.453968
2157.553395
2075.575921
2624.763720
2231.314283
3012.888488
2318.679846
2391.785113
2234.193044
2147.727302
2368.966893
2503.500731
2067.055864
2489.741089
2616.554066
2143.657448
2655.779302
2099.375281
2913.425235
2725.931636
2629.447377
2157.560601
2075.583013
2624.782368
2231.278151
3015.515633
2319.997450
2391.795079
2234.193813
2147.736339
2368.966351
2501.900101
2066.288745
2489.750156
2616.548738
2143.665523
2655.776567
2099.379900
2913.418143
2725.918622
2629.440751
2157.567863
2075.590145
2624.800946
2231.241998
3018.142726
2321.315067
2391.805102
2234.194544
2147.745432
2368.965802
2500.299467
2065.521703
2489.759277
2616.543382
2143.673647
2655.773815
2099.384546
2913.411008
2725.905532
2629.434091
2157.575180
2075.597319
2624.819452
2231.205826
3020.769770
2322.632699
2391.815180
2234.195235
2147.754580
2368.965246
2498.698826
2064.754738
2489.768450
2616.537997
2143.681819
2655.771045
2099.389221
2913.403830
2725.892366
2629.427397
2157.582552
2075.604535
2624.837888
2231.169634
3023.396763
2323.950345
2391.825313
2234.195886
2147.763784
2368.964682
2497.098181
2063.987848
2489.777677
2616.532585
2143.690039
2655.768259
2099.393924
2913.396608
2725.879123
2629.420669
2157.589980
2075.611791
2624.856254
2231.133426
3026.023706
2325.268004
2391.835500
2234.196496
2147.773043
2368.964111
2495.497529
2063.221035
2489.786957
2616.527144
2143.698308
2655.765455
2099.398654
2913.389343
2725.865804
2629.413908
2157.597464
2075.619089
2624.874550
2231.097201
3028.650599
2326.585676
2391.845742
2234.197064
2147.782358
2368.963533
2493.896872
2062.454298
2489.796290
2616.521676
2143.706625
2655.762635
2099.403412
2913.382035
2725.852409
2629.407112
2157.605005
2075.626427
2624.892776
2231.060961
3031.277443
2327.903363
2391.856036
2234.197591
2147.791728
2368.962948
2492.296208
2061.687635
2489.805677
2616.516179
2143.714990
2655.759797
2099.408199
2913.374683
2725.838937
2629.400283
2157.612601
2075.633807
2624.910932
2231.024707
3033.904238
2329.221062
2391.866383
2234.198075
2147.801154
2368.962354
2490.695537
2060.921048
2489.815116
2616.510655
2143.723404
2655.756942
2099.413013
2913.367288
2725.825389
2629.393420
2157.620255
2075.641227
2624.929020
2230.988440
3036.530985
2330.538774
2391.876781
2234.198516
2147.810635
2368.961754
2489.094860
2060.154535
2489.824608
2616.505103
2143.731865
2655.754070
2099.417855
2913.359849
2725.811765
2629.386524
2157.627966
2075.648687
2624.947039
2230.952162
3039.157683
2331.856500
2391.887231
2234.198913
2147.820172
2368.961146
2487.494175
2059.388096
2489.834154
2616.499524
2143.740375
2655.751181
2099.422725
2913.352367
2725.798064
2629.379595
2157.635734
2075.656189
2624.964989
2230.915872
3041.784332
2333.174238
2391.897731
2234.199267
2147.829764
2368.960530
2485.893483
2058.621730
2489.843752
2616.493916
2143.748934
2655.748275
2099.427622
2913.344842
2725.784288
2629.372633
2157.643560
2075.663731
2624.982871
2230.879573
3044.410934
2334.491989
2391.908280
2234.199576
2147.839412
2368.959906
2484.292784
2057.855439
2489.853403
2616.488282
2143.757540
2655.745352
2099.432548
2913.337274
2725.770435
2629.365638
2157.651444
2075.671313
2625.000686
2230.843265
3047.037488
2335.809752
2391.918879
2234.199840
2147.849115
2368.959274
2482.692076
2057.089220
2489.863107
2616.482619
2143.766194
2655.742412
2099.437501
2913.329662
2725.756505
2629.358610
2157.659386
2075.678935
2625.018432
2230.806949
3049.663996
2337.127528
2391.929526
2234.200058
2147.858874
2368.958634
2481.091361
2056.323074
2489.872864
2616.476930
2143.774897
2655.739454
2099.442483
2913.322006
2725.742500
2629.351550
2157.667387
2075.686598
2625.036112
2230.770626
3052.290456
2338.445316
2391.940220
2234.200231
2147.868688
2368.957987
2479.490637
2055.557001
2489.882673
2616.471213
2143.783647
2655.736480
2099.447492
2913.314308
2725.728418
2629.344457
2157.675447
2075.694301
2625.053724
2230.734296
3054.916869
2339.763115
2391.950961
2234.200358
2147.878557
2368.957331
2477.889904
2054.791000
2489.892536
2616.465468
2143.792446
2655.733488
2099.452528
2913.306566
2725.714259
2629.337332
2157.683566
2075.702043
2625.071270
2230.697962
3057.543236
2341.080927
2391.961749
2234.200437
2147.888482
2368.956667
2476.289163
2054.025071
2489.902451
2616.459697
2143.801293
2655.730479
2099.457593
2913.298780
2725.700025
2629.330174
2157.691744
2075.709826
2625.088750
2230.661623
3060.169557
2342.398751
2391.972581
2234.200470
2147.898462
2368.955995
2474.688412
2053.259213
2489.912418
2616.453898
2143.810188
2655.727453
2099.462685
2913.290952
2725.685714
2629.322985
2157.699983
2075.717648
2625.106163
2230.625281
3062.795832
2343.716586
2391.983458
2234.200456
2147.908498
2368.955315
2473.087653
2052.493427
2489.922439
2616.448073
2143.819130
2655.724410
2099.467806
2913.283079
2725.671327
2629.315763
2157.708281
2075.725509
2625.123511
2230.588937
3065.422061
2345.034432
2391.994378
2234.200394
2147.918588
2368.954626
2471.486884
2051.727712
2489.932512
2616.442220
2143.828121
2655.721350
2099.472954
2913.275164
2725.656863
2629.308510
2157.716640
2075.733410
2625.140793
2230.552590
3068.048245
2346.352290
2392.005341
2234.200284
2147.928734
2368.953929
2469.886105
2050.962068
2489.942637
2616.436340
2143.837160
2655.718273
2099.478129
2913.267205
2725.642323
2629.301225
2157.725060
2075.741351
2625.158010
2230.516243
3070.674384
2347.670159
2392.016347
2234.200125
2147.938935
2368.953223
2468.285316
2050.196495
2489.952815
2616.430433
2143.846246
2655.715178
2099.483333
2913.259203
2725.627707
2629.293908
2157.733541
2075.749330
2625.175162
2230.479895
3073.300478
2348.988038
2392.027393
2234.199918
2147.949191
2368.952508
2466.684517
2049.430991
2489.963046
2616.424500
2143.855381
2655.712067
2099.488564
2913.251158
2725.613014
2629.286560
2157.742083
2075.757349
2625.192249
2230.443547
3075.926528
2350.305929
2392.038480
2234.199662
2147.959503
2368.951785
2465.083707
2048.665558
2489.973329
2616.418540
2143.864563
2655.708938
2099.493823
2913.243069
2725.598245
2629.279181
2157.750688
2075.765407
2625.209272
2230.407201
3078.552533
2351.623830
2392.049607
2234.199357
2147.969870
2368.951053
2463.482887
2047.900195
2489.983664
2616.412553
2143.873793
2655.705792
2099.499110
2913.234937
2725.583399
2629.271770
2157.759354
2075.773503
2625.226231
2230.370857
3081.178495
2352.941742
2392.060772
2234.199003
2147.980291
2368.950312
2461.882056
2047.134901
2489.994052
2616.406540
2143.883072
2655.702629
2099.504424
2913.226762
2725.568477
2629.264328
2157.768084
2075.781638
2625.243126
2230.334516
3083.804413
2354.259664
2392.071976
2234.198600
2147.990768
2368.949563
2460.281215
2046.369677
2490.004492
2616.400500
2143.892397
2655.699449
2099.509766
2913.218543
2725.553478
2629.256856
2157.776876
2075.789811
2625.259958
2230.298178
3086.430287
2355.577596
2392.083216
2234.198147
2148.001300
2368.948804
2458.680362
2045.604521
2490.014985
2616.394433
2143.901771
2655.696251
2099.515136
2913.210281
2725.538403
2629.249352
2157.785731
2075.798023
2625.276726
2230.261844
3089.056118
2356.895538
2392.094493
2234.197644
2148.011887
2368.948036
2457.079497
2044.839435
2490.025530
2616.388340
2143.911192
2655.693037
2099.520533
2913.201975
2725.523251
2629.241818
2157.794650
2075.806273
2625.293432
2230.225514
3091.681906
2358.213490
2392.105805
2234.197092
2148.022529
2368.947259
2455.478621
2044.074417
2490.036127
2616.382221
2143.920661
2655.689805
2099.525958
2913.193627
2725.508023
2629.234254
2157.803633
2075.814560
2625.310075
2230.189191
3094.307652
2359.531452
2392.117151
2234.196489
2148.033226
2368.946473
2453.877733
2043.309468
2490.046776
2616.376075
2143.930178
2655.686556
2099.531411
2913.185235
2725.492718
2629.226659
2157.812681
2075.822886
2625.326655
2230.152873
3096.933355
2360.849423
2392.128532
2234.195836
2148.043978
2368.945677
2452.276833
2042.544587
2490.057477
2616.369903
2143.939743
2655.683290
2099.536892
2913.176800
2725.477336
2629.219033
2157.821793
2075.831249
2625.343174
2230.116561
3099.559016
2362.167404
2392.139945
2234.195134
2148.054784
2368.944873
2450.675920
2041.779774
2490.068231
2616.363705
2143.949355
2655.680007
2099.542400
2913.168321
2725.461878
2629.211378
2157.830971
2075.839650
2625.359630
2230.080257
3102.184635
2363.485394
2392.151390
2234.194381
2148.065646
2368.944058
2449.074996
2041.015028
2490.079037
2616.357481
2143.959014
2655.676706
2099.547936
2913.159799
2725.446343
2629.203692
2157.840214
2075.848088
2625.376025
2230.043961
3104.810212
2364.803393
2392.162866
2234.193578
2148.076563
2368.943234
2447.474058
2040.250351
2490.089895
2616.351231
2143.968722
2655.673389
2099.553499
2913.151234
2725.430732
2629.195976
2157.849523
2075.856563
2625.392358
2230.007673
3107.435748
2366.121401
2392.174373
2234.192725
2148.087534
2368.942401
2445.873108
2039.485740
2490.100805
2616.344954
2143.978477
2655.670054
2099.559090
2913.142625
2725.415043
2629.188231
2157.858898
2075.865074
2625.408631
2229.971394
3110.061242
2367.439418
2392.185909
2234.191822
2148.098560
2368.941557
2444.272144
2038.721197
2490.111766
2616.338652
2143.988279
2655.666702
2099.564709
2913.133974
2725.399278
2629.180456
2157.868340
2075.873623
2625.424842
2229.935125
3112.686696
2368.757443
2392.197474
2234.190868
2148.109641
2368.940704
2442.671167
2037.956721
2490.122780
2616.332324
2143.998129
2655.663333
2099.570355
2913.125278
2725.383436
2629.172651
2157.877850
2075.882208
2625.440993
2229.898866
3115.312109
2370.075477
2392.209067
2234.189865
2148.120776
2368.939842
2441.070177
2037.192312
2490.133846
2616.325970
2144.008027
2655.659946
2099.576029
2913.116540
2725.367518
2629.164817
2157.887427
2075.890830
2625.457084
2229.862617
3117.937482
2371.393520
2392.220686
2234.188812
2148.131966
2368.938969
2439.469173
2036.427969
2490.144964
2616.319591
2144.017972
2655.656543
2099.581730
2913.107758
2725.351522
2629.156953
2157.897072
2075.899487
2625.473115
2229.826380
3120.562814
2372.711570
2392.232332
2234.187708
2148.143211
2368.938086
2437.868155
2035.663693
2490.156134
2616.313185
2144.027964
2655.653122
2099.587459
2913.098933
2725.335450
2629.149060
2157.906785
2075.908180
2625.489085
2229.790154
3123.188107
2374.029629
2392.244003
2234.186556
2148.154511
2368.937193
2436.267123
2034.899483
2490.167355
2616.306754
2144.038004
2655.649684
2099.593216
2913.090065
2725.319300
2629.141139
2157.916567
2075.916909
2625.504996
2229.753941
3125.813360
2375.347696
2392.255698
2234.185353
2148.165865
2368.936290
2434.666076
2034.135339
2490.178629
2616.300298
2144.048091
2655.646228
2099.599000
2913.081154
2725.303074
2629.133188
2157.926419
2075.925674
2625.520848
2229.717740
3128.438573
2376.665771
2392.267417
2234.184101
2148.177273
2368.935377
2433.065015
2033.371261
2490.189954
2616.293816
2144.058226
2655.642756
2099.604812
2913.072199
2725.286770
2629.125208
2157.936341
2075.934473
2625.536641
2229.681552
3131.063747
2377.983853
2392.279159
2234.182800
2148.188736
2368.934453
2431.463939
2032.607249
2490.201331
2616.287309
2144.068408
2655.639266
2099.610651
2913.063201
2725.270389
2629.117199
2157.946332
2075.943308
2625.552375
2229.645378
3133.688882
2379.301943
2392.290923
2234.181450
2148.200253
2368.933520
2429.862848
2031.843302
2490.212760
2616.280776
2144.078637
2655.635759
2099.616518
2913.054159
2725.253932
2629.109162
2157.956395
2075.952177
2625.568050
2229.609218
3136.313979
2380.620040
2392.302708
2234.180051
2148.211825
2368.932575
2428.261742
2031.079421
2490.224240
2616.274218
2144.088914
2655.632235
2099.622412
2913.045075
2725.237397
2629.101096
2157.966528
2075.961081
2625.583667
2229.573072
3138.939037
2381.938145
2392.314513
2234.178603
2148.223451
2368.931620
2426.660620
2030.315605
2490.235772
2616.267634
2144.099238
2655.628694
2099.628334
2913.035947
2725.220785
2629.093001
2157.976733
2075.970019
2625.599226
2229.536942
3141.564056
2383.256256
2392.326338
2234.177107
2148.235131
2368.930655
2425.059482
2029.551854
2490.247356
2616.261026
2144.109609
2655.625135
2099.634283
2913.026776
2725.204096
2629.084879
2157.987010
2075.978991
2625.614726
2229.500827
3144.189038
2384.574375
2392.338182
2234.175563
2148.246866
2368.929679
2423.458329
2028.788169
2490.258992
2616.254392
2144.120027
2655.621560
2099.640260
2913.017561
2725.187329
2629.076728
2157.997360
2075.987996
2625.630169
2229.464728
3146.813982
2385.892500
2392.350043
2234.173971
2148.258655
2368.928692
2421.857159
2028.024548
2490.270679
2616.247733
2144.130493
2655.617967
2099.646264
2913.008304
2725.170486
2629.068549
2158.007782
2075.997035
2625.645555
2229.428645
3149.438888
2387.210633
2392.361922
2234.172332
2148.270498
2368.927694
2420.255973
2027.260992
2490.282418
2616.241049
2144.141005
2655.614357
2099.652296
2912.999003
2725.153564
2629.060341
2158.018278
2076.006107
2625.660883
2229.392578
3152.063757
2388.528772
2392.373818
2234.170645
2148.282395
2368.926685
2418.654770
2026.497500
2490.294208
2616.234340
2144.151565
2655.610729
2099.658355
2912.989659
2725.136566
2629.052106
2158.028849
2076.015212
2625.676154
2229.356529
3154.688588
2389.846917
2392.385729
2234.168912
2148.294346
2368.925666
2417.053551
2025.734073
2490.306050
2616.227606
2144.162172
2655.607084
2099.664441
2912.980271
2725.119490
2629.043843
2158.039493
2076.024349
2625.691369
2229.320498
3157.313383
2391.165069
2392.397655
2234.167131
2148.306351
2368.924635
2415.452314
2024.970710
2490.317943
2616.220848
2144.172826
2655.603423
2099.670555
2912.970841
2725.102336
2629.035553
2158.050213
2076.033518
2625.706527
2229.284484
3159.938141
2392.483227
2392.409595
2234.165305
2148.318411
2368.923593
2413.851060
2024.207411
2490.329888
2616.214064
2144.183527
2655.599743
2099.676697
2912.961367
2725.085105
2629.027234
2158.061008
2076.042719
2625.721628
2229.248488
3162.562863
2393.801391
2392.421549
2234.163433
2148.330524
2368.922541
2412.249788
2023.444177
2490.341884
2616.207256
2144.194276
2655.596047
2099.682866
2912.951850
2725.067797
2629.018889
2158.071879
2076.051952
2625.736673
2229.212511
3165.187548
2395.119561
2392.433515
2234.161515
2148.342691
2368.921476
2410.648499
2022.681006
2490.353932
2616.200423
2144.205071
2655.592334
2099.689062
2912.942289
2725.050411
2629.010515
2158.082826
2076.061216
2625.751662
2229.176553
3167.812198
2396.437737
2392.445494
2234.159552
2148.354911
2368.920401
2409.047191
2021.917900
2490.366031
2616.193566
2144.215913
2655.588603
2099.695286
2912.932686
2725.032947
2629.002115
2158.093851
2076.070511
2625.766595
2229.140615
3170.436811
2397.755919
2392.457484
2234.157545
2148.367186
2368.919314
2407.445865
2021.154857
2490.378182
2616.186684
2144.226802
2655.584855
2099.701537
2912.923039
2725.015405
2628.993687
2158.104953
2076.079836
2625.781473
2229.104696
3173.061389
2399.074106
2392.469485
2234.155493
2148.379514
2368.918216
2405.844520
2020.391877
2490.390384
2616.179777
2144.237738
2655.581089
2099.707816
2912.913349
2724.997786
2628.985232
2158.116133
2076.089192
2625.796296
2229.068797
3175.685932
2400.392299
2392.481495
2234.153397
2148.391896
2368.917106
2404.243156
2019.628962
2490.402637
2616.172846
2144.248721
2655.577307
2099.714122
2912.903615
2724.980089
2628.976750
2158.127392
2076.098577
2625.811063
2229.032919
3178.310440
2401.710497
2392.493515
2234.151258
2148.404332
2368.915984
2402.641773
2018.866110
2490.414942
2616.165891
2144.259751
2655.573507
2099.720455
2912.893839
2724.962314
2628.968241
2158.138730
2076.107992
2625.825775
2228.997061
3180.934912
2403.028701
2392.505544
2234.149076
2148.416821
2368.914851
2401.040370
2018.103321
2490.427298
2616.158911
2144.270828
2655.569690
2099.726816
2912.884019
2724.944461
2628.959705
2158.150148
2076.117435
2625.840432
2228.961225
3183.559350
2404.346910
2392.517581
2234.146851
2148.429364
2368.913706
2399.438948
2017.340596
2490.439705
2616.151907
2144.281951
2655.565856
2099.733204
2912.874156
2724.926530
2628.951143
2158.161646
2076.126908
2625.855035
2228.925409
3186.183754
2405.665124
2392.529625
2234.144585
2148.441960
2368.912549
2397.837506
2016.577934
2490.452163
2616.144879
2144.293122
2655.562005
2099.739619
2912.864250
2724.908522
2628.942553
2158.173225
2076.136408
2625.869583
2228.889616
3188.808123
2406.983342
2392.541676
2234.142277
2148.454609
2368.911380
2396.236043
2015.815336
2490.464673
2616.137826
2144.304339
2655.558136
2099.746061
2912.854301
2724.890435
2628.933938
2158.184886
2076.145936
2625.884077
2228.853844
3191.432458
2408.301566
2392.553733
2234.139927
2148.467312
2368.910200
2394.634560
2015.052801
2490.477234
2616.130750
2144.315603
2655.554250
2099.752531
2912.844308
2724.872270
2628.925295
2158.196628
2076.155492
2625.898517
2228.818095
3194.056760
2409.619794
2392.565796
2234.137537
2148.480068
2368.909007
2393.033056
2014.290329
2490.489846
2616.123649
2144.326914
2655.550347
2099.759029
2912.834272
2724.854027
2628.916626
2158.208453
2076.165075
2625.912903
2228.782369
3196.681028
2410.938027
2392.577863
2234.135107
2148.492877
2368.907802
2391.431531
2013.527920
2490.502510
2616.116524
2144.338271
2655.546426
2099.765553
2912.824193
2724.835706
2628.907931
2158.220361
2076.174684
2625.927236
2228.746665
3199.305262
2412.256265
2392.589935
2234.132638
2148.505740
2368.906585
2389.829984
2012.765574
2490.515224
2616.109376
2144.349675
2655.542489
2099.772105
2912.814071
2724.817306
2628.899210
2158.232352
2076.184319
2625.941515
2228.710984
3201.929463
2413.574507
2392.602011
2234.130129
2148.518655
2368.905356
2388.228415
2012.003291
2490.527990
2616.102203
2144.361126
2655.538534
2099.778684
2912.803906
2724.798828
2628.890463
2158.244428
2076.193979
2625.955740
2228.675327
3204.553631
2414.892753
2392.614090
2234.127582
2148.531624
2368.904115
2386.626824
2011.241072
2490.540807
2616.095007
2144.372623
2655.534562
2099.785291
2912.793697
2724.780272
2628.881689
2158.256589
2076.203665
2625.969913
2228.639694
3207.177767
2416.211004
2392.626172
2234.124996
2148.544645
2368.902861
2385.025211
2010.478916
2490.553675
2616.087787
2144.384167
2655.530573
2099.791924
2912.783445
2724.761638
2628.872890
2158.268835
2076.213375
2625.984032
2228.604085
3209.801869
2417.529258
2392.638256
2234.122373
2148.557720
2368.901595
2383.423575
2009.716822
2490.566594
2616.080543
2144.395757
2655.526566
2099.798585
2912.773150
2724.742925
2628.864064
2158.281168
2076.223109
2625.998099
2228.568500
3212.425940
2418.847517
2392.650342
2234.119714
2148.570847
2368.900316
2381.821916
2008.954792
2490.579564
2616.073275
2144.407394
2655.522542
2099.805273
2912.762812
2724.724133
2628.855213
2158.293587
2076.232867
2626.012112
2228.532940
3215.049978
2420.165780
2392.662429
2234.117017
2148.584027
2368.899025
2380.220234
2008.192825
2490.592585
2616.065984
2144.419078
2655.518501
2099.811989
2912.752431
2724.705263
2628.846336
2158.306093
2076.242648
2626.026074
2228.497404
3217.673984
2421.484046
2392.674516
2234.114285
2148.597260
2368.897721
2378.618528
2007.430922
2490.605657
2616.058669
2144.430808
2655.514443
2099.818731
2912.742006
2724.686315
2628.837433
2158.318688
2076.252451
2626.039983
2228.461894
3220.297958
2422.802316
2392.686604
2234.111517
2148.610545
2368.896405
2377.016798
2006.669081
2490.618780
2616.051330
2144.442585
2655.510367
2099.825501
2912.731539
2724.667287
2628.828505
2158.331370
2076.262276
2626.053840
2228.426408
3222.921901
2424.120590
2392.698692
2234.108715
2148.623883
2368.895076
2375.415043
2005.907304
2490.631954
2616.043968
2144.454408
2655.506275
2099.832298
2912.721028
2724.648181
2628.819552
2158.344142
2076.272122
2626.067645
2228.390949
3225.545813
2425.438867
2392.710778
2234.105878
2148.637274
2368.893734
2373.813264
2005.145590
2490.645179
2616.036583
2144.466277
2655.502165
2099.839123
2912.710474
2724.628997
2628.810573
2158.357004
2076.281989
2626.081398
2228.355515
3228.169693
2426.757148
2392.722864
2234.103008
2148.650717
2368.892379
2372.211460
2004.383940
2490.658455
2616.029174
2144.478193
2655.498038
2099.845974
2912.699877
2724.609733
2628.801568
2158.369956
2076.291876
2626.095100
2228.320107
3230.793542
2428.075432
2392.734948
2234.100104
2148.664212
2368.891011
2370.609631
2003.622353
2490.671783
2616.021742
2144.490155
2655.493893
2099.852852
2912.689236
2724.590391
2628.792538
2158.382999
2076.301783
2626.108750
2228.284726
3233.417360
2429.393720
2392.747030
2234.097168
2148.677760
2368.889630
2369.007776
2002.860829
2490.685161
2616.014286
2144.502163
2655.489732
2099.859758
2912.678553
2724.570970
2628.783484
2158.396134
2076.311708
2626.122348
2228.249371
3236.041148
2430.712010
2392.759109
2234.094200
2148.691360
2368.888237
2367.405894
2002.099370
2490.698590
2616.006808
2144.514218
2655.485553
2099.866691
2912.667826
2724.551469
2628.774404
2158.409362
2076.321652
2626.135895
2228.214043
3238.664905
2432.030304
2392.771185
2234.091201
2148.705012
2368.886830
2365.803987
2001.337974
2490.712069
2615.999306
2144.526319
2655.481357
2099.873651
2912.657056
2724.531890
2628.765298
2158.422682
2076.331613
2626.149392
2228.178741
3241.288632
2433.348601
2392.783258
2234.088170
2148.718717
2368.885410
2364.202053
2000.576642
2490.725600
2615.991781
2144.538467
2655.477144
2099.880638
2912.646243
2724.512232
2628.756168
2158.436095
2076.341591
2626.162837
2228.143467
3243.912329
2434.666901
2392.795328
2234.085109
2148.732473
2368.883977
2362.600091
1999.815374
2490.739182
2615.984233
2144.550660
2655.472913
2099.887653
2912.635387
2724.492495
2628.747014
2158.449603
2076.351585
2626.176232
2228.108221
3246.535997
2435.985203
2392.807393
2234.082019
2148.746281
2368.882531
2360.998102
1999.054170
2490.752814
2615.976662
2144.562900
2655.468665
2099.894694
2912.624488
2724.472678
2628.737834
2158.463206
2076.361595
2626.189576
2228.073001
3249.159634
2437.303509
2392.819454
2234.078899
2148.760141
2368.881071
2359.396086
1998.293031
2490.766498
2615.969068
2144.575186
2655.464401
2099.901762
2912.613546
2724.452782
2628.728629
2158.476904
2076.371619
2626.202869
2228.037810
3251.783242
2438.621817
2392.831511
2234.075751
2148.774053
2368.879598
2357.794041
1997.531956
2490.780232
2615.961451
2144.587518
2655.460118
2099.908858
2912.602560
2724.432807
2628.719400
2158.490699
2076.381657
2626.216112
2228.002647
3254.406821
2439.940128
2392.843562
2234.072575
2148.788017
2368.878112
2356.191968
1996.770946
2490.794017
2615.953811
2144.599896
2655.455819
2099.915981
2912.591531
2724.412753
2628.710146
2158.504590
2076.391709
2626.229305
2227.967512
3257.030370
2441.258441
2392.855607
2234.069371
2148.802033
2368.876612
2354.589866
1996.010000
2490.807853
2615.946148
2144.612321
2655.451503
2099.923130
2912.580460
2724.392619
2628.700868
2158.518579
2076.401772
2626.242448
2227.932405
3259.653891
2442.576757
2392.867647
2234.066140
2148.816100
2368.875098
2352.987734
1995.249120
2490.821740
2615.938463
2144.624791
2655.447169
2099.930307
2912.569345
2724.372406
2628.691565
2158.532666
2076.411848
2626.255541
2227.897327
3262.277383
2443.895075
2392.879681
2234.062883
2148.830218
2368.873572
2351.385573
1994.488305
2490.835677
2615.930754
2144.637307
2655.442818
2099.937511
2912.558187
2724.352113
2628.682238
2158.546851
2076.421934
2626.268584
2227.862278
3264.900846
2445.213396
2392.891708
2234.059600
2148.844388
2368.872031
2349.783383
1993.727556
2490.849666
2615.923023
2144.649870
2655.438450
2099.944742
2912.546986
2724.331741
2628.672886
2158.561136
2076.432030
2626.281578
2227.827258
3267.524281
2446.531718
2392.903729
2234.056292
2148.858610
2368.870477
2348.181161
1992.966872
2490.863705
2615.915270
2144.662479
2655.434065
2099.952000
2912.535741
2724.311289
2628.663510
2158.575521
2076.442135
2626.294522
2227.792266
3270.147688
2447.850043
2392.915742
2234.052959
2148.872882
2368.868909
2346.578910
1992.206254
2490.877795
2615.907494
2144.675133
2655.429662
2099.959285
2912.524454
2724.290758
2628.654110
2158.590007
2076.452249
2626.307416
2227.757305
3272.771067
2449.168370
2392.927749
2234.049602
2148.887206
2368.867327
2344.976627
1991.445703
2490.891936
2615.899695
2144.687833
2655.425242
2099.966597
2912.513124
2724.270147
2628.644685
2158.604594
2076.462370
2626.320262
2227.722373
3275.394417
2450.486699
2392.939747
2234.046222
2148.901582
2368.865732
2343.374313
1990.685217
2490.906127
2615.891874
2144.700580
2655.420806
2099.973936
2912.501750
2724.249456
2628.635237
2158.619283
2076.472497
2626.333058
2227.687470
3278.017740
2451.805031
2392.951738
2234.042818
2148.916008
2368.864123
2341.771967
1989.924799
2490.920369
2615.884030
2144.713372
2655.416352
2099.981302
2912.490333
2724.228686
2628.625764
2158.634075
2076.482629
2626.345805
2227.652597
3280.641036
2453.123364
2392.963721
2234.039392
2148.930485
2368.862500
2340.169589
1989.164448
2490.934662
2615.876164
2144.726210
2655.411880
2099.988695
2912.478874
2724.207835
2628.616268
2158.648969
2076.492767
2626.358503
2227.617755
3283.264304
2454.441698
2392.975696
2234.035945
2148.945013
2368.860863
2338.567179
1988.404164
2490.949006
2615.868275
2144.739094
2655.407392
2099.996115
2912.467371
2724.186905
2628.606748
2158.663968
2076.502907
2626.371153
2227.582942
3285.887545
2455.760035
2392.987662
2234.032476
2148.959592
2368.859212
2336.964735
1987.643948
2490.963400
2615.860364
2144.752024
2655.402886
2100.003562
2912.455825
2724.165894
2628.597203
2158.679071
2076.513051
2626.383754
2227.548160
3288.510759
2457.078373
2392.999620
2234.028986
2148.974221
2368.857547
2335.362259
1986.883800
2490.977846
2615.852431
2144.764999
2655.398364
2100.011036
2912.444236
2724.144804
2628.587635
2158.694279
2076.523196
2626.396306
2227.513409
3291.133946
2458.396713
2393.011568
2234.025476
2148.988902
2368.855868
2333.759750
1986.123721
2490.992341
2615.844476
2144.778021
2655.393824
2100.018537
2912.432604
2724.123634
2628.578043
2158.709593
2076.533341
2626.408810
2227.478688
3293.757106
2459.715055
2393.023507
2234.021946
2149.003633
2368.854174
2332.157206
1985.363710
2491.006888
2615.836498
2144.791088
2655.389267
2100.026064
2912.420928
2724.102383
2628.568428
2158.725012
2076.543486
2626.421266
2227.443998
3296.380240
2461.033398
2393.035437
2234.018397
2149.018414
2368.852467
2330.554628
1984.603769
2491.021485
2615.828499
2144.804201
2655.384693
2100.033619
2912.409210
2724.081053
2628.558789
2158.740539
2076.553629
2626.433674
2227.409340
3299.003348
2462.351743
2393.047357
2234.014830
2149.033246
2368.850746
2328.952016
1983.843897
2491.036133
2615.820477
2144.817359
2655.380101
2100.041201
2912.397449
2724.059642
2628.549126
2158.756174
2076.563770
2626.446033
2227.374712
3301.626429
2463.670089
2393.059268
2234.011244
2149.048128
2368.849010
2327.349369
1983.084095
2491.050832
2615.812433
2144.830563
2655.375493
2100.048809
2912.385644
2724.038151
2628.539440
2158.771916
2076.573906
2626.458345
2227.340116
3304.249484
2464.988436
2393.071168
2234.007641
2149.063061
2368.847260
2325.746687
1982.324363
2491.065581
2615.804368
2144.843813
2655.370867
2100.056445
2912.373797
2724.016580
2628.529730
2158.787767
2076.584038
2626.470609
2227.305551
3306.872514
2466.306785
2393.083059
2234.004021
2149.078043
2368.845496
2324.143970
1981.564702
2491.080381
2615.796280
2144.857109
2655.366225
2100.064107
2912.361906
2723.994928
2628.519997
2158.803726
2076.594164
2626.482825
2227.271018
3309.495518
2467.625135
2393.094939
2234.000384
2149.093076
2368.843717
2322.541217
1980.805113
2491.095232
2615.788170
2144.870450
2655.361565
2100.071796
2912.349973
2723.973196
2628.510240
2158.819796
2076.604282
2626.494994
2227.236516
3312.118496
2468.943486
2393.106808
2233.996731
2149.108159
2368.841925
2320.938427
1980.045595
2491.110133
2615.780039
2144.883836
2655.356888
2100.079512
2912.337996
2723.951383
2628.500461
2158.835976
2076.614392
2626.507115
2227.202047
3314.741449
2470.261838
2393.118667
2233.993063
2149.123292
2368.840117
2319.335602
1979.286149
2491.125085
2615.771885
2144.897268
2655.352194
2100.087255
2912.325976
2723.929490
2628.490657
2158.852266
2076.624492
2626.519189
2227.167609
3317.364376
2471.580191
2393.130516
2233.989380
2149.138474
2368.838296
2317.732739
1978.526776
2491.140088
2615.763710
2144.910746
2655.347482
2100.095025
2912.313913
2723.907516
2628.480831
2158.868668
2076.634581
2626.531215
2227.133204
3319.987279
2472.898546
2393.142353
2233.985682
2149.153706
2368.836460
2316.129840
1977.767477
2491.155141
2615.755513
2144.924269
2655.342754
2100.102822
2912.301808
2723.885462
2628.470982
2158.885181
2076.644658
2626.543195
2227.098831
3322.610156
2474.216901
2393.154179
2233.981971
2149.168988
2368.834609
2314.526904
1977.008251
2491.170245
2615.747295
2144.937838
2655.338009
2100.110645
2912.289659
2723.863327
2628.461109
2158.901806
2076.654721
2626.555127
2227.064490
3325.233009
2475.535257
2393.165994
2233.978246
2149.184320
2368.832744
2312.923930
1976.249099
2491.185400
2615.739054
2144.951452
2655.333246
2100.118495
2912.277467
2723.841111
2628.451214
2158.918544
2076.664770
2626.567012
2227.030182
3327.855837
2476.853614
2393.177798
2233.974508
2149.199701
2368.830864
2311.320919
1975.490022
2491.200605
2615.730793
2144.965111
2655.328467
2100.126373
2912.265232
2723.818815
2628.441295
2158.935395
2076.674802
2626.578851
2226.995907
3330.478641
2478.171972
2393.189591
2233.970757
2149.215132
2368.828970
2309.717869
1974.731020
2491.215861
2615.722509
2144.978816
2655.323670
2100.134277
2912.252954
2723.796438
2628.431353
2158.952360
2076.684817
2626.590643
2226.961665
3333.101420
2479.490331
2393.201372
2233.966995
2149.230612
2368.827062
2308.114781
1973.972094
2491.231168
2615.714204
2144.992566
2655.318856
2100.142207
2912.240633
2723.773980
2628.421389
2158.969438
2076.694813
2626.602388
2226.927455
3335.724175
2480.808690
2393.213141
2233.963221
2149.246141
2368.825138
2306.511655
1973.213245
2491.246525
2615.705878
2145.006362
2655.314025
2100.150165
2912.228269
2723.751441
2628.411402
2158.986630
2076.704789
2626.614087
2226.893279
3338.346906
2482.127050
2393.224898
2233.959436
2149.261719
2368.823200
2304.908491
1972.454473
2491.261933
2615.697530
2145.020202
2655.309177
2100.158149
2912.215862
2723.728820
2628.401392
2159.003937
2076.714743
2626.625739
2226.859136
3340.969614
2483.445411
2393.236644
2233.955640
2149.277346
2368.821248
2303.305287
1971.695778
2491.277392
2615.689161
2145.034089
2655.304312
2100.166160
2912.203412
2723.706119
2628.391359
2159.021359
2076.724674
2626.637345
2226.825026
3343.592297
2484.763772
2393.248378
2233.951834
2149.293023
2368.819281
2301.702045
1970.937162
2491.292901
2615.680770
2145.048020
2655.299430
2100.174198
2912.190919
2723.683337
2628.381303
2159.038896
2076.734581
2626.648904
2226.790950
3346.214957
2486.082134
2393.260100
2233.948019
2149.308748
2368.817299
2300.098763
1970.178625
2491.308461
2615.672358
2145.061997
2655.294531
2100.182263
2912.178383
2723.660474
2628.371225
2159.056548
2076.744462
2626.660418
2226.756907
3348.837593
2487.400497
2393.271809
2233.944194
2149.324522
2368.815302
2298.495443
1969.420167
2491.324072
2615.663925
2145.076018
2655.289615
2100.190354
2912.165803
2723.637530
2628.361124
2159.074316
2076.754315
2626.671885
2226.722898
3351.460207
2488.718860
2393.283507
2233.940361
2149.340345
2368.813291
2296.892082
1968.661789
2491.339733
2615.655471
2145.090085
2655.284682
2100.198472
2912.153181
2723.614504
2628.351000
2159.092200
2076.764139
2626.683307
2226.688923
3354.082797
2490.037223
2393.295192
2233.936520
2149.356216
2368.811265
2295.288683
1967.903493
2491.355445
2615.646995
2145.104198
2655.279732
2100.206617
2912.140516
2723.591397
2628.340854
2159.110200
2076.773933
2626.694683
2226.654982
3356.705364
2491.355586
2393.306865
2233.932670
2149.372136
2368.809224
2293.685243
1967.145278
2491.371207
2615.638498
2145.118355
2655.274764
2100.214788
2912.127808
2723.568209
2628.330686
2159.128316
2076.783695
2626.706013
2226.621075
3359.327908
2492.673950
2393.318526
2233.928814
2149.388105
2368.807168
2292.081764
1966.387145
2491.387021
2615.629981
2145.132557
2655.269780
2100.222986
2912.115057
2723.544939
2628.320495
2159.146549
2076.793424
2626.717297
2226.587202
3361.950429
2493.992315
2393.330174
2233.924950
2149.404122
2368.805098
2290.478245
1965.629095
2491.402884
2615.621442
2145.146805
2655.264779
2100.231211
2912.102263
2723.521588
2628.310281
2159.164898
2076.803117
2626.728535
2226.553363
3364.572928
2495.310679
2393.341810
2233.921080
2149.420187
2368.803012
2288.874686
1964.871128
2491.418799
2615.612882
2145.161097
2655.259761
2100.239463
2912.089426
2723.498156
2628.300045
2159.183364
2076.812774
2626.739728
2226.519558
3367.195404
2496.629044
2393.353433
2233.917204
2149.436300
2368.800912
2287.271087
1964.113246
2491.434764
2615.604301
2145.175435
2655.254725
2100.247741
2912.076546
2723.474642
2628.289787
2159.201946
2076.822393
2626.750876
2226.485788
3369.817858
2497.947409
2393.365043
2233.913322
2149.452462
2368.798797
2285.667449
1963.355449
2491.450780
2615.595699
2145.189818
2655.249673
2100.256046
2912.063623
2723.451046
2628.279507
2159.220645
2076.831973
2626.761979
2226.452053
3372.440290
2499.265774
2393.376641
2233.909435
2149.468671
2368.796667
2284.063770
1962.597737
2491.466846
2615.587076
2145.204245
2655.244604
2100.264377
2912.050657
2723.427369
2628.269204
2159.239460
2076.841511
2626.773036
2226.418352
3375.062700
2500.584139
2393.388227
2233.905543
2149.484929
2368.794523
2282.460052
1961.840112
2491.482964
2615.578432
2145.218718
2655.239518
2100.272736
2912.037648
2723.403610
2628.258879
2159.258392
2076.851006
2626.784048
2226.384686
3377.685087
2501.902504
2393.399799
2233.901647
2149.501234
2368.792363
