2358.000000
2927.000000
2408.999848
2809.000393
2521.000000
2669.000000
2423.000000
2907.000000
2358.000000
2927.000000
2408.999543
2809.001178
2521.000000
2669.000000
2423.000000
2907.000000
2358.000000
2927.000000
2408.999085
2809.002357
2521.000000
2669.000000
2423.000000
2907.000000
2358.000000
2927.000000
2408.998476
2809.003928
2521.000000
2669.000000
2423.000000
2907.000000
2358.000000
2927.000000
2408.997713
2809.005892
2521.000000
2669.000000
2423.000000
2907.000000
2358.000000
2927.000000
2408.996799
2809.008249
2521.000000
2669.000000
2423.000000
2907.000000
2358.000000
2927.000000
2408.995731
2809.010999
2521.000000
2669.000000
2423.000000
2907.000000
2358.000000
2927.000000
2408.994512
2809.014142
2521.000000
2669.000000
2423.000000
2907.000000
2358.000000
2927.000000
2408.993140
2809.017678
2521.000000
2669.000000
2423.000000
2907.000000
2358.000000
2927.000000
2408.991615
2809.021606
2521.000000
2669.000000
2423.000000
2907.000000
2358.000000
2927.000000
2408.989938
2809.025928
2521.000000
2669.000000
2423.000000
2907.000000
2358.000000
2927.000000
2408.988108
2809.030642
2521.000000
2669.000000
2423.000000
2907.000000
2358.000000
2927.000000
2408.986126
2809.035750
2521.000000
2669.000000
2423.000000
2907.000000
2358.000000
2927.000000
2408.983991
2809.041251
2521.000000
2669.000000
2423.000000
2907.000000
2358.000000
2927.000000
2408.981703
2809.047145
2521.000000
2669.000000
2423.000000
2907.000000
2358.000000
2927.000000
2408.979263
2809.053432
2521.000000
2669.000000
2423.000000
2907.000000
2358.000000
2927.000000
2408.976671
2809.060112
2521.000000
2669.000000
2423.000000
2907.000000
2358.000000
2927.000000
2408.973925
2809.067186
2521.000000
2669.000000
2423.000000
2907.000000
2358.000000
2927.000000
2408.971027
2809.074653
2521.000000
2669.000000
2423.000000
2907.000000
2358.000000
2927.000000
2408.967976
2809.082513
2521.000000
2669.000000
2423.000000
2907.000000
2358.000000
2927.000000
2408.964773
2809.090767
2521.000000
2669.000000
2423.000000
2907.000000
2358.000000
2927.000000
2408.961416
2809.099414
2521.000000
2669.000000
2423.000000
2907.000000
2358.000000
2927.000000
2408.957907
2809.108455
2521.000000
2669.000000
2423.000000
2907.000000
2358.000000
2927.000000
2408.954245
2809.117890
2521.000000
2669.000000
2423.000000
2907.000000
2358.000000
2927.000000
2408.950430
2809.127718
2521.000000
2669.000000
2423.000000
2907.000000
2358.000000
2927.000000
2408.946462
2809.137940
2521.000000
2669.000000
2423.000000
2907.000000
2358.000000
2927.000000
2408.942341
2809.148556
2521.000000
2669.000000
2423.000000
2907.000000
2358.000000
2927.000000
2408.938067
2809.159566
2521.000000
2669.000000
2423.000000
2907.000000
2358.000000
2927.000000
2408.933641
2809.170970
2521.000000
2669.000000
2423.000000
2907.000000
2358.000000
2927.000000
2408.929061
2809.182768
2521.000000
2669.000000
2423.000000
2907.000000
2358.000000
2927.000000
2408.924327
2809.194960
2521.000000
2669.000000
2423.000000
2907.000000
2358.000000
2927.000000
2408.919441
2809.207547
2521.000000
2669.000000
2423.000000
2907.000000
2358.000000
2927.000000
2408.914401
2809.220528
2521.000000
2669.000000
2423.000000
2907.000000
2358.000000
2927.000000
2408.909209
2809.233904
2521.000000
2669.000000
2423.000000
2907.000000
2358.000000
2927.000000
2408.903862
2809.247674
2521.000000
2669.000000
2423.000000
2907.000000
2358.000000
2927.000000
2408.898363
2809.261839
2521.000000
2669.000000
2423.000000
2907.000000
2358.000000
2927.000000
2408.892710
2809.276399
2521.000000
2669.000000
2423.000000
2907.000000
2358.000000
2927.000000
2408.886903
2809.291353
2521.000000
2669.000000
2423.000000
2907.000000
2358.000000
2927.000000
2408.880943
2809.306703
2521.000000
2669.000000
2423.000000
2907.000000
2358.000000
2927.000000
2408.874829
2809.322448
2521.000000
2669.000000
2423.000000
2907.000000
2358.000000
2927.000000
2408.868562
2809.338589
2521.000000
2669.000000
2423.000000
2907.000000
2358.000000
2927.000000
2408.862141
2809.355125
2521.000000
2669.000000
2423.000000
2907.000000
2358.000000
2927.000000
2408.855566
2809.372056
2521.000000
2669.000000
2423.000000
2907.000000
2358.000000
2927.000000
2408.848837
2809.389383
2521.000000
2669.000000
2423.000000
2907.000000
2358.000000
2927.000000
2408.841954
2809.407106
2521.000000
2669.000000
2423.000000
2907.000000
2358.000000
2927.000000
2408.834917
2809.425225
2521.000000
2669.000000
2423.000000
2907.000000
2358.000000
2927.000000
2408.827727
2809.443740
2521.000000
2669.000000
2423.000000
2907.000000
2358.000000
2927.000000
2408.820382
2809.462651
2521.000000
2669.000000
2423.000000
2907.000000
2358.000000
2927.000000
2408.812882
2809.481959
2521.000000
2669.000000
2423.000000
2907.000000
2358.000000
2927.000000
2408.805229
2809.501663
2521.000000
2669.000000
2423.000000
2907.000000
2358.000000
2927.000000
2408.797421
2809.521764
2521.000000
2669.000000
2423.000000
2907.000000
2358.000000
2927.000000
2408.789459
2809.542262
2521.000000
2669.000000
2423.000000
2907.000000
2358.000000
2927.000000
2408.781342
2809.563157
2521.000000
2669.000000
2423.000000
2907.000000
2358.000000
2927.000000
2408.773071
2809.584450
2521.000000
2669.000000
2423.000000
2907.000000
2358.000000
2927.000000
2408.764644
2809.606139
2521.000000
2669.000000
2423.000000
2907.000000
2358.000000
2927.000000
2408.756063
2809.628226
2521.000000
2669.000000
2423.000000
2907.000000
2358.000000
2927.000000
2408.747328
2809.650711
2521.000000
2669.000000
2423.000000
2907.000000
2358.000000
2927.000000
2408.738437
2809.673594
2521.000000
2669.000000
2423.000000
2907.000000
2358.000000
2927.000000
2408.729391
2809.696874
2521.000000
2669.000000
2423.000000
2907.000000
2358.000000
2927.000000
2408.720190
2809.720553
2521.000000
2669.000000
2423.000000
2907.000000
2358.000000
2927.000000
2408.710834
2809.744631
2521.000000
2669.000000
2423.000000
2907.000000
2358.000000
2927.000000
2408.701323
2809.769107
2521.000000
2669.000000
2423.000000
2907.000000
2358.000000
2927.000000
2408.691656
2809.793982
2521.000000
2669.000000
2423.000000
2907.000000
2358.000000
2927.000000
2408.681834
2809.819256
2521.000000
2669.000000
2423.000000
2907.000000
2358.000000
2927.000000
2408.671856
2809.844929
2521.000000
2669.000000
2423.000000
2907.000000
2358.000000
2927.000000
2408.661722
2809.871002
2521.000000
2669.000000
2423.000000
2907.000000
2358.000000
2927.000000
2408.651433
2809.897474
2521.000000
2669.000000
2423.000000
2907.000000
2358.000000
2927.000000
2408.640987
2809.924346
2521.000000
2669.000000
2423.000000
2907.000000
2358.000000
2927.000000
2408.630386
2809.951618
2521.000000
2669.000000
2423.000000
2907.000000
2358.000000
2927.000000
2408.619629
2809.979290
2521.000000
2669.000000
2423.000000
2907.000000
2358.000000
2927.000000
2408.608715
2810.007363
2521.000000
2669.000000
2423.000000
2907.000000
2358.000000
2927.000000
2408.597645
2810.035837
2521.000000
2669.000000
2423.000000
2907.000000
2358.000000
2927.000000
2408.586419
2810.064711
2521.000000
2669.000000
2423.000000
2907.000000
2358.000000
2927.000000
2408.575036
2810.093987
2521.000000
2669.000000
2423.000000
2907.000000
2358.000000
2927.000000
2408.563496
2810.123664
2521.000000
2669.000000
2423.000000
2907.000000
2358.000000
2927.000000
2408.551799
2810.153743
2521.000000
2669.000000
2423.000000
2907.000000
2358.000000
2927.000000
2408.539946
2810.184223
2521.000000
2669.000000
2423.000000
2907.000000
2358.000000
2927.000000
2408.527936
2810.215106
2521.000000
2669.000000
2423.000000
2907.000000
2358.000000
2927.000000
2408.515768
2810.246391
2521.000000
2669.000000
2423.000000
2907.000000
2358.000000
2927.000000
2408.503443
2810.278079
2521.000000
2669.000000
2423.000000
2907.000000
2358.000000
2927.000000
2408.490961
2810.310169
2521.000000
2669.000000
2423.000000
2907.000000
2358.000000
2927.000000
2408.478321
2810.342663
2521.000000
2669.000000
2423.000000
2907.000000
2358.000000
2927.000000
2408.465524
2810.375560
2521.000000
2669.000000
2423.000000
2907.000000
2358.000000
2927.000000
2408.452569
2810.408860
2521.000000
2669.000000
2423.000000
2907.000000
2358.000000
2927.000000
2408.439456
2810.442565
2521.000000
2669.000000
2423.000000
2907.000000
2358.000000
2927.000000
2408.426185
2810.476674
2521.000000
2669.000000
2423.000000
2907.000000
2358.000000
2927.000000
2408.412756
2810.511187
2521.000000
2669.000000
2423.000000
2907.000000
2358.000000
2927.000000
2408.399168
2810.546105
2521.000000
2669.000000
2423.000000
2907.000000
2358.000000
2927.000000
2408.385422
2810.581428
2521.000000
2669.000000
2423.000000
2907.000000
2358.000000
2927.000000
2408.371517
2810.617156
2521.000000
2669.000000
2423.000000
2907.000000
2358.000000
2927.000000
2408.357454
2810.653290
2521.000000
2669.000000
2423.000000
2907.000000
2358.000000
2927.000000
2408.343232
2810.689829
2521.000000
2669.000000
2423.000000
2907.000000
2358.000000
2927.000000
2408.328851
2810.726775
2521.000000
2669.000000
2423.000000
2907.000000
2358.000000
2927.000000
2408.314310
2810.764127
2521.000000
2669.000000
2423.000000
2907.000000
2358.000000
2927.000000
2408.299611
2810.801886
2521.000000
2669.000000
2423.000000
2907.000000
2358.000000
2927.000000
2408.284752
2810.840053
2521.000000
2669.000000
2423.000000
2907.000000
2358.000000
2927.000000
2408.269733
2810.878626
2521.000000
2669.000000
2423.000000
2907.000000
2358.000000
2927.000000
2408.254554
2810.917607
2521.000000
2669.000000
2423.000000
2907.000000
2358.000000
2927.000000
2408.239216
2810.956996
2521.000000
2669.000000
2423.000000
2907.000000
2358.000000
2927.000000
2408.223717
2810.996794
2521.000000
2669.000000
2423.000000
2907.000000
2358.000000
2927.000000
2408.208059
2811.037000
2521.000000
2669.000000
2423.000000
2907.000000
2358.000000
2927.000000
2408.192240
2811.077615
2521.000000
2669.000000
2423.000000
2907.000000
2358.000000
2927.000000
2408.176260
2811.118639
2521.000000
2669.000000
2423.000000
2907.000000
2358.000000
2927.000000
2408.160119
2811.160073
2521.000000
2669.000000
2423.000000
2907.000000
2358.000000
2927.000000
2408.143818
2811.201917
2521.000000
2669.000000
2423.000000
2907.000000
2358.000000
2927.000000
2408.127356
2811.244172
2521.000000
2669.000000
2423.000000
2907.000000
2358.000000
2927.000000
2408.110732
2811.286837
2521.000000
2669.000000
2423.000000
2907.000000
2358.000000
2927.000000
2408.093947
2811.329913
2521.000000
2669.000000
2423.000000
2907.000000
2358.000000
2927.000000
2408.077001
2811.373400
2521.000000
2669.000000
2423.000000
2907.000000
2358.000000
2927.000000
2408.059893
2811.417299
2521.000000
2669.000000
2423.000000
2907.000000
2358.000000
2927.000000
2408.042623
2811.461610
2521.000000
2669.000000
2423.000000
2907.000000
2358.000000
2927.000000
2408.025190
2811.506334
2521.000000
2669.000000
2423.000000
2907.000000
2358.000000
2927.000000
2408.007596
2811.551470
2521.000000
2669.000000
2423.000000
2907.000000
2358.000000
2927.000000
2407.989839
2811.597020
2521.000000
2669.000000
2423.000000
2907.000000
2358.000000
2927.000000
2407.971919
2811.642983
2521.000000
2669.000000
2423.000000
2907.000000
2358.000000
2927.000000
2407.953837
2811.689360
2521.000000
2669.000000
2423.000000
2907.000000
2358.000000
2927.000000
2407.935591
2811.736151
2521.000000
2669.000000
2423.000000
2907.000000
2358.000000
2927.000000
2407.917183
2811.783357
2521.000000
2669.000000
2423.000000
2907.000000
2358.000000
2927.000000
2407.898611
2811.830978
2521.000000
2669.000000
2423.000000
2907.000000
2358.000000
2927.000000
2407.879875
2811.879015
2521.000000
2669.000000
2423.000000
2907.000000
2358.000000
2927.000000
2407.860976
2811.927467
2521.000000
2669.000000
2423.000000
2907.000000
2358.000000
2927.000000
2407.841912
2811.976336
2521.000000
2669.000000
2423.000000
2907.000000
2358.000000
2927.000000
2407.822685
2812.025622
2521.000000
2669.000000
2423.000000
2907.000000
2358.000000
2927.000000
2407.803293
2812.075324
2521.000000
2669.000000
2423.000000
2907.000000
2358.000000
2927.000000
2407.783737
2812.125444
2521.000000
2669.000000
2423.000000
2907.000000
2358.000000
2927.000000
2407.764015
2812.175982
2521.000000
2669.000000
2423.000000
2907.000000
2358.000000
2927.000000
2407.744129
2812.226938
2521.000000
2669.000000
2423.000000
2907.000000
2358.000000
2927.000000
2407.724078
2812.278314
2521.000000
2669.000000
2423.000000
2907.000000
2358.000000
2927.000000
2407.703861
2812.330108
2521.000000
2669.000000
2423.000000
2907.000000
2358.000000
2927.000000
2407.683478
2812.382322
2521.000000
2669.000000
2423.000000
2907.000000
2358.000000
2927.000000
2407.662930
2812.434956
2521.000000
2669.000000
2423.000000
2907.000000
2358.000000
2927.000000
2407.642216
2812.488010
2521.000000
2669.000000
2423.000000
2907.000000
2358.000000
2927.000000
2407.621335
2812.541486
2521.000000
2669.000000
2423.000000
2907.000000
2358.000000
2927.000000
2407.600288
2812.595383
2521.000000
2669.000000
2423.000000
2907.000000
2358.000000
2927.000000
2407.579074
2812.649701
2521.000000
2669.000000
2423.000000
2907.000000
2358.000000
2927.000000
2407.557694
2812.704442
2521.000000
2669.000000
2423.000000
2907.000000
2358.000000
2927.000000
2407.536146
2812.759606
2521.000000
2669.000000
2423.000000
2907.000000
2358.000000
2927.000000
2407.514431
2812.815193
2521.000000
2669.000000
2423.000000
2907.000000
2358.000000
2927.000000
2407.492548
2812.871204
2521.000000
2669.000000
2423.000000
2907.000000
2358.000000
2927.000000
2407.470497
2812.927639
2521.000000
2669.000000
2423.000000
2907.000000
2358.000000
2927.000000
2407.448279
2812.984499
2521.000000
2669.000000
2423.000000
2907.000000
2358.000000
2927.000000
2407.425892
2813.041784
2521.000000
2669.000000
2423.000000
2907.000000
2358.000000
2927.000000
2407.403336
2813.099494
2521.000000
2669.000000
2423.000000
2907.000000
2358.000000
2927.000000
2407.380612
2813.157631
2521.000000
2669.000000
2423.000000
2907.000000
2358.000000
2927.000000
2407.357718
2813.216194
2521.000000
2669.000000
2423.000000
2907.000000
2358.000000
2927.000000
2407.334655
2813.275184
2521.000000
2669.000000
2423.000000
2907.000000
2358.000000
2927.000000
2407.311423
2813.334602
2521.000000
2669.000000
2423.000000
2907.000000
2358.000000
2927.000000
2407.288021
2813.394448
2521.000000
2669.000000
2423.000000
2907.000000
2358.000000
2927.000000
2407.264449
2813.454723
2521.000000
2669.000000
2423.000000
2907.000000
2358.000000
2927.000000
2407.240707
2813.515427
2521.000000
2669.000000
2423.000000
2907.000000
2358.000000
2927.000000
2407.216794
2813.576561
2521.000000
2669.000000
2423.000000
2907.000000
2358.000000
2927.000000
2407.192711
2813.638125
2521.000000
2669.000000
2423.000000
2907.000000
2358.000000
2927.000000
2407.168456
2813.700120
2521.000000
2669.000000
2423.000000
2907.000000
2358.000000
2927.000000
2407.144030
2813.762546
2521.000000
2669.000000
2423.000000
2907.000000
2358.000000
2927.000000
2407.119433
2813.825403
2521.000000
2669.000000
2423.000000
2907.000000
2358.000000
2927.000000
2407.094663
2813.888694
2521.000000
2669.000000
2423.000000
2907.000000
2358.000000
2927.000000
2407.069722
2813.952417
2521.000000
2669.000000
2423.000000
2907.000000
2358.000000
2927.000000
2407.044608
2814.016573
2521.000000
2669.000000
2423.000000
2907.000000
2358.000000
2927.000000
2407.019322
2814.081164
2521.000000
2669.000000
2423.000000
2907.000000
2358.000000
2927.000000
2406.993863
2814.146189
2521.000000
2669.000000
2423.000000
2907.000000
2358.000000
2927.000000
2406.968230
2814.211650
2521.000000
2669.000000
2423.000000
2907.000000
2358.000000
2927.000000
2406.942424
2814.277546
2521.000000
2669.000000
2423.000000
2907.000000
2358.000000
2927.000000
2406.916444
2814.343879
2521.000000
2669.000000
2423.000000
2907.000000
2358.000000
2927.000000
2406.890290
2814.410648
2521.000000
2669.000000
2423.000000
2907.000000
2358.000000
2927.000000
2406.863962
2814.477855
2521.000000
2669.000000
2423.000000
2907.000000
2358.000000
2927.000000
2406.837460
2814.545500
2521.000000
2669.000000
2423.000000
2907.000000
2358.000000
2927.000000
2406.810782
2814.613584
2521.000000
2669.000000
2423.000000
2907.000000
2358.000000
2927.000000
2406.783929
2814.682107
2521.000000
2669.000000
2423.000000
2907.000000
2358.000000
2927.000000
2406.756901
2814.751070
2521.000000
2669.000000
2423.000000
2907.000000
2358.000000
2927.000000
2406.729697
2814.820473
2521.000000
2669.000000
2423.000000
2907.000000
2358.000000
2927.000000
2406.702317
2814.890317
2521.000000
2669.000000
2423.000000
2907.000000
2358.000000
2927.000000
2406.674760
2814.960604
2521.000000
2669.000000
2423.000000
2907.000000
2358.000000
2927.000000
2406.647027
2815.031332
2521.000000
2669.000000
2423.000000
2907.000000
2358.000000
2927.000000
2406.619117
2815.102504
2521.000000
2669.000000
2423.000000
2907.000000
2358.000000
2927.000000
2406.591029
2815.174119
2521.000000
2669.000000
2423.000000
2907.000000
2358.000000
2927.000000
2406.562764
2815.246179
2521.000000
2669.000000
2423.000000
2907.000000
2358.000000
2927.000000
2406.534321
2815.318683
2521.000000
2669.000000
2423.000000
2907.000000
2358.000000
2927.000000
2406.505700
2815.391634
2521.000000
2669.000000
2423.000000
2907.000000
2358.000000
2927.000000
2406.476900
2815.465030
2521.000000
2669.000000
2423.000000
2907.000000
2358.000000
2927.000000
2406.447921
2815.538873
2521.000000
2669.000000
2423.000000
2907.000000
2358.000000
2927.000000
2406.418763
2815.613164
2521.000000
2669.000000
2423.000000
2907.000000
2358.000000
2927.000000
2406.389426
2815.687903
2521.000000
2669.000000
2423.000000
2907.000000
2358.000000
2927.000000
2406.359909
2815.763091
2521.000000
2669.000000
2423.000000
2907.000000
2358.000000
2927.000000
2406.330211
2815.838728
2521.000000
2669.000000
2423.000000
2907.000000
2358.000000
2927.000000
2406.300333
2815.914816
2521.000000
2669.000000
2423.000000
2907.000000
2358.000000
2927.000000
2406.270274
2815.991355
2521.000000
2669.000000
2423.000000
2907.000000
2358.000000
2927.000000
2406.240034
2816.068346
2521.000000
2669.000000
2423.000000
2907.000000
2358.000000
2927.000000
2406.209612
2816.145789
2521.000000
2669.000000
2423.000000
2907.000000
2358.000000
2927.000000
2406.179009
2816.223685
2521.000000
2669.000000
2423.000000
2907.000000
2358.000000
2927.000000
2406.148223
2816.302035
2521.000000
2669.000000
2423.000000
2907.000000
2358.000000
2927.000000
2406.117254
2816.380839
2521.000000
2669.000000
2423.000000
2907.000000
2358.000000
2927.000000
2406.086103
2816.460099
2521.000000
2669.000000
2423.000000
2907.000000
2358.000000
2927.000000
2406.054768
2816.539814
2521.000000
2669.000000
2423.000000
2907.000000
2358.000000
2927.000000
2406.023250
2816.619987
2521.000000
2669.000000
2423.000000
2907.000000
2358.000000
2927.000000
2405.991548
2816.700617
2521.000000
2669.000000
2423.000000
2907.000000
2358.000000
2927.000000
2405.959661
2816.781705
2521.000000
2669.000000
2423.000000
2907.000000
2358.000000
2927.000000
2405.927590
2816.863252
2521.000000
2669.000000
2423.000000
2907.000000
2358.000000
2927.000000
2405.895333
2816.945259
2521.000000
2669.000000
2423.000000
2907.000000
2358.000000
2927.000000
2405.862891
2817.027726
2521.000000
2669.000000
2423.000000
2907.000000
2358.000000
2927.000000
2405.830263
2817.110655
2521.000000
2669.000000
2423.000000
2907.000000
2358.000000
2927.000000
2405.797449
2817.194046
2521.000000
2669.000000
2423.000000
2907.000000
2358.000000
2927.000000
2405.764448
2817.277899
2521.000000
2669.000000
2423.000000
2907.000000
2358.000000
2927.000000
2405.731261
2817.362217
2521.000000
2669.000000
2423.000000
2907.000000
2358.000000
2927.000000
2405.697886
2817.446998
2521.000000
2669.000000
2423.000000
2907.000000
2358.000000
2927.000000
2405.664323
2817.532245
2521.000000
2669.000000
2423.000000
2907.000000
2358.000000
2927.000000
2405.630572
2817.617959
2521.000000
2669.000000
2423.000000
2907.000000
2358.000000
2927.000000
2405.596632
2817.704139
2521.000000
2669.000000
2423.000000
2907.000000
2358.000000
2927.000000
2405.562504
2817.790786
2521.000000
2669.000000
2423.000000
2907.000000
2358.000000
2927.000000
2405.528186
2817.877902
2521.000000
2669.000000
2423.000000
2907.000000
2358.000000
2927.000000
2405.493679
2817.965488
2521.000000
2669.000000
2423.000000
2907.000000
2358.000000
2927.000000
2405.458981
2818.053544
2521.000000
2669.000000
2423.000000
2907.000000
2358.000000
2927.000000
2405.424092
2818.142071
2521.000000
2669.000000
2423.000000
2907.000000
2358.000000
2927.000000
2405.389013
2818.231070
2521.000000
2669.000000
2423.000000
2907.000000
2358.000000
2927.000000
2405.353743
2818.320541
2521.000000
2669.000000
2423.000000
2907.000000
2358.000000
2927.000000
2405.318280
2818.410486
2521.000000
2669.000000
2423.000000
2907.000000
2358.000000
2927.000000
2405.282625
2818.500906
2521.000000
2669.000000
2423.000000
2907.000000
2358.000000
2927.000000
2405.246778
2818.591801
2521.000000
2669.000000
2423.000000
2907.000000
2358.000000
2927.000000
2405.210738
2818.683173
2521.000000
2669.000000
2423.000000
2907.000000
2358.000000
2927.000000
2405.174504
2818.775021
2521.000000
2669.000000
2423.000000
2907.000000
2358.000000
2927.000000
2405.138076
2818.867348
2521.000000
2669.000000
2423.000000
2907.000000
2358.000000
2927.000000
2405.101453
2818.960154
2521.000000
2669.000000
2423.000000
2907.000000
2358.000000
2927.000000
2405.064636
2819.053439
2521.000000
2669.000000
2423.000000
2907.000000
2358.000000
2927.000000
2405.027624
2819.147206
2521.000000
2669.000000
2423.000000
2907.000000
2358.000000
2927.000000
2404.990416
2819.241454
2521.000000
2669.000000
2423.000000
2907.000000
2358.000000
2927.000000
2404.953012
2819.336185
2521.000000
2669.000000
2423.000000
2907.000000
2358.000000
2927.000000
2404.915411
2819.431399
2521.000000
2669.000000
2423.000000
2907.000000
2358.000000
2927.000000
2404.877613
2819.527098
2521.000000
2669.000000
2423.000000
2907.000000
2358.000000
2927.000000
2404.839617
2819.623283
2521.000000
2669.000000
2423.000000
2907.000000
2358.000000
2927.000000
2404.801424
2819.719954
2521.000000
2669.000000
2423.000000
2907.000000
2358.000000
2927.000000
2404.763032
2819.817113
2521.000000
2669.000000
2423.000000
2907.000000
2358.000000
2927.000000
2404.724441
2819.914760
2521.000000
2669.000000
2423.000000
2907.000000
2358.000000
2927.000000
2404.685651
2820.012896
2521.000000
2669.000000
2423.000000
2907.000000
2358.000000
2927.000000
2404.646660
2820.111523
2521.000000
2669.000000
2423.000000
2907.000000
2358.000000
2927.000000
2404.607470
2820.210642
2521.000000
2669.000000
2423.000000
2907.000000
2358.000000
2927.000000
2404.568078
2820.310252
2521.000000
2669.000000
2423.000000
2907.000000
2358.000000
2927.000000
2404.528486
2820.410357
2521.000000
2669.000000
2423.000000
2907.000000
2358.000000
2927.000000
2404.488691
2820.510955
2521.000000
2669.000000
2423.000000
2907.000000
2358.000000
2927.000000
2404.448694
2820.612050
2521.000000
2669.000000
2423.000000
2907.000000
2358.000000
2927.000000
2404.408494
2820.713641
2521.000000
2669.000000
2423.000000
2907.000000
2358.000000
2927.000000
2404.368091
2820.815729
2521.000000
2669.000000
2423.000000
2907.000000
2358.000000
2927.000000
2404.327484
2820.918316
2521.000000
2669.000000
2423.000000
2907.000000
2358.000000
2927.000000
2404.286673
2821.021403
2521.000000
2669.000000
2423.000000
2907.000000
2358.000000
2927.000000
2404.245657
2821.124991
2521.000000
2669.000000
2423.000000
2907.000000
2358.000000
2927.000000
2404.204435
2821.229080
2521.000000
2669.000000
2423.000000
2907.000000
2358.000000
2927.000000
2404.163008
2821.333673
2521.000000
2669.000000
2423.000000
2907.000000
2358.000000
2927.000000
2404.121374
2821.438770
2521.000000
2669.000000
2423.000000
2907.000000
2358.000000
2927.000000
2404.079533
2821.544371
2521.000000
2669.000000
2423.000000
2907.000000
2358.000000
2927.000000
2404.037485
2821.650479
2521.000000
2669.000000
2423.000000
2907.000000
2358.000000
2927.000000
2403.995229
2821.757095
2521.000000
2669.000000
2423.000000
2907.000000
2358.000000
2927.000000
2403.952764
2821.864219
2521.000000
2669.000000
2423.000000
2907.000000
2358.000000
2927.000000
2403.910090
2821.971853
2521.000000
2669.000000
2423.000000
2907.000000
2358.000000
2927.000000
2403.867206
2822.079997
2521.000000
2669.000000
2423.000000
2907.000000
2358.000000
2927.000000
2403.824112
2822.188654
2521.000000
2669.000000
2423.000000
2907.000000
2358.000000
2927.000000
2403.780808
2822.297823
2521.000000
2669.000000
2423.000000
2907.000000
2358.000000
2927.000000
2403.737292
2822.407507
2521.000000
2669.000000
2423.000000
2907.000000
2358.000000
2927.000000
2403.693564
2822.517707
2521.000000
2669.000000
2423.000000
2907.000000
2358.000000
2927.000000
2403.649623
2822.628423
2521.000000
2669.000000
2423.000000
2907.000000
2358.000000
2927.000000
2403.605470
2822.739657
2521.000000
2669.000000
2423.000000
2907.000000
2358.000000
2927.000000
2403.561103
2822.851410
2521.000000
2669.000000
2423.000000
2907.000000
2358.000000
2927.000000
2403.516522
2822.963684
2521.000000
2669.000000
2423.000000
2907.000000
2358.000000
2927.000000
2403.471725
2823.076479
2521.000000
2669.000000
2423.000000
2907.000000
2358.000000
2927.000000
2403.426714
2823.189797
2521.000000
2669.000000
2423.000000
2907.000000
2358.000000
2927.000000
2403.381487
2823.303639
2521.000000
2669.000000
2423.000000
2907.000000
2358.000000
2927.000000
2403.336043
2823.418006
2521.000000
2669.000000
2423.000000
2907.000000
2358.000000
2927.000000
2403.290381
2823.532900
2521.000000
2669.000000
2423.000000
2907.000000
2358.000000
2927.000000
2403.244502
2823.648321
2521.000000
2669.000000
2423.000000
2907.000000
2358.000000
2927.000000
2403.198405
2823.764272
2521.000000
2669.000000
2423.000000
2907.000000
2358.000000
2927.000000
2403.152088
2823.880753
2521.000000
2669.000000
2423.000000
2907.000000
2358.000000
2927.000000
2403.105552
2823.997766
2521.000000
2669.000000
2423.000000
2907.000000
2358.000000
2927.000000
2403.058796
2824.115312
2521.000000
2669.000000
2423.000000
2907.000000
2358.000000
2927.000000
2403.011818
2824.233393
2521.000000
2669.000000
2423.000000
2907.000000
2358.000000
2927.000000
2402.964619
2824.352009
2521.000000
2669.000000
2423.000000
2907.000000
2358.000000
2927.000000
2402.917198
2824.471162
2521.000000
2669.000000
2423.000000
2907.000000
2358.000000
2927.000000
2402.869554
2824.590854
2521.000000
2669.000000
2423.000000
2907.000000
2358.000000
2927.000000
2402.821687
2824.711086
2521.000000
2669.000000
2423.000000
2907.000000
2358.000000
2927.000000
2402.773595
2824.831858
2521.000000
2669.000000
2423.000000
2907.000000
2358.000000
2927.000000
2402.725278
2824.953174
2521.000000
2669.000000
2423.000000
2907.000000
2358.000000
2927.000000
2402.676736
2825.075033
2521.000000
2669.000000
2423.000000
2907.000000
2358.000000
2927.000000
2402.627968
2825.197438
2521.000000
2669.000000
2423.000000
2907.000000
2358.000000
2927.000000
2402.578973
2825.320389
2521.000000
2669.000000
2423.000000
2907.000000
2358.000000
2927.000000
2402.529750
2825.443889
2521.000000
2669.000000
2423.000000
2907.000000
2358.000000
2927.000000
2402.480299
2825.567938
2521.000000
2669.000000
2423.000000
2907.000000
2358.000000
2927.000000
2402.430620
2825.692539
2521.000000
2669.000000
2423.000000
2907.000000
2358.000000
2927.000000
2402.380710
2825.817692
2521.000000
2669.000000
2423.000000
2907.000000
2358.000000
2927.000000
2402.330571
2825.943400
2521.000000
2669.000000
2423.000000
2907.000000
2358.000000
2927.000000
2402.280200
2826.069663
2521.000000
2669.000000
2423.000000
2907.000000
2358.000000
2927.000000
2402.229597
2826.196483
2521.000000
2669.000000
2423.000000
2907.000000
2358.000000
2927.000000
2402.178762
2826.323862
2521.000000
2669.000000
2423.000000
2907.000000
2358.000000
2927.000000
2402.127694
2826.451801
2521.000000
2669.000000
2423.000000
2907.000000
2358.000000
2927.000000
2402.076392
2826.580301
2521.000000
2669.000000
2423.000000
2907.000000
2358.000000
2927.000000
2402.024855
2826.709365
2521.000000
2669.000000
2423.000000
2907.000000
2358.000000
2927.000000
2401.973083
2826.838994
2521.000000
2669.000000
2423.000000
2907.000000
2358.000000
2927.000000
2401.921074
2826.969189
2521.000000
2669.000000
2423.000000
2907.000000
2358.000000
2927.000000
2401.868829
2827.099952
2521.000000
2669.000000
2423.000000
2907.000000
2358.000000
2927.000000
2401.816346
2827.231285
2521.000000
2669.000000
2423.000000
2907.000000
2358.000000
2927.000000
2401.763624
2827.363189
2521.000000
2669.000000
2423.000000
2907.000000
2358.000000
2927.000000
2401.710663
2827.495666
2521.000000
2669.000000
2423.000000
2907.000000
2358.000000
2927.000000
2401.657462
2827.628718
2521.000000
2669.000000
2423.000000
2907.000000
2358.000000
2927.000000
2401.604021
2827.762345
2521.000000
2669.000000
2423.000000
2907.000000
2358.000000
2927.000000
2401.550337
2827.896551
2521.000000
2669.000000
2423.000000
2907.000000
2358.000000
2927.000000
2401.496412
2828.031336
2521.000000
2669.000000
2423.000000
2907.000000
2358.000000
2927.000000
2401.442243
2828.166702
2521.000000
2669.000000
2423.000000
2907.000000
2358.000000
2927.000000
2401.387830
2828.302651
2521.000000
2669.000000
2423.000000
2907.000000
2358.000000
2927.000000
2401.333172
2828.439185
2521.000000
2669.000000
2423.000000
2907.000000
2358.000000
2927.000000
2401.278268
2828.576305
2521.000000
2669.000000
2423.000000
2907.000000
2358.000000
2927.000000
2401.223118
2828.714013
2521.000000
2669.000000
2423.000000
2907.000000
2358.000000
2927.000000
2401.167721
2828.852312
2521.000000
2669.000000
2423.000000
2907.000000
2358.000000
2927.000000
2401.112075
2828.991202
2521.000000
2669.000000
2423.000000
2907.000000
2358.000000
2927.000000
2401.056181
2829.130685
2521.000000
2669.000000
2423.000000
2907.000000
2358.000000
2927.000000
2401.000036
2829.270764
2521.000000
2669.000000
2423.000000
2907.000000
2358.000000
2927.000000
2400.943641
2829.411440
2521.000000
2669.000000
2423.000000
2907.000000
2358.000000
2927.000000
2400.886994
2829.552715
2521.000000
2669.000000
2423.000000
2907.000000
2358.000000
2927.000000
2400.830094
2829.694591
2521.000000
2669.000000
2423.000000
2907.000000
2358.000000
2927.000000
2400.772941
2829.837069
2521.000000
2669.000000
2423.000000
2907.000000
2358.000000
2927.000000
2400.715534
2829.980153
2521.000000
2669.000000
2423.000000
2907.000000
2358.000000
2927.000000
2400.657872
2830.123843
2521.000000
2669.000000
2423.000000
2907.000000
2358.000000
2927.000000
2400.599953
2830.268141
2521.000000
2669.000000
2423.000000
2907.000000
2358.000000
2927.000000
2400.541777
2830.413050
2521.000000
2669.000000
2423.000000
2907.000000
2358.000000
2927.000000
2400.483343
2830.558571
2521.000000
2669.000000
2423.000000
2907.000000
2358.000000
2927.000000
2400.424651
2830.704706
2521.000000
2669.000000
2423.000000
2907.000000
2358.000000
2927.000000
2400.365698
2830.851458
2521.000000
2669.000000
2423.000000
2907.000000
2358.000000
2927.000000
2400.306485
2830.998828
2521.000000
2669.000000
2423.000000
2907.000000
2358.000000
2927.000000
2400.247009
2831.146819
2521.000000
2669.000000
2423.000000
2907.000000
2358.000000
2927.000000
2400.187271
2831.295432
2521.000000
2669.000000
2423.000000
2907.000000
2358.000000
2927.000000
2400.127270
2831.444669
2521.000000
2669.000000
2423.000000
2907.000000
2358.000000
2927.000000
2400.067003
2831.594533
2521.000000
2669.000000
2423.000000
2907.000000
2358.000000
2927.000000
2400.006471
2831.745026
2521.000000
2669.000000
2423.000000
2907.000000
2358.000000
2927.000000
2399.945672
2831.896149
2521.000000
2669.000000
2423.000000
2907.000000
2358.000000
2927.000000
2399.884606
2832.047906
2521.000000
2669.000000
2423.000000
2907.000000
2358.000000
2927.000000
2399.823270
2832.200297
2521.000000
2669.000000
2423.000000
2907.000000
2358.000000
2927.000000
2399.761665
2832.353326
2521.000000
2669.000000
2423.000000
2907.000000
2358.000000
2927.000000
2399.699789
2832.506994
2521.000000
2669.000000
2423.000000
2907.000000
2358.000000
2927.000000
2399.637642
2832.661303
2521.000000
2669.000000
2423.000000
2907.000000
2358.000000
2927.000000
2399.575221
2832.816257
2521.000000
2669.000000
2423.000000
2907.000000
2358.000000
2927.000000
2399.512526
2832.971856
2521.000000
2669.000000
2423.000000
2907.000000
2358.000000
2927.000000
2399.449557
2833.128104
2521.000000
2669.000000
2423.000000
2907.000000
2358.000000
2927.000000
2399.386311
2833.285003
2521.000000
2669.000000
2423.000000
2907.000000
2358.000000
2927.000000
2399.322788
2833.442555
2521.000000
2669.000000
2423.000000
2907.000000
2358.000000
2927.000000
2399.258986
2833.600762
2521.000000
2669.000000
2423.000000
2907.000000
2358.000000
2927.000000
2399.194906
2833.759627
2521.000000
2669.000000
2423.000000
2907.000000
2358.000000
2927.000000
2399.130544
2833.919151
2521.000000
2669.000000
2423.000000
2907.000000
2358.000000
2927.000000
2399.065901
2834.079338
2521.000000
2669.000000
2423.000000
2907.000000
2358.000000
2927.000000
2399.000975
2834.240190
2521.000000
2669.000000
2423.000000
2907.000000
2358.000000
2927.000000
2398.935765
2834.401710
2521.000000
2669.000000
2423.000000
2907.000000
2358.000000
2927.000000
2398.870270
2834.563899
2521.000000
2669.000000
2423.000000
2907.000000
2358.000000
2927.000000
2398.804489
2834.726760
2521.000000
2669.000000
2423.000000
2907.000000
2358.000000
2927.000000
2398.738420
2834.890296
2521.000000
2669.000000
2423.000000
2907.000000
2358.000000
2927.000000
2398.672063
2835.054509
2521.000000
2669.000000
2423.000000
2907.000000
2358.000000
2927.000000
2398.605415
2835.219402
2521.000000
2669.000000
2423.000000
2907.000000
2358.000000
2927.000000
2398.538476
2835.384978
2521.000000
2669.000000
2423.000000
2907.000000
2358.000000
2927.000000
2398.471245
2835.551239
2521.000000
2669.000000
2423.000000
2907.000000
2358.000000
2927.000000
2398.403721
2835.718187
2521.000000
2669.000000
2423.000000
2907.000000
2358.000000
2927.000000
2398.335901
2835.885825
2521.000000
2669.000000
2423.000000
2907.000000
2358.000000
2927.000000
2398.267786
2836.054157
2521.000000
2669.000000
2423.000000
2907.000000
2358.000000
2927.000000
2398.199373
2836.223184
2521.000000
2669.000000
2423.000000
2907.000000
2358.000000
2927.000000
2398.130661
2836.392909
2521.000000
2669.000000
2423.000000
2907.000000
2358.000000
2927.000000
2398.061650
2836.563336
2521.000000
2669.000000
2423.000000
2907.000000
2358.000000
2927.000000
2397.992337
2836.734466
2521.000000
2669.000000
2423.000000
2907.000000
2358.000000
2927.000000
2397.922721
2836.906304
2521.000000
2669.000000
2423.000000
2907.000000
2358.000000
2927.000000
2397.852802
2837.078851
2521.000000
2669.000000
2423.000000
2907.000000
2358.000000
2927.000000
2397.782577
2837.252110
2521.000000
2669.000000
2423.000000
2907.000000
2358.000000
2927.000000
2397.712045
2837.426084
2521.000000
2669.000000
2423.000000
2907.000000
2358.000000
2927.000000
2397.641206
2837.600777
2521.000000
2669.000000
2423.000000
2907.000000
2358.000000
2927.000000
2397.570057
2837.776191
2521.000000
2669.000000
2423.000000
2907.000000
2358.000000
2927.000000
2397.498597
2837.952329
2521.000000
2669.000000
2423.000000
2907.000000
2358.000000
2927.000000
2397.426825
2838.129195
2521.000000
2669.000000
2423.000000
2907.000000
2358.000000
2927.000000
2397.354739
2838.306790
2521.000000
2669.000000
2423.000000
2907.000000
2358.000000
2927.000000
2397.282338
2838.485119
2521.000000
2669.000000
2423.000000
2907.000000
2358.000000
2927.000000
2397.209620
2838.664184
2521.000000
2669.000000
2423.000000
2907.000000
2358.000000
2927.000000
2397.136585
2838.843989
2521.000000
2669.000000
2423.000000
2907.000000
2358.000000
2927.000000
2397.063230
2839.024536
2521.000000
2669.000000
2423.000000
2907.000000
2358.000000
2927.000000
2396.989553
2839.205829
2521.000000
2669.000000
2423.000000
2907.000000
2358.000000
2927.000000
2396.915555
2839.387871
2521.000000
2669.000000
2423.000000
2907.000000
2358.000000
2927.000000
2396.841232
2839.570665
2521.000000
2669.000000
2423.000000
2907.000000
2358.000000
2927.000000
2396.766583
2839.754215
2521.000000
2669.000000
2423.000000
2907.000000
2358.000000
2927.000000
2396.691607
2839.938524
2521.000000
2669.000000
2423.000000
2907.000000
2358.000000
2927.000000
2396.616302
2840.123595
2521.000000
2669.000000
2423.000000
2907.000000
2358.000000
2927.000000
2396.540667
2840.309431
2521.000000
2669.000000
2423.000000
2907.000000
2358.000000
2927.000000
2396.464700
2840.496037
2521.000000
2669.000000
2423.000000
2907.000000
2358.000000
2927.000000
2396.388399
2840.683415
2521.000000
2669.000000
2423.000000
2907.000000
2358.000000
2927.000000
2396.311763
2840.871569
2521.000000
2669.000000
2423.000000
2907.000000
2358.000000
2927.000000
2396.234790
2841.060503
2521.000000
2669.000000
2423.000000
2907.000000
2358.000000
2927.000000
2396.157478
2841.250220
2521.000000
2669.000000
2423.000000
2907.000000
2358.000000
2927.000000
2396.079826
2841.440723
2521.000000
2669.000000
2423.000000
2907.000000
2358.000000
2927.000000
2396.001832
2841.632017
2521.000000
2669.000000
2423.000000
2907.000000
2358.000000
2927.000000
2395.923494
2841.824105
2521.000000
2669.000000
2423.000000
2907.000000
2358.000000
2927.000000
2395.844810
2842.016991
2521.000000
2669.000000
2423.000000
2907.000000
2358.000000
2927.000000
2395.765780
2842.210678
2521.000000
2669.000000
2423.000000
2907.000000
2358.000000
2927.000000
2395.686399
2842.405171
2521.000000
2669.000000
2423.000000
2907.000000
2358.000000
2927.000000
2395.606668
2842.600472
2521.000000
2669.000000
2423.000000
2907.000000
2358.000000
2927.000000
2395.526584
2842.796587
2521.000000
2669.000000
2423.000000
2907.000000
2358.000000
2927.000000
2395.446146
2842.993519
2521.000000
2669.000000
2423.000000
2907.000000
2358.000000
2927.000000
2395.365351
2843.191272
2521.000000
2669.000000
2423.000000
2907.000000
2358.000000
2927.000000
2395.284197
2843.389849
2521.000000
2669.000000
2423.000000
2907.000000
2358.000000
2927.000000
2395.202684
2843.589256
2521.000000
2669.000000
2423.000000
2907.000000
2358.000000
2927.000000
2395.120808
2843.789496
2521.000000
2669.000000
2423.000000
2907.000000
2358.000000
2927.000000
2395.038567
2843.990573
2521.000000
2669.000000
2423.000000
2907.000000
2358.000000
2927.000000
2394.955961
2844.192492
2521.000000
2669.000000
2423.000000
2907.000000
2358.000000
2927.000000
2394.872986
2844.395257
2521.000000
2669.000000
2423.000000
2907.000000
2358.000000
2927.000000
2394.789641
2844.598871
2521.000000
2669.000000
2423.000000
2907.000000
2358.000000
2927.000000
2394.705924
2844.803340
2521.000000
2669.000000
2423.000000
2907.000000
2358.000000
2927.000000
2394.621832
2845.008668
2521.000000
2669.000000
2423.000000
2907.000000
2358.000000
2927.000000
2394.537364
2845.214859
2521.000000
2669.000000
2423.000000
2907.000000
2358.000000
2927.000000
2394.452518
2845.421917
2521.000000
2669.000000
2423.000000
2907.000000
2358.000000
2927.000000
2394.367290
2845.629848
2521.000000
2669.000000
2423.000000
2907.000000
2358.000000
2927.000000
2394.281680
2845.838656
2521.000000
2669.000000
2423.000000
2907.000000
2358.000000
2927.000000
2394.195685
2846.048345
2521.000000
2669.000000
2423.000000
2907.000000
2358.000000
2927.000000
2394.109302
2846.258921
2521.000000
2669.000000
2423.000000
2907.000000
2358.000000
2927.000000
2394.022530
2846.470387
2521.000000
2669.000000
2423.000000
2907.000000
2358.000000
2927.000000
2393.935366
2846.682749
2521.000000
2669.000000
2423.000000
2907.000000
2358.000000
2927.000000
2393.847808
2846.896012
2521.000000
2669.000000
2423.000000
2907.000000
2358.000000
2927.000000
2393.759853
2847.110181
2521.000000
2669.000000
2423.000000
2907.000000
2358.000000
2927.000000
2393.671500
2847.325260
2521.000000
2669.000000
2423.000000
2907.000000
2358.000000
2927.000000
2393.582745
2847.541255
2521.000000
2669.000000
2423.000000
2907.000000
2358.000000
2927.000000
2393.493587
2847.758171
2521.000000
2669.000000
2423.000000
2907.000000
2358.000000
2927.000000
2393.404023
2847.976013
2521.000000
2669.000000
2423.000000
2907.000000
2358.000000
2927.000000
2393.314050
2848.194786
2521.000000
2669.000000
2423.000000
2907.000000
2358.000000
2927.000000
2393.223666
2848.414495
2521.000000
2669.000000
2423.000000
2907.000000
2358.000000
2927.000000
2393.132869
2848.635147
2521.000000
2669.000000
2423.000000
2907.000000
2358.000000
2927.000000
2393.041655
2848.856745
2521.000000
2669.000000
2423.000000
2907.000000
2358.000000
2927.000000
2392.950022
2849.079297
2521.000000
2669.000000
2423.000000
2907.000000
2358.000000
2927.000000
2392.857969
2849.302807
2521.000000
2669.000000
2423.000000
2907.000000
2358.000000
2927.000000
2392.765491
2849.527282
2521.000000
2669.000000
2423.000000
2907.000000
2358.000000
2927.000000
2392.672586
2849.752726
2521.000000
2669.000000
2423.000000
2907.000000
2358.000000
2927.000000
2392.579252
2849.979145
2521.000000
2669.000000
2423.000000
2907.000000
2358.000000
2927.000000
2392.485485
2850.206547
2521.000000
2669.000000
2423.000000
2907.000000
2358.000000
2927.000000
2392.391284
2850.434935
2521.000000
2669.000000
2423.000000
2907.000000
2358.000000
2927.000000
2392.296644
2850.664318
2521.000000
2669.000000
2423.000000
2907.000000
2358.000000
2927.000000
2392.201564
2850.894700
2521.000000
2669.000000
2423.000000
2907.000000
2358.000000
2927.000000
2392.106040
2851.126087
2521.000000
2669.000000
2423.000000
2907.000000
2358.000000
2927.000000
2392.010069
2851.358487
2521.000000
2669.000000
2423.000000
2907.000000
2358.000000
2927.000000
2391.913648
2851.591905
2521.000000
2669.000000
2423.000000
2907.000000
2358.000000
2927.000000
2391.816775
2851.826348
2521.000000
2669.000000
2423.000000
2907.000000
2358.000000
2927.000000
2391.719446
2852.061823
2521.000000
2669.000000
2423.000000
2907.000000
2358.000000
2927.000000
2391.621657
2852.298335
2521.000000
2669.000000
2423.000000
2907.000000
2358.000000
2927.000000
2391.523407
2852.535892
2521.000000
2669.000000
2423.000000
2907.000000
2358.000000
2927.000000
2391.424691
2852.774501
2521.000000
2669.000000
2423.000000
2907.000000
2358.000000
2927.000000
2391.325507
2853.014168
2521.000000
2669.000000
2423.000000
2907.000000
2358.000000
2927.000000
2391.225851
2853.254901
2521.000000
2669.000000
2423.000000
2907.000000
2358.000000
2927.000000
2391.125719
2853.496706
2521.000000
2669.000000
2423.000000
2907.000000
2358.000000
2927.000000
2391.025109
2853.739591
2521.000000
2669.000000
2423.000000
2907.000000
2358.000000
2927.000000
2390.924016
2853.983562
2521.000000
2669.000000
2423.000000
2907.000000
2358.000000
2927.000000
2390.822438
2854.228628
2521.000000
2669.000000
2423.000000
2907.000000
2358.000000
2927.000000
2390.720371
2854.474796
2521.000000
2669.000000
2423.000000
2907.000000
2358.000000
2927.000000
2390.617811
2854.722074
2521.000000
2669.000000
2423.000000
2907.000000
2358.000000
2927.000000
2390.514755
2854.970469
2521.000000
2669.000000
2423.000000
2907.000000
2358.000000
2927.000000
2390.411198
2855.219988
2521.000000
2669.000000
2423.000000
2907.000000
2358.000000
2927.000000
2390.307137
2855.470641
2521.000000
2669.000000
2423.000000
2907.000000
2358.000000
2927.000000
2390.202569
2855.722435
2521.000000
2669.000000
2423.000000
2907.000000
2358.000000
2927.000000
2390.097489
2855.975378
2521.000000
2669.000000
2423.000000
2907.000000
2358.000000
2927.000000
2389.991894
2856.229478
2521.000000
2669.000000
2423.000000
2907.000000
2358.000000
2927.000000
2389.885779
2856.484745
2521.000000
2669.000000
2423.000000
2907.000000
2358.000000
2927.000000
2389.779140
2856.741186
2521.000000
2669.000000
2423.000000
2907.000000
2358.000000
2927.000000
2389.671974
2856.998811
2521.000000
2669.000000
2423.000000
2907.000000
2358.000000
2927.000000
2389.564275
2857.257627
2521.000000
2669.000000
2423.000000
2907.000000
2358.000000
2927.000000
2389.456041
2857.517645
2521.000000
2669.000000
2423.000000
2907.000000
2358.000000
2927.000000
2389.347266
2857.778873
2521.000000
2669.000000
2423.000000
2907.000000
2358.000000
2927.000000
2389.237946
2858.041320
2521.000000
2669.000000
2423.000000
2907.000000
2358.000000
2927.000000
2389.128077
2858.304996
2521.000000
2669.000000
2423.000000
2907.000000
2358.000000
2927.000000
2389.017654
2858.569910
2521.000000
2669.000000
2423.000000
2907.000000
2358.000000
2927.000000
2388.906672
2858.836073
2521.000000
2669.000000
2423.000000
2907.000000
2358.000000
2927.000000
2388.795127
2859.103493
2521.000000
2669.000000
2423.000000
2907.000000
2358.000000
2927.000000
2388.683015
2859.372181
2521.000000
2669.000000
2423.000000
2907.000000
2358.000000
2927.000000
2388.570330
2859.642148
2521.000000
2669.000000
2423.000000
2907.000000
2358.000000
2927.000000
2388.457067
2859.913403
2521.000000
2669.000000
2423.000000
2907.000000
2358.000000
2927.000000
2388.343221
2860.185957
2521.000000
2669.000000
2423.000000
2907.000000
2358.000000
2927.000000
2388.228787
2860.459821
2521.000000
2669.000000
2423.000000
2907.000000
2358.000000
2927.000000
2388.113761
2860.735005
2521.000000
2669.000000
2423.000000
2907.000000
2358.000000
2927.000000
2387.998137
2861.011521
2521.000000
2669.000000
2423.000000
2907.000000
2358.000000
2927.000000
2387.881909
2861.289380
2521.000000
2669.000000
2423.000000
2907.000000
2358.000000
2927.000000
2387.765071
2861.568594
2521.000000
2669.000000
2423.000000
2907.000000
2358.000000
2927.000000
2387.647620
2861.849173
2521.000000
2669.000000
2423.000000
2907.000000
2358.000000
2927.000000
2387.529548
2862.131131
2521.000000
2669.000000
2423.000000
2907.000000
2358.000000
2927.000000
2387.410850
2862.414478
2521.000000
2669.000000
2423.000000
2907.000000
2358.000000
2927.000000
2387.291521
2862.699228
2521.000000
2669.000000
2423.000000
2907.000000
2358.000000
2927.000000
2387.171554
2862.985393
2521.000000
2669.000000
2423.000000
2907.000000
2358.000000
2927.000000
2387.050943
2863.272985
2521.000000
2669.000000
2423.000000
2907.000000
2358.000000
2927.000000
2386.929682
2863.562017
2521.000000
2669.000000
2423.000000
2907.000000
2358.000000
2927.000000
2386.807764
2863.852504
2521.000000
2669.000000
2423.000000
2907.000000
2358.000000
2927.000000
2386.685184
2864.144457
2521.000000
2669.000000
2423.000000
2907.000000
2358.000000
2927.000000
2386.561935
2864.437892
2521.000000
2669.000000
2423.000000
2907.000000
2358.000000
2927.000000
2386.438010
2864.732821
2521.000000
2669.000000
2423.000000
2907.000000
2358.000000
2927.000000
2386.313403
2865.029259
2521.000000
2669.000000
2423.000000
2907.000000
2358.000000
2927.000000
2386.188105
2865.327221
2521.000000
2669.000000
2423.000000
2907.000000
2358.000000
2927.000000
2386.062111
2865.626721
2521.000000
2669.000000
2423.000000
2907.000000
2358.000000
2927.000000
2385.935413
2865.927775
2521.000000
2669.000000
2423.000000
2907.000000
2358.000000
2927.000000
2385.808004
2866.230398
2521.000000
2669.000000
2423.000000
2907.000000
2358.000000
2927.000000
2385.679877
2866.534605
2521.000000
2669.000000
2423.000000
2907.000000
2358.000000
2927.000000
2385.551023
2866.840412
2521.000000
2669.000000
2423.000000
2907.000000
2358.000000
2927.000000
2385.421434
2867.147837
2521.000000
2669.000000
2423.000000
2907.000000
2358.000000
2927.000000
2385.291104
2867.456894
2521.000000
2669.000000
2423.000000
2907.000000
2358.000000
2927.000000
2385.160023
2867.767603
2521.000000
2669.000000
2423.000000
2907.000000
2358.000000
2927.000000
2385.028184
2868.079979
2521.000000
2669.000000
2423.000000
2907.000000
2358.000000
2927.000000
2384.895578
2868.394041
2521.000000
2669.000000
2423.000000
2907.000000
2358.000000
2927.000000
2384.762196
2868.709806
2521.000000
2669.000000
2423.000000
2907.000000
2358.000000
2927.000000
2384.628030
2869.027294
2521.000000
2669.000000
2423.000000
2907.000000
2358.000000
2927.000000
2384.493070
2869.346523
2521.000000
2669.000000
2423.000000
2907.000000
2358.000000
2927.000000
2384.357307
2869.667512
2521.000000
2669.000000
2423.000000
2907.000000
2358.000000
2927.000000
2384.220732
2869.990281
2521.000000
2669.000000
2423.000000
2907.000000
2358.000000
2927.000000
2384.083335
2870.314850
2521.000000
2669.000000
2423.000000
2907.000000
2358.000000
2927.000000
2383.945106
2870.641240
2521.000000
2669.000000
2423.000000
2907.000000
2358.000000
2927.000000
2383.806035
2870.969472
2521.000000
2669.000000
2423.000000
2907.000000
2358.000000
2927.000000
2383.666111
2871.299567
2521.000000
2669.000000
2423.000000
2907.000000
2358.000000
2927.000000
2383.525325
2871.631548
2521.000000
2669.000000
2423.000000
2907.000000
2358.000000
2927.000000
2383.383665
2871.965438
2521.000000
2669.000000
2423.000000
2907.000000
2358.000000
2927.000000
2383.241119
2872.301258
2521.000000
2669.000000
2423.000000
2907.000000
2358.000000
2927.000000
2383.097678
2872.639033
2521.000000
2669.000000
2423.000000
2907.000000
2358.000000
2927.000000
2382.953328
2872.978788
2521.000000
2669.000000
2423.000000
2907.000000
2358.000000
2927.000000
2382.808058
2873.320546
2521.000000
2669.000000
2423.000000
2907.000000
2358.000000
2927.000000
2382.661856
2873.664335
2521.000000
2669.000000
2423.000000
2907.000000
2358.000000
2927.000000
2382.514710
2874.010178
2521.000000
2669.000000
2423.000000
2907.000000
2358.000000
2927.000000
2382.366605
2874.358104
2521.000000
2669.000000
2423.000000
2907.000000
2358.000000
2927.000000
2382.217529
2874.708140
2521.000000
2669.000000
2423.000000
2907.000000
2358.000000
2927.000000
2382.067469
2875.060314
2521.000000
2669.000000
2423.000000
2907.000000
2358.000000
2927.000000
2381.916410
2875.414655
2521.000000
2669.000000
2423.000000
2907.000000
2358.000000
2927.000000
2381.764339
2875.771192
2521.000000
2669.000000
2423.000000
2907.000000
2358.000000
2927.000000
2381.611239
2876.129956
2521.000000
2669.000000
2423.000000
2907.000000
2358.000000
2927.000000
2381.457097
2876.490978
2521.000000
2669.000000
2423.000000
2907.000000
2358.000000
2927.000000
2381.301897
2876.854291
2521.000000
2669.000000
2423.000000
2907.000000
2358.000000
2927.000000
2381.145622
2877.219927
2521.000000
2669.000000
2423.000000
2907.000000
2358.000000
2927.000000
2380.988257
2877.587920
2521.000000
2669.000000
2423.000000
2907.000000
2358.000000
2927.000000
2380.829784
2877.958306
2521.000000
2669.000000
2423.000000
2907.000000
2358.000000
2927.000000
2380.670185
2878.331120
2521.000000
2669.000000
2423.000000
2907.000000
2358.000000
2927.000000
2380.509444
2878.706399
2521.000000
2669.000000
2423.000000
2907.000000
2358.000000
2927.000000
2380.347541
2879.084181
2521.000000
2669.000000
2423.000000
2907.000000
2358.000000
2927.000000
2380.184457
2879.464506
2521.000000
2669.000000
2423.000000
2907.000000
2358.000000
2927.000000
2380.020173
2879.847414
2521.000000
2669.000000
2423.000000
2907.000000
2358.000000
2927.000000
2379.854668
2880.232946
2521.000000
2669.000000
2423.000000
2907.000000
2358.000000
2927.000000
2379.687922
2880.621146
2521.000000
2669.000000
2423.000000
2907.000000
2358.000000
2927.000000
2379.519912
2881.012058
2521.000000
2669.000000
2423.000000
2907.000000
2358.000000
2927.000000
2379.350617
2881.405728
2521.000000
2669.000000
2423.000000
2907.000000
2358.000000
2927.000000
2379.180014
2881.802203
2521.000000
2669.000000
2423.000000
2907.000000
2358.000000
2927.000000
2379.008078
2882.201532
2521.000000
2669.000000
2423.000000
2907.000000
2358.000000
2927.000000
2378.834785
2882.603764
2521.000000
2669.000000
2423.000000
2907.000000
2358.000000
2927.000000
2378.660109
2883.008954
2521.000000
2669.000000
2423.000000
2907.000000
2358.000000
2927.000000
2378.484024
2883.417154
2521.000000
2669.000000
2423.000000
2907.000000
2358.000000
2927.000000
2378.306502
2883.828420
2521.000000
2669.000000
2423.000000
2907.000000
2358.000000
2927.000000
2378.127516
2884.242811
2521.000000
2669.000000
2423.000000
2907.000000
2358.000000
2927.000000
2377.947035
2884.660386
2521.000000
2669.000000
2423.000000
2907.000000
2358.000000
2927.000000
2377.765030
2885.081208
2521.000000
2669.000000
2423.000000
2907.000000
2358.000000
2927.000000
2377.581468
2885.505341
2521.000000
2669.000000
2423.000000
2907.000000
2358.000000
2927.000000
2377.396316
2885.932852
2521.000000
2669.000000
2423.000000
2907.000000
2358.000000
2927.000000
2377.209540
2886.363811
2521.000000
2669.000000
2423.000000
2907.000000
2358.000000
2927.000000
2377.021105
2886.798290
2521.000000
2669.000000
2423.000000
2907.000000
2358.000000
2927.000000
2376.830972
2887.236366
2521.000000
2669.000000
2423.000000
2907.000000
2358.000000
2927.000000
2376.639105
2887.678115
2521.000000
2669.000000
2423.000000
2907.000000
2358.000000
2927.000000
2376.445461
2888.123620
2521.000000
2669.000000
2423.000000
2907.000000
2358.000000
2927.000000
2376.249999
2888.572966
2521.000000
2669.000000
2423.000000
2907.000000
2358.000000
2927.000000
2376.052676
2889.026241
2521.000000
2669.000000
2423.000000
2907.000000
2358.000000
2927.000000
2375.853444
2889.483540
2521.000000
2669.000000
2423.000000
2907.000000
2358.000000
2927.000000
2375.652256
2889.944958
2521.000000
2669.000000
2423.000000
2907.000000
2358.000000
2927.000000
2375.449061
2890.410597
2521.000000
2669.000000
2423.000000
2907.000000
2358.000000
2927.000000
2375.243807
2890.880563
2521.000000
2669.000000
2423.000000
2907.000000
2358.000000
2927.000000
2375.036438
2891.354968
2521.000000
2669.000000
2423.000000
2907.000000
2358.000000
2927.000000
2374.826896
2891.833928
2521.000000
2669.000000
2423.000000
2907.000000
2358.000000
2927.000000
2374.615120
2892.317566
2521.000000
2669.000000
2423.000000
2907.000000
2358.000000
2927.000000
2374.401045
2892.806011
2521.000000
2669.000000
2423.000000
2907.000000
2358.000000
2927.000000
2374.184603
2893.299398
2521.000000
2669.000000
2423.000000
2907.000000
2358.000000
2927.000000
2373.965723
2893.797871
2521.000000
2669.000000
2423.000000
2907.000000
2358.000000
2927.000000
2373.744328
2894.301580
2521.000000
2669.000000
2423.000000
2907.000000
2358.000000
2927.000000
2373.520340
2894.810685
2521.000000
2669.000000
2423.000000
2907.000000
2358.000000
2927.000000
2373.293673
2895.325354
2521.000000
2669.000000
2423.000000
2907.000000
2358.000000
2927.000000
2373.064236
2895.845765
2521.000000
2669.000000
2423.000000
2907.000000
2358.000000
2927.000000
2372.831936
2896.372109
2521.000000
2669.000000
2423.000000
2907.000000
2358.000000
2927.000000
2372.596668
2896.904585
2521.000000
2669.000000
2423.000000
2907.000000
2358.000000
2927.000000
2372.358326
2897.443409
2521.000000
2669.000000
2423.000000
2907.000000
2358.000000
2927.000000
2372.116793
2897.988809
2521.000000
2669.000000
2423.000000
2907.000000
2358.000000
2927.000000
2371.871945
2898.541029
2521.000000
2669.000000
2423.000000
2907.000000
2358.000000
2927.000000
2371.623649
2899.100330
2521.000000
2669.000000
2423.000000
2907.000000
2358.000000
2927.000000
2371.371762
2899.666991
2521.000000
2669.000000
2423.000000
2907.000000
2358.000000
2927.000000
2371.116130
2900.241315
2521.000000
2669.000000
2423.000000
2907.000000
2358.000000
2927.000000
2370.856587
2900.823625
2521.000000
2669.000000
2423.000000
2907.000000
2358.000000
2927.000000
2370.592952
2901.414273
2521.000000
2669.000000
2423.000000
2907.000000
2358.000000
2927.000000
2370.325030
2902.013637
2521.000000
2669.000000
2423.000000
2907.000000
2358.000000
2927.000000
2370.052609
2902.622131
2521.000000
2669.000000
2423.000000
2907.000000
2358.000000
2927.000000
2369.775454
2903.240203
2521.000000
2669.000000
2423.000000
2907.000000
2358.000000
2927.000000
2369.493312
2903.868347
2521.000000
2669.000000
2423.000000
2907.000000
2358.000000
2927.000000
2369.205900
2904.507100
2521.000000
2669.000000
2423.000000
2907.000000
2358.000000
2927.000000
2368.912910
2905.157059
2521.000000
2669.000000
2423.000000
2907.000000
2358.000000
2927.000000
2368.613996
2905.818880
2521.000000
2669.000000
2423.000000
2907.000000
2358.000000
2927.000000
2368.308774
2906.493295
2521.000000
2669.000000
2423.000000
2907.000000
2358.000000
2927.000000
2367.996812
2907.181123
2521.000000
2669.000000
2423.000000
2907.000000
2358.000000
2927.000000
2367.677625
2907.883281
2521.000000
2669.000000
2423.000000
2907.000000
2358.000000
2927.000000
2367.350658
2908.600811
2521.000000
2669.000000
2423.000000
2907.000000
2358.000000
2927.000000
2367.015281
2909.334896
2521.000000
2669.000000
2423.000000
2907.000000
2358.000000
2927.000000
2366.670764
2910.086895
2521.000000
2669.000000
2423.000000
2907.000000
2358.000000
2927.000000
2366.316257
2910.858385
2521.000000
2669.000000
2423.000000
2907.000000
2358.000000
2927.000000
2365.950762
2911.651209
2521.000000
2669.000000
2423.000000
2907.000000
2358.000000
2927.000000
2365.573087
2912.467549
2521.000000
2669.000000
2423.000000
2907.000000
2358.000000
2927.000000
2365.181796
2913.310024
2521.000000
2669.000000
2423.000000
2907.000000
2358.000000
2927.000000
2364.775122
2914.181825
2521.000000
2669.000000
2423.000000
2907.000000
2358.000000
2927.000000
2364.350854
2915.086917
2521.000000
2669.000000
2423.000000
2907.000000
2358.000000
2927.000000
2363.906155
2916.030336
2521.000000
2669.000000
2423.000000
2907.000000
2358.000000
2927.000000
2363.437280
2917.018664
2521.000000
2669.000000
2423.000000
2907.000000
2358.000000
2927.000000
2362.939090
2918.060808
2521.000000
2669.000000
2423.000000
2907.000000
2358.000000
2927.000000
2362.404190
2919.169395
2521.000000
2669.000000
2423.000000
2907.000000
2358.000000
2927.000000
2361.821201
2920.363488
2521.000000
2669.000000
2423.000000
2907.000000
2358.000000
2927.000000
2361.170836
2921.674598
2521.000000
2669.000000
2423.000000
2907.000000
2358.000000
2927.000000
2360.415004
2923.162840
2521.000000
2669.000000
2423.000000
2907.000000
2358.000000
2927.000000
2359.453957
2924.977144
2521.000000
2669.000000
2423.000000
2907.000000
2358.000000
2927.000000
2358.492910
2926.791449
2521.000000
2669.000000
2423.000000
2907.000000
2358.000000
2927.000000
2357.531864
2928.605754
2521.000000
2669.000000
2423.000000
2907.000000
2358.000000
2927.000000
2356.570817
2930.420058
2521.000000
2669.000000
2423.000000
2907.000000
2358.000000
2927.000000
2355.832042
2931.702472
2521.000000
2669.000000
2423.000000
2907.000000
2358.000000
2927.000000
2355.216944
2932.716627
2521.000000
2669.000000
2423.000000
2907.000000
2358.000000
2927.000000
2354.687613
2933.554614
2521.000000
2669.000000
2423.000000
2907.000000
2358.000000
2927.000000
2354.224523
2934.261525
2521.000000
2669.000000
2423.000000
2907.000000
2358.000000
2927.000000
2353.815988
2934.863514
2521.000000
2669.000000
2423.000000
2907.000000
2358.000000
2927.000000
2353.454352
2935.377361
2521.000000
2669.000000
2423.000000
2907.000000
2358.000000
2927.000000
2353.134306
2935.814563
2521.000000
2669.000000
2423.000000
2907.000000
2358.000000
2927.000000
2352.852028
2936.183349
2521.000000
2669.000000
2423.000000
2907.000000
2358.000000
2927.000000
2352.604702
2936.489787
2521.000000
2669.000000
2423.000000
2907.000000
2358.000000
2927.000000
2352.390234
2936.738432
2521.000000
2669.000000
2423.000000
2907.000000
2358.000000
2927.000000
2352.207076
2936.932725
2521.000000
2669.000000
2423.000000
2907.000000
2358.000000
2927.000000
2352.054107
2937.075258
2521.000000
2669.000000
2423.000000
2907.000000
2358.000000
2927.000000
2351.930558
2937.167938
2521.000000
2669.000000
2423.000000
2907.000000
2358.000000
2927.000000
2351.835969
2937.212104
2521.000000
2669.000000
2423.000000
2907.000000
2358.000000
2927.000000
2351.770155
2937.208599
2521.000000
2669.000000
2423.000000
2907.000000
2358.000000
2927.000000
2351.733197
2937.157809
2521.000000
2669.000000
2423.000000
2907.000000
2358.000000
2927.000000
2351.725441
2937.059686
2521.000000
2669.000000
2423.000000
2907.000000
2358.000000
2927.000000
2351.747513
2936.913741
2521.000000
2669.000000
2423.000000
2907.000000
2358.000000
2927.000000
2351.800350
2936.719016
2521.000000
2669.000000
2423.000000
2907.000000
2358.000000
2927.000000
2351.885248
2936.474031
2521.000000
2669.000000
2423.000000
2907.000000
2358.000000
2927.000000
2352.003935
2936.176693
2521.000000
2669.000000
2423.000000
2907.000000
2358.000000
2927.000000
2352.158684
2935.824163
2521.000000
2669.000000
2423.000000
2907.000000
2358.000000
2927.000000
2352.352482
2935.412645
2521.000000
2669.000000
2423.000000
2907.000000
2358.000000
2927.000000
2352.589286
2934.937061
2521.000000
2669.000000
2423.000000
2907.000000
2358.000000
2927.000000
2352.874448
2934.390540
2521.000000
2669.000000
2423.000000
2907.000000
2358.000000
2927.000000
2353.215418
2933.763548
2521.000000
2669.000000
2423.000000
2907.000000
2358.000000
2927.000000
2353.623037
2933.042338
2521.000000
2669.000000
2423.000000
2907.000000
2358.000000
2927.000000
2354.114129
2932.205893
2521.000000
2669.000000
2423.000000
2907.000000
2358.000000
2927.000000
2354.717491
2931.219036
2521.000000
2669.000000
2423.000000
2907.000000
2358.000000
2927.000000
2355.491061
2930.013408
2521.000000
2669.000000
2423.000000
2907.000000
2358.000000
2927.000000
2356.594232
2928.411902
2521.000000
2669.000000
2423.000000
2907.000000
2358.000000
2927.000000
2357.697403
2926.810396
2521.000000
2669.000000
2423.000000
2907.000000
2358.000000
2927.000000
2358.800574
2925.208890
2521.000000
2669.000000
2423.000000
2907.000000
2358.000000
2927.000000
2359.903745
2923.607384
2521.000000
2669.000000
2423.000000
2907.000000
2358.000000
2927.000000
2360.750833
2922.462238
2521.000000
2669.000000
2423.000000
2907.000000
2358.000000
2927.000000
2361.452126
2921.557596
2521.000000
2669.000000
2423.000000
2907.000000
2358.000000
2927.000000
2362.051300
2920.813951
2521.000000
2669.000000
2423.000000
2907.000000
2358.000000
2927.000000
2362.571130
2920.191456
2521.000000
2669.000000
2423.000000
2907.000000
2358.000000
2927.000000
2363.025327
2919.666717
2521.000000
2669.000000
2423.000000
2907.000000
2358.000000
2927.000000
2363.422888
2919.224625
2521.000000
2669.000000
2423.000000
2907.000000
2358.000000
2927.000000
2363.770043
2918.854803
2521.000000
2669.000000
2423.000000
2907.000000
2358.000000
2927.000000
2364.071262
2918.549825
2521.000000
2669.000000
2423.000000
2907.000000
2358.000000
2927.000000
2364.329808
2918.304236
2521.000000
2669.000000
2423.000000
2907.000000
2358.000000
2927.000000
2364.548075
2918.113981
2521.000000
2669.000000
2423.000000
2907.000000
2358.000000
2927.000000
2364.727792
2917.976037
2521.000000
2669.000000
2423.000000
2907.000000
2358.000000
2927.000000
2364.870156
2917.888190
2521.000000
2669.000000
2423.000000
2907.000000
2358.000000
2927.000000
2364.975918
2917.848886
2521.000000
2669.000000
2423.000000
2907.000000
2358.000000
2927.000000
2365.045428
2917.857133
2521.000000
2669.000000
2423.000000
2907.000000
2358.000000
2927.000000
2365.078665
2917.912449
2521.000000
2669.000000
2423.000000
2907.000000
2358.000000
2927.000000
2365.075236
2918.014834
2521.000000
2669.000000
2423.000000
2907.000000
2358.000000
2927.000000
2365.034356
2918.164774
2521.000000
2669.000000
2423.000000
2907.000000
2358.000000
2927.000000
2364.954810
2918.363275
2521.000000
2669.000000
2423.000000
2907.000000
2358.000000
2927.000000
2364.834879
2918.611924
2521.000000
2669.000000
2423.000000
2907.000000
2358.000000
2927.000000
2364.672228
2918.912997
2521.000000
2669.000000
2423.000000
2907.000000
2358.000000
2927.000000
2364.463732
2919.269630
2521.000000
2669.000000
2423.000000
2907.000000
2358.000000
2927.000000
2364.205215
2919.686082
2521.000000
2669.000000
2423.000000
2907.000000
2358.000000
2927.000000
2363.891015
2920.168162
2521.000000
2669.000000
2423.000000
2907.000000
2358.000000
2927.000000
2363.513271
2920.723928
2521.000000
2669.000000
2423.000000
2907.000000
2358.000000
2927.000000
2363.060638
2921.364940
2521.000000
2669.000000
2423.000000
2907.000000
2358.000000
2927.000000
2362.515764
2922.108656
2521.000000
2669.000000
2423.000000
2907.000000
2358.000000
2927.000000
2361.849677
2922.983662
2521.000000
2669.000000
2423.000000
2907.000000
2358.000000
2927.000000
2361.006534
2924.043382
2521.000000
2669.000000
2423.000000
2907.000000
2358.000000
2927.000000
2359.845816
2925.415398
2521.000000
2669.000000
2423.000000
2907.000000
2358.000000
2927.000000
2358.685097
2926.787414
2521.000000
2669.000000
2423.000000
2907.000000
2358.000000
2927.000000
2357.524379
2928.159430
2521.000000
2669.000000
2423.000000
2907.000000
2358.000000
2927.000000
2356.363660
2929.531446
2521.000000
2669.000000
2423.000000
2907.000000
2358.000000
2927.000000
2355.202942
2930.903462
2521.000000
2669.000000
2423.000000
2907.000000
2358.000000
2927.000000
2354.242276
2931.996290
2521.000000
2669.000000
2423.000000
2907.000000
2358.000000
2927.000000
2353.403426
2932.927150
2521.000000
2669.000000
2423.000000
2907.000000
2358.000000
2927.000000
2352.650856
2933.746750
2521.000000
2669.000000
2423.000000
2907.000000
2358.000000
2927.000000
2351.964672
2934.482616
2521.000000
2669.000000
2423.000000
2907.000000
2358.000000
2927.000000
2351.332303
2935.151759
2521.000000
2669.000000
2423.000000
2907.000000
2358.000000
2927.000000
2350.745155
2935.765612
2521.000000
2669.000000
2423.000000
2907.000000
2358.000000
2927.000000
2350.197021
2936.332322
2521.000000
2669.000000
2423.000000
2907.000000
2358.000000
2927.000000
2349.683229
2936.857956
2521.000000
2669.000000
2423.000000
2907.000000
2358.000000
2927.000000
2349.200148
2937.347184
2521.000000
2669.000000
2423.000000
2907.000000
2358.000000
2927.000000
2348.744888
2937.803696
2521.000000
2669.000000
2423.000000
2907.000000
2358.000000
2927.000000
2348.315098
2938.230471
2521.000000
2669.000000
2423.000000
2907.000000
2358.000000
2927.000000
2347.908837
2938.629958
2521.000000
2669.000000
2423.000000
2907.000000
2358.000000
2927.000000
2347.524480
2939.004198
2521.000000
2669.000000
2423.000000
2907.000000
2358.000000
2927.000000
2347.160648
2939.354913
2521.000000
2669.000000
2423.000000
2907.000000
2358.000000
2927.000000
2346.816161
2939.683574
2521.000000
2669.000000
2423.000000
2907.000000
2358.000000
2927.000000
2346.490002
2939.991444
2521.000000
2669.000000
2423.000000
2907.000000
2358.000000
2927.000000
2346.181288
2940.279621
2521.000000
2669.000000
2423.000000
2907.000000
2358.000000
2927.000000
2345.889244
2940.549062
2521.000000
2669.000000
2423.000000
2907.000000
2358.000000
2927.000000
2345.613193
2940.800606
2521.000000
2669.000000
2423.000000
2907.000000
2358.000000
2927.000000
2345.352535
2941.034996
2521.000000
2669.000000
2423.000000
2907.000000
2358.000000
2927.000000
2345.106742
2941.252887
2521.000000
2669.000000
2423.000000
2907.000000
2358.000000
2927.000000
2344.875342
2941.454862
2521.000000
2669.000000
2423.000000
2907.000000
2358.000000
2927.000000
2344.657918
2941.641439
2521.000000
2669.000000
2423.000000
2907.000000
2358.000000
2927.000000
2344.454100
2941.813082
2521.000000
2669.000000
2423.000000
2907.000000
2358.000000
2927.000000
2344.263556
2941.970203
2521.000000
2669.000000
2423.000000
2907.000000
2358.000000
2927.000000
2344.085994
2942.113173
2521.000000
2669.000000
2423.000000
2907.000000
2358.000000
2927.000000
2343.921154
2942.242320
2521.000000
2669.000000
2423.000000
2907.000000
2358.000000
2927.000000
2343.768805
2942.357938
2521.000000
2669.000000
2423.000000
2907.000000
2358.000000
2927.000000
2343.628746
2942.460290
2521.000000
2669.000000
2423.000000
2907.000000
2358.000000
2927.000000
2343.500798
2942.549607
2521.000000
2669.000000
2423.000000
2907.000000
2358.000000
2927.000000
2343.384810
2942.626094
2521.000000
2669.000000
2423.000000
2907.000000
2358.000000
2927.000000
2343.280650
2942.689930
2521.000000
2669.000000
2423.000000
2907.000000
2358.000000
2927.000000
2343.188207
2942.741271
2521.000000
2669.000000
2423.000000
2907.000000
2358.000000
2927.000000
2343.107392
2942.780250
2521.000000
2669.000000
2423.000000
2907.000000
2358.000000
2927.000000
2343.038133
2942.806980
2521.000000
2669.000000
2423.000000
2907.000000
2358.000000
2927.000000
2342.980376
2942.821552
2521.000000
2669.000000
2423.000000
2907.000000
2358.000000
2927.000000
2342.934088
2942.824040
2521.000000
2669.000000
2423.000000
2907.000000
2358.000000
2927.000000
2342.899249
2942.814497
2521.000000
2669.000000
2423.000000
2907.000000
2358.000000
2927.000000
2342.875859
2942.792959
2521.000000
2669.000000
2423.000000
2907.000000
2358.000000
2927.000000
2342.863935
2942.759442
2521.000000
2669.000000
2423.000000
2907.000000
2358.000000
2927.000000
2342.863512
2942.713947
2521.000000
2669.000000
2423.000000
2907.000000
2358.000000
2927.000000
2342.874641
2942.656454
2521.000000
2669.000000
2423.000000
2907.000000
2358.000000
2927.000000
2342.897391
2942.586926
2521.000000
2669.000000
2423.000000
2907.000000
2358.000000
2927.000000
2342.931851
2942.505308
2521.000000
2669.000000
2423.000000
2907.000000
2358.000000
2927.000000
2342.978129
2942.411525
2521.000000
2669.000000
2423.000000
2907.000000
2358.000000
2927.000000
2343.036353
2942.305481
2521.000000
2669.000000
2423.000000
2907.000000
2358.000000
2927.000000
2343.106670
2942.187061
2521.000000
2669.000000
2423.000000
2907.000000
2358.000000
2927.000000
2343.189254
2942.056128
2521.000000
2669.000000
2423.000000
2907.000000
2358.000000
2927.000000
2343.284299
2941.912522
2521.000000
2669.000000
2423.000000
2907.000000
2358.000000
2927.000000
2343.392028
2941.756058
2521.000000
2669.000000
2423.000000
2907.000000
2358.000000
2927.000000
2343.512692
2941.586523
2521.000000
2669.000000
2423.000000
2907.000000
2358.000000
2927.000000
2343.646570
2941.403677
2521.000000
2669.000000
2423.000000
2907.000000
2358.000000
2927.000000
2343.793978
2941.207247
2521.000000
2669.000000
2423.000000
2907.000000
2358.000000
2927.000000
2343.955270
2940.996928
2521.000000
2669.000000
2423.000000
2907.000000
2358.000000
2927.000000
2344.130841
2940.772374
2521.000000
2669.000000
2423.000000
2907.000000
2358.000000
2927.000000
2344.321132
2940.533197
2521.000000
2669.000000
2423.000000
2907.000000
2358.000000
2927.000000
2344.526638
2940.278960
2521.000000
2669.000000
2423.000000
2907.000000
2358.000000
2927.000000
2344.747918
2940.009172
2521.000000
2669.000000
2423.000000
2907.000000
2358.000000
2927.000000
2344.985597
2939.723281
2521.000000
2669.000000
2423.000000
2907.000000
2358.000000
2927.000000
2345.240382
2939.420659
2521.000000
2669.000000
2423.000000
2907.000000
2358.000000
2927.000000
2345.513076
2939.100600
2521.000000
2669.000000
2423.000000
2907.000000
2358.000000
2927.000000
2345.804591
2938.762295
2521.000000
2669.000000
2423.000000
2907.000000
2358.000000
2927.000000
2346.115973
2938.404823
2521.000000
2669.000000
2423.000000
2907.000000
2358.000000
2927.000000
2346.448429
2938.027121
2521.000000
2669.000000
2423.000000
2907.000000
2358.000000
2927.000000
2346.803357
2937.627961
2521.000000
2669.000000
2423.000000
2907.000000
2358.000000
2927.000000
2347.182399
2937.205906
2521.000000
2669.000000
2423.000000
2907.000000
2358.000000
2927.000000
2347.587497
2936.759262
2521.000000
2669.000000
2423.000000
2907.000000
2358.000000
2927.000000
2348.020979
2936.286008
2521.000000
2669.000000
2423.000000
2907.000000
2358.000000
2927.000000
2348.485675
2935.783702
2521.000000
2669.000000
2423.000000
2907.000000
2358.000000
2927.000000
2348.985086
2935.249339
2521.000000
2669.000000
2423.000000
2907.000000
2358.000000
2927.000000
2349.523638
2934.679154
2521.000000
2669.000000
2423.000000
2907.000000
2358.000000
2927.000000
2350.107069
2934.068304
2521.000000
2669.000000
2423.000000
2907.000000
2358.000000
2927.000000
2350.743066
2933.410372
2521.000000
2669.000000
2423.000000
2907.000000
2358.000000
2927.000000
2351.442386
2932.696498
2521.000000
2669.000000
2423.000000
2907.000000
2358.000000
2927.000000
2352.220959
2931.913770
2521.000000
2669.000000
2423.000000
2907.000000
2358.000000
2927.000000
2353.104400
2931.041868
2521.000000
2669.000000
2423.000000
2907.000000
2358.000000
2927.000000
2354.139388
2930.044839
2521.000000
2669.000000
2423.000000
2907.000000
2358.000000
2927.000000
2355.431617
2928.844917
2521.000000
2669.000000
2423.000000
2907.000000
2358.000000
2927.000000
2357.367083
2927.182937
2521.000000
2669.000000
2423.000000
2907.000000
2358.000000
2927.000000
2359.302550
2925.520956
2521.000000
2669.000000
2423.000000
2907.000000
2358.000000
2927.000000
2361.238016
2923.858976
2521.000000
2669.000000
2423.000000
2907.000000
2358.000000
2927.000000
2362.894155
2922.467949
2521.000000
2669.000000
2423.000000
2907.000000
2358.000000
2927.000000
2364.419695
2921.197851
2521.000000
2669.000000
2423.000000
2907.000000
2358.000000
2927.000000
2365.866775
2919.998657
2521.000000
2669.000000
2423.000000
2907.000000
2358.000000
2927.000000
2367.260521
2918.846921
2521.000000
2669.000000
2423.000000
2907.000000
2358.000000
2927.000000
2368.615230
2917.729544
2521.000000
2669.000000
2423.000000
2907.000000
2358.000000
2927.000000
2369.939918
2916.638377
2521.000000
2669.000000
2423.000000
2907.000000
2358.000000
2927.000000
2371.240683
2915.567961
2521.000000
2669.000000
2423.000000
2907.000000
2358.000000
2927.000000
2372.521871
2914.514438
2521.000000
2669.000000
2423.000000
2907.000000
2358.000000
2927.000000
2373.786697
2913.474974
2521.000000
2669.000000
2423.000000
2907.000000
2358.000000
2927.000000
2375.037618
2912.447413
2521.000000
2669.000000
2423.000000
2907.000000
2358.000000
2927.000000
2376.276556
2911.430076
2521.000000
2669.000000
2423.000000
2907.000000
2358.000000
2927.000000
2377.505047
2910.421629
2521.000000
2669.000000
2423.000000
2907.000000
2358.000000
2927.000000
2378.724343
2909.420988
2521.000000
2669.000000
2423.000000
2907.000000
2358.000000
2927.000000
2379.935472
2908.427262
2521.000000
2669.000000
2423.000000
2907.000000
2358.000000
2927.000000
2381.139298
2907.439710
2521.000000
2669.000000
2423.000000
2907.000000
2358.000000
2927.000000
2382.336548
2906.457705
2521.000000
2669.000000
2423.000000
2907.000000
2358.000000
2927.000000
2383.527843
2905.480715
2521.000000
2669.000000
2423.000000
2907.000000
2358.000000
2927.000000
2384.713720
2904.508282
2521.000000
2669.000000
2423.000000
2907.000000
2358.000000
2927.000000
2385.894641
2903.540009
2521.000000
2669.000000
2423.000000
2907.000000
2358.000000
2927.000000
2387.071014
2902.575550
2521.000000
2669.000000
2423.000000
2907.000000
2358.000000
2927.000000
2388.243193
2901.614602
2521.000000
2669.000000
2423.000000
2907.000000
2358.000000
2927.000000
2389.411495
2900.656897
2521.000000
2669.000000
2423.000000
2907.000000
2358.000000
2927.000000
2390.576200
2899.702195
2521.000000
2669.000000
2423.000000
2907.000000
2358.000000
2927.000000
2391.737557
2898.750286
2521.000000
2669.000000
2423.000000
2907.000000
2358.000000
2927.000000
2392.895793
2897.800979
2521.000000
2669.000000
2423.000000
2907.000000
2358.000000
2927.000000
2394.051108
2896.854101
2521.000000
2669.000000
2423.000000
2907.000000
2358.000000
2927.000000
2395.203686
2895.909500
2521.000000
2669.000000
2423.000000
2907.000000
2358.000000
2927.000000
2396.353692
2894.967033
2521.000000
2669.000000
2423.000000
2907.000000
2358.000000
2927.000000
2397.501278
2894.026575
2521.000000
2669.000000
2423.000000
2907.000000
2358.000000
2927.000000
2398.646583
2893.088007
2521.000000
2669.000000
2423.000000
2907.000000
2358.000000
2927.000000
2399.789731
2892.151224
2521.000000
2669.000000
2423.000000
2907.000000
2358.000000
2927.000000
2400.930839
2891.216127
2521.000000
2669.000000
2423.000000
2907.000000
2358.000000
2927.000000
2402.070013
2890.282628
2521.000000
2669.000000
2423.000000
2907.000000
2358.000000
2927.000000
2403.207353
2889.350642
2521.000000
2669.000000
2423.000000
2907.000000
2358.000000
2927.000000
2404.342950
2888.420093
2521.000000
2669.000000
2423.000000
2907.000000
2358.000000
2927.000000
2405.476887
2887.490910
2521.000000
2669.000000
2423.000000
2907.000000
2358.000000
2927.000000
2406.609243
2886.563026
2521.000000
2669.000000
2423.000000
2907.000000
2358.000000
2927.000000
2407.740091
2885.636381
2521.000000
2669.000000
2423.000000
2907.000000
2358.000000
2927.000000
2408.869500
2884.710918
2521.000000
2669.000000
2423.000000
2907.000000
2358.000000
2927.000000
2409.997531
2883.786582
2521.000000
2669.000000
2423.000000
2907.000000
2358.000000
2927.000000
2411.124246
2882.863324
2521.000000
2669.000000
2423.000000
2907.000000
2358.000000
2927.000000
2412.249698
2881.941098
2521.000000
2669.000000
2423.000000
2907.000000
2358.000000
2927.000000
2413.373941
2881.019858
2521.000000
2669.000000
2423.000000
2907.000000
2358.000000
2927.000000
2414.497024
2880.099565
2521.000000
2669.000000
2423.000000
2907.000000
2358.000000
2927.000000
2415.618991
2879.180179
2521.000000
2669.000000
2423.000000
2907.000000
2358.000000
2927.000000
2416.739888
2878.261664
2521.000000
2669.000000
2423.000000
2907.000000
2358.000000
2927.000000
2417.859754
2877.343985
2521.000000
2669.000000
2423.000000
2907.000000
2358.000000
2927.000000
2418.978628
2876.427110
2521.000000
2669.000000
2423.000000
2907.000000
2358.000000
2927.000000
2420.096547
2875.511007
2521.000000
2669.000000
2423.000000
2907.000000
2358.000000
2927.000000
2421.213545
2874.595649
2521.000000
2669.000000
2423.000000
2907.000000
2358.000000
2927.000000
2422.329655
2873.681007
2521.000000
2669.000000
2423.000000
2907.000000
2358.000000
2927.000000
2423.444908
2872.767055
2521.000000
2669.000000
2423.000000
2907.000000
2358.000000
2927.000000
2424.559333
2871.853769
2521.000000
2669.000000
2423.000000
2907.000000
2358.000000
2927.000000
2425.672958
2870.941124
2521.000000
2669.000000
2423.000000
2907.000000
2358.000000
2927.000000
2426.785810
2870.029098
2521.000000
2669.000000
2423.000000
2907.000000
2358.000000
2927.000000
2427.897915
2869.117670
2521.000000
2669.000000
2423.000000
2907.000000
2358.000000
2927.000000
2429.009295
2868.206818
2521.000000
2669.000000
2423.000000
2907.000000
2358.000000
2927.000000
2430.119974
2867.296525
2521.000000
2669.000000
2423.000000
2907.000000
2358.000000
2927.000000
2431.229975
2866.386771
2521.000000
2669.000000
2423.000000
2907.000000
2358.000000
2927.000000
2432.339317
2865.477538
2521.000000
2669.000000
2423.000000
2907.000000
2358.000000
2927.000000
2433.448022
2864.568809
2521.000000
2669.000000
2423.000000
2907.000000
2358.000000
2927.000000
2434.556107
2863.660568
2521.000000
2669.000000
2423.000000
2907.000000
2358.000000
2927.000000
2435.663591
2862.752800
2521.000000
2669.000000
2423.000000
2907.000000
2358.000000
2927.000000
2436.770493
2861.845489
2521.000000
2669.000000
2423.000000
2907.000000
2358.000000
2927.000000
2437.876828
2860.938620
2521.000000
2669.000000
2423.000000
2907.000000
2358.000000
2927.000000
2438.982612
2860.032181
2521.000000
2669.000000
2423.000000
2907.000000
2358.000000
2927.000000
2440.087861
2859.126158
2521.000000
2669.000000
2423.000000
2907.000000
2358.000000
2927.000000
2441.192591
2858.220537
2521.000000
2669.000000
2423.000000
2907.000000
2358.000000
2927.000000
2442.296814
2857.315308
2521.000000
2669.000000
2423.000000
2907.000000
2358.000000
2927.000000
2443.400545
2856.410457
2521.000000
2669.000000
2423.000000
2907.000000
2358.000000
2927.000000
2444.503796
2855.505974
2521.000000
2669.000000
2423.000000
2907.000000
2358.000000
2927.000000
2445.606581
2854.601847
2521.000000
2669.000000
2423.000000
2907.000000
2358.000000
2927.000000
2446.708912
2853.698066
2521.000000
2669.000000
2423.000000
2907.000000
2358.000000
2927.000000
2447.810800
2852.794620
2521.000000
2669.000000
2423.000000
2907.000000
2358.000000
2927.000000
2448.912256
2851.891501
2521.000000
2669.000000
2423.000000
2907.000000
2358.000000
2927.000000
2450.013292
2850.988697
2521.000000
2669.000000
2423.000000
2907.000000
2358.000000
2927.000000
2451.113917
2850.086200
2521.000000
2669.000000
2423.000000
2907.000000
2358.000000
2927.000000
2452.214142
2849.184001
2521.000000
2669.000000
2423.000000
2907.000000
2358.000000
2927.000000
2453.313977
2848.282090
2521.000000
2669.000000
2423.000000
2907.000000
2358.000000
2927.000000
2454.413431
2847.380461
2521.000000
2669.000000
2423.000000
2907.000000
2358.000000
2927.000000
2455.512514
2846.479104
2521.000000
2669.000000
2423.000000
2907.000000
2358.000000
2927.000000
2456.611233
2845.578011
2521.000000
2669.000000
2423.000000
2907.000000
2358.000000
2927.000000
2457.709597
2844.677175
2521.000000
2669.000000
2423.000000
2907.000000
2358.000000
2927.000000
2458.807615
2843.776588
2521.000000
2669.000000
2423.000000
2907.000000
2358.000000
2927.000000
2459.905294
2842.876244
2521.000000
2669.000000
2423.000000
2907.000000
2358.000000
2927.000000
2461.002643
2841.976134
2521.000000
2669.000000
2423.000000
2907.000000
2358.000000
2927.000000
2462.099668
2841.076252
2521.000000
2669.000000
2423.000000
2907.000000
2358.000000
2927.000000
2463.196377
2840.176591
2521.000000
2669.000000
2423.000000
2907.000000
2358.000000
2927.000000
2464.292777
2839.277145
2521.000000
2669.000000
2423.000000
2907.000000
2358.000000
2927.000000
2465.388874
2838.377907
2521.000000
2669.000000
2423.000000
2907.000000
2358.000000
2927.000000
2466.484675
2837.478872
2521.000000
2669.000000
2423.000000
2907.000000
2358.000000
2927.000000
2467.580186
2836.580032
2521.000000
2669.000000
2423.000000
2907.000000
2358.000000
2927.000000
2468.675413
2835.681382
2521.000000
2669.000000
2423.000000
2907.000000
2358.000000
2927.000000
2469.770363
2834.782917
2521.000000
2669.000000
2423.000000
2907.000000
2358.000000
2927.000000
2470.865041
2833.884629
2521.000000
2669.000000
2423.000000
2907.000000
2358.000000
2927.000000
2471.959453
2832.986515
2521.000000
2669.000000
2423.000000
2907.000000
2358.000000
2927.000000
2473.053604
2832.088569
2521.000000
2669.000000
2423.000000
2907.000000
2358.000000
2927.000000
2474.147499
2831.190784
2521.000000
2669.000000
2423.000000
2907.000000
2358.000000
2927.000000
2475.241143
2830.293156
2521.000000
2669.000000
2423.000000
2907.000000
2358.000000
2927.000000
2476.334542
2829.395681
2521.000000
2669.000000
2423.000000
2907.000000
2358.000000
2927.000000
2477.427700
2828.498352
2521.000000
2669.000000
2423.000000
2907.000000
2358.000000
2927.000000
2478.520621
2827.601164
2521.000000
2669.000000
2423.000000
2907.000000
2358.000000
2927.000000
2479.613311
2826.704114
2521.000000
2669.000000
2423.000000
2907.000000
2358.000000
2927.000000
2480.705773
2825.807196
2521.000000
2669.000000
2423.000000
2907.000000
2358.000000
2927.000000
2481.798013
2824.910406
2521.000000
2669.000000
2423.000000
2907.000000
2358.000000
2927.000000
2482.890033
2824.013738
2521.000000
2669.000000
2423.000000
2907.000000
2358.000000
2927.000000
2483.981838
2823.117189
2521.000000
2669.000000
2423.000000
2907.000000
2358.000000
2927.000000
2485.073433
2822.220753
2521.000000
2669.000000
2423.000000
2907.000000
2358.000000
2927.000000
2486.164819
2821.324427
2521.000000
2669.000000
2423.000000
2907.000000
2358.000000
2927.000000
2487.256002
2820.428206
2521.000000
2669.000000
2423.000000
2907.000000
2358.000000
2927.000000
2488.346985
2819.532087
2521.000000
2669.000000
2423.000000
2907.000000
2358.000000
2927.000000
2489.437771
2818.636063
2521.000000
2669.000000
2423.000000
2907.000000
2358.000000
2927.000000
2490.528364
2817.740132
2521.000000
2669.000000
2423.000000
2907.000000
2358.000000
2927.000000
2491.618766
2816.844290
2521.000000
2669.000000
2423.000000
2907.000000
2358.000000
2927.000000
2492.708981
2815.948532
2521.000000
2669.000000
2423.000000
2907.000000
2358.000000
2927.000000
2493.799012
2815.052854
2521.000000
2669.000000
2423.000000
2907.000000
2358.000000
2927.000000
2494.888862
2814.157252
2521.000000
2669.000000
2423.000000
2907.000000
2358.000000
2927.000000
2495.978534
2813.261722
2521.000000
2669.000000
2423.000000
2907.000000
2358.000000
2927.000000
2497.068030
2812.366261
2521.000000
2669.000000
2423.000000
2907.000000
2358.000000
2927.000000
2498.157352
2811.470865
2521.000000
2669.000000
2423.000000
2907.000000
2358.000000
2927.000000
2499.246505
2810.575529
2521.000000
2669.000000
2423.000000
2907.000000
2358.000000
2927.000000
2500.335489
2809.680250
2521.000000
2669.000000
2423.000000
2907.000000
2358.000000
2927.000000
2501.424307
2808.785024
2521.000000
2669.000000
2423.000000
2907.000000
2358.000000
2927.000000
2502.512963
2807.889847
2521.000000
2669.000000
2423.000000
2907.000000
2358.000000
2927.000000
2503.601456
2806.994716
2521.000000
2669.000000
2423.000000
2907.000000
2358.000000
2927.000000
2504.689791
2806.099627
2521.000000
2669.000000
2423.000000
2907.000000
2358.000000
2927.000000
2505.777969
2805.204577
2521.000000
2669.000000
2423.000000
2907.000000
2358.000000
2927.000000
2506.865991
2804.309561
2521.000000
2669.000000
2423.000000
2907.000000
2358.000000
2927.000000
2507.953861
2803.414577
2521.000000
2669.000000
2423.000000
2907.000000
2358.000000
2927.000000
2509.041578
2802.519619
2521.000000
2669.000000
2423.000000
2907.000000
2358.000000
2927.000000
2510.129146
2801.624686
2521.000000
2669.000000
2423.000000
2907.000000
2358.000000
2927.000000
2511.216565
2800.729773
2521.000000
2669.000000
2423.000000
2907.000000
2358.000000
2927.000000
2512.303838
2799.834878
2521.000000
2669.000000
2423.000000
2907.000000
2358.000000
2927.000000
2513.390965
2798.939995
2521.000000
2669.000000
2423.000000
2907.000000
2358.000000
2927.000000
2514.477948
2798.045122
2521.000000
2669.000000
2423.000000
2907.000000
2358.000000
2927.000000
2515.564788
2797.150256
2521.000000
2669.000000
2423.000000
2907.000000
2358.000000
2927.000000
2516.651487
2796.255393
2521.000000
2669.000000
2423.000000
2907.000000
2358.000000
2927.000000
2517.738045
2795.360530
2521.000000
2669.000000
2423.000000
2907.000000
2358.000000
2927.000000
2518.824464
2794.465662
2521.000000
2669.000000
2423.000000
2907.000000
2358.000000
2927.000000
2519.910744
2793.570788
2521.000000
2669.000000
2423.000000
2907.000000
2358.000000
2927.000000
2520.996886
2792.675903
2521.000000
2669.000000
2423.000000
2907.000000
2358.000000
2927.000000
2522.082891
2791.781004
2521.000000
2669.000000
2423.000000
2907.000000
2358.000000
2927.000000
2523.168760
2790.886087
2521.000000
2669.000000
2423.000000
2907.000000
2358.000000
2927.000000
2524.254493
2789.991151
2521.000000
2669.000000
2423.000000
2907.000000
2358.000000
2927.000000
2525.340091
2789.096190
2521.000000
2669.000000
2423.000000
2907.000000
2358.000000
2927.000000
2526.425554
2788.201202
2521.000000
2669.000000
2423.000000
2907.000000
2358.000000
2927.000000
2527.510883
2787.306184
2521.000000
2669.000000
2423.000000
2907.000000
2358.000000
2927.000000
2528.596077
2786.411132
2521.000000
2669.000000
2423.000000
2907.000000
2358.000000
2927.000000
2529.681137
2785.516043
2521.000000
2669.000000
2423.000000
2907.000000
2358.000000
2927.000000
2530.766064
2784.620915
2521.000000
2669.000000
2423.000000
2907.000000
2358.000000
2927.000000
2531.850856
2783.725743
2521.000000
2669.000000
2423.000000
2907.000000
2358.000000
2927.000000
2532.935513
2782.830526
2521.000000
2669.000000
2423.000000
2907.000000
2358.000000
2927.000000
2534.020037
2781.935259
2521.000000
2669.000000
2423.000000
2907.000000
2358.000000
2927.000000
2535.104426
2781.039939
2521.000000
2669.000000
2423.000000
2907.000000
2358.000000
2927.000000
2536.188680
2780.144564
2521.000000
2669.000000
2423.000000
2907.000000
2358.000000
2927.000000
2537.272798
2779.249132
2521.000000
2669.000000
2423.000000
2907.000000
2358.000000
2927.000000
2538.356780
2778.353637
2521.000000
2669.000000
2423.000000
2907.000000
2358.000000
2927.000000
2539.440626
2777.458079
2521.000000
2669.000000
2423.000000
2907.000000
2358.000000
2927.000000
2540.524334
2776.562454
2521.000000
2669.000000
2423.000000
2907.000000
