2085.000535
2547.000894
2938.999960
2236.000029
2115.999876
2601.999702
2240.000003
2923.999913
2771.999952
2930.999930
2362.999889
2630.000628
2062.000082
2881.999932
2704.000009
2353.000031
2653.999957
2694.999983
2355.999986
2686.999849
2085.001606
2547.002681
2938.999881
2236.000088
2115.999628
2601.999105
2240.000008
2923.999738
2771.999855
2930.999790
2362.999668
2630.001885
2062.000246
2881.999795
2704.000027
2353.000092
2653.999872
2694.999949
2355.999959
2686.999547
2085.003212
2547.005362
2938.999763
2236.000176
2115.999256
2601.998211
2240.000016
2923.999477
2771.999711
2930.999579
2362.999337
2630.003769
2062.000493
2881.999590
2704.000053
2353.000183
2653.999744
2694.999898
2355.999918
2686.999094
