2833.000389
2091.000125
2035.000057
2766.000022
2777.000089
2913.000097
2406.000182
2381.000650
2409.000309
2851.000620
2441.000163
2785.000316
2390.000114
2448.000387
2470.000071
2207.000110
2892.000046
2738.000042
2933.000287
2118.000093
2833.001167
2091.000376
2035.000170
2766.000067
2777.000266
2913.000291
2406.000547
2381.001949
2409.000927
2851.001861
2441.000490
2785.000948
2390.000341
2448.001161
2470.000213
2207.000329
2892.000137
2738.000125
2933.000861
2118.000280
2833.002334
2091.000752
2035.000339
2766.000133
2777.000532
2913.000583
2406.001094
2381.003898
2409.001854
2851.003723
2441.000980
2785.001895
2390.000682
2448.002322
2470.000425
2207.000659
2892.000274
2738.000250
2933.001721
2118.000561
2833.003889
2091.001253
2035.000566
2766.000222
2777.000887
2913.000971
2406.001823
2381.006496
2409.003090
2851.006204
2441.001634
2785.003158
2390.001136
2448.003870
2470.000709
2207.001098
2892.000456
2738.000417
2933.002869
2118.000935
2833.005834
2091.001880
2035.000849
2766.000333
2777.001330
2913.001457
2406.002734
2381.009744
2409.004635
2851.009306
2441.002451
2785.004738
2390.001704
2448.005806
2470.001063
2207.001647
2892.000684
2738.000625
2933.004304
2118.001402
2833.008168
2091.002632
2035.001188
2766.000466
2777.001862
2913.002039
2406.003828
2381.013642
2409.006489
2851.013029
2441.003431
2785.006633
2390.002385
2448.008128
2470.001488
2207.002306
2892.000958
2738.000875
2933.006025
2118.001963
2833.010890
2091.003509
2035.001584
2766.000621
2777.002482
2913.002719
2406.005104
2381.018190
2409.008652
2851.017371
2441.004575
2785.008843
2390.003181
2448.010837
2470.001984
2207.003075
2892.001277
2738.001166
2933.008033
2118.002618
2833.014002
2091.004512
2035.002037
2766.000798
2777.003192
2913.003496
2406.006562
2381.023387
2409.011124
2851.022335
2441.005881
2785.011370
2390.004090
2448.013934
2470.002551
2207.003954
2892.001641
2738.001500
2933.010329
2118.003366
2833.017503
2091.005640
2035.002546
2766.000998
2777.003990
2913.004370
2406.008203
2381.029234
2409.013904
2851.027918
2441.007352
2785.014213
2390.005112
2448.017417
2470.003188
2207.004942
2892.002052
2738.001875
2933.012911
2118.004207
2833.021392
2091.006893
2035.003112
2766.001220
2777.004876
2913.005341
2406.010026
2381.035730
2409.016994
2851.034122
2441.008985
2785.017371
2390.006248
2448.021288
2470.003897
2207.006040
2892.002508
2738.002291
2933.015780
2118.005142
2833.025671
2091.008272
2035.003734
2766.001464
2777.005851
2913.006409
2406.012031
2381.042877
2409.020392
2851.040946
2441.010782
2785.020845
2390.007498
2448.025545
2470.004676
2207.007248
2892.003009
2738.002750
2933.018936
2118.006171
2833.030338
2091.009776
2035.004413
2766.001730
2777.006915
2913.007575
2406.014219
2381.050673
2409.024100
2851.048390
2441.012742
2785.024635
2390.008861
2448.030190
2470.005526
2207.008566
2892.003556
2738.003249
2933.022379
2118.007293
2833.035395
2091.011405
2035.005149
2766.002018
2777.008068
2913.008837
2406.016589
2381.059119
2409.028115
2851.056455
2441.014866
2785.028740
2390.010338
2448.035222
2470.006447
2207.009993
2892.004149
2738.003791
2933.026109
2118.008508
2833.040840
2091.013160
2035.005941
2766.002328
2777.009309
2913.010196
2406.019142
2381.068215
2409.032440
2851.065140
2441.017152
2785.033161
2390.011929
2448.040642
2470.007439
2207.011531
2892.004788
2738.004374
2933.030126
2118.009817
2833.046675
2091.015040
2035.006790
2766.002661
2777.010639
2913.011653
2406.021877
2381.077961
2409.037073
2851.074445
2441.019602
2785.037899
2390.013633
2448.046448
2470.008502
2207.013178
2892.005471
2738.004999
2933.034429
2118.011220
2833.052898
2091.017046
2035.007695
2766.003016
2777.012057
2913.013207
2406.024795
2381.088357
2409.042015
2851.084370
2441.022215
2785.042951
2390.015452
2448.052642
2470.009635
2207.014935
2892.006201
2738.005666
2933.039020
2118.012716
2833.059511
2091.019176
2035.008657
2766.003393
2777.013564
2913.014858
2406.027895
2381.099403
2409.047265
2851.094915
2441.024991
2785.048320
2390.017383
2448.059223
2470.010839
2207.016802
2892.006976
2738.006374
2933.043898
2118.014305
2833.066513
2091.021432
2035.009675
2766.003792
2777.015160
2913.016606
2406.031177
2381.111100
2409.052824
2851.106081
2441.027930
2785.054004
2390.019429
2448.066191
2470.012114
2207.018778
2892.007797
2738.007124
2933.049063
2118.015988
2833.073903
2091.023814
2035.010750
2766.004213
2777.016845
2913.018451
2406.034643
2381.123446
2409.058691
2851.117866
2441.031033
2785.060004
2390.021588
2448.073547
2470.013460
2207.020865
2892.008663
2738.007915
2933.054514
2118.017765
2833.081683
2091.026321
2035.011882
2766.004657
2777.018618
2913.020393
2406.038290
2381.136443
2409.064866
2851.130271
2441.034298
2785.066319
2390.023862
2448.081290
2470.014877
2207.023061
2892.009575
2738.008749
2933.060253
2118.019635
2833.089852
2091.028953
2035.013070
2766.005123
2777.020480
2913.022432
2406.042121
2381.150090
2409.071350
2851.143296
2441.037727
2785.072950
2390.026249
2448.089421
2470.016365
2207.025366
2892.010533
2738.009623
2933.066279
2118.021599
2833.098410
2091.031711
2035.014315
2766.005610
2777.022430
2913.024569
2406.046134
2381.164387
2409.078142
2851.156942
2441.041318
2785.079897
2390.028749
2448.097939
2470.017923
2207.027782
2892.011536
2738.010540
2933.072591
2118.023656
2833.107357
2091.034593
2035.015616
2766.006120
2777.024469
2913.026802
2406.050330
2381.179335
2409.085241
2851.171207
2441.045072
2785.087159
2390.031364
2448.106844
2470.019552
2207.030307
2892.012585
2738.011498
2933.079191
2118.025806
2833.116693
2091.037602
2035.016974
2766.006653
2777.026597
2913.029133
2406.054708
2381.194933
2409.092649
2851.186091
2441.048990
2785.094737
2390.034093
2448.116137
2470.021252
2207.032942
2892.013679
2738.012498
2933.086078
2118.028051
2833.126419
2091.040736
2035.018389
2766.007207
2777.028814
2913.031560
2406.059269
2381.211182
2409.100365
2851.201596
2441.053070
2785.102630
2390.036935
2448.125818
2470.023023
2207.035687
2892.014819
2738.013540
2933.093252
2118.030388
2833.136533
2091.043995
2035.019860
2766.007784
2777.031119
2913.034085
2406.064014
2381.228082
2409.108389
2851.217720
2441.057313
2785.110839
2390.039891
2448.135886
2470.024864
2207.038542
2892.016004
2738.014623
2933.100713
2118.032820
2833.147037
2091.047379
2035.021387
2766.008383
2777.033513
2913.036707
2406.068941
2381.245632
2409.116720
2851.234464
2441.061719
2785.119363
2390.042962
2448.146342
2470.026776
2207.041506
2892.017235
2738.015748
2933.108461
2118.035344
2833.157930
2091.050889
2035.022971
2766.009003
2777.035995
2913.039426
2406.074050
2381.263833
2409.125359
2851.251827
2441.066287
2785.128203
2390.046146
2448.157186
2470.028759
2207.044580
2892.018512
2738.016914
2933.116496
2118.037963
2833.169212
2091.054524
2035.024612
2766.009647
2777.038566
2913.042242
2406.079343
2381.282685
2409.134305
2851.269809
2441.071019
2785.137358
2390.049444
2448.168417
2470.030813
2207.047764
2892.019835
2738.018122
2933.124818
2118.040675
2833.180884
2091.058285
2035.026310
2766.010312
2777.041226
2913.045156
2406.084819
2381.302189
2409.143559
2851.288412
2441.075913
2785.146829
2390.052857
2448.180037
2470.032938
2207.051057
2892.021203
2738.019372
2933.133428
2118.043480
2833.192944
2091.062171
2035.028064
2766.011000
2777.043974
2913.048166
2406.090478
2381.322343
2409.153120
2851.307633
2441.080969
2785.156615
2390.056383
2448.192044
2470.035133
2207.054460
2892.022616
2738.020664
2933.142324
2118.046379
2833.205394
2091.066182
2035.029874
2766.011709
2777.046812
2913.051273
2406.096320
2381.343149
2409.162989
2851.327474
2441.086188
2785.166716
2390.060023
2448.204439
2470.037399
2207.057973
2892.024075
2738.021997
2933.151508
2118.049372
2833.218234
2091.070319
2035.031741
2766.012441
2777.049737
2913.054478
2406.102346
2381.364606
2409.173164
2851.347934
2441.091570
2785.177133
2390.063778
2448.217222
2470.039736
2207.061596
2892.025580
2738.023372
2933.160979
2118.052458
2833.231462
2091.074582
2035.033665
2766.013195
2777.052752
2913.057780
2406.108554
2381.386714
2409.183646
2851.369013
2441.097114
2785.187865
2390.067647
2448.230394
2470.042143
2207.065328
2892.027130
2738.024789
2933.170737
2118.055638
2833.245080
2091.078969
2035.035645
2766.013971
2777.055855
2913.061178
2406.114946
2381.409474
2409.194436
2851.390711
2441.102820
2785.198912
2390.071630
2448.243953
2470.044621
2207.069170
2892.028726
2738.026247
2933.180782
2118.058911
2833.259088
2091.083483
2035.037682
2766.014770
2777.059047
2913.064674
2406.121521
2381.432886
2409.205531
2851.413028
2441.108689
2785.210274
2390.075727
2448.257901
2470.047170
2207.073121
2892.030368
2738.027747
2933.191115
2118.062278
2833.273485
2091.088121
2035.039775
2766.015591
2777.062327
2913.068267
2406.128280
2381.456950
2409.216934
2851.435964
2441.114720
2785.221951
2390.079938
2448.272237
2470.049790
2207.077182
2892.032055
2738.029288
2933.201734
2118.065738
2833.288271
2091.092885
2035.041925
2766.016433
2777.065697
2913.071957
2406.135222
2381.481665
2409.228643
2851.459518
2441.120913
2785.233944
2390.084264
2448.286961
2470.052480
2207.081353
2892.033788
2738.030872
2933.212641
2118.069292
2833.303447
2091.097775
2035.044132
2766.017299
2777.069154
2913.075744
2406.142347
2381.507033
2409.240658
2851.483692
2441.127268
2785.246251
2390.088704
2448.302074
2470.055241
2207.085633
2892.035566
2738.032497
2933.223836
2118.072940
2833.319012
2091.102790
2035.046395
2766.018186
2777.072701
2913.079629
2406.149657
2381.533053
2409.252979
2851.508483
2441.133786
2785.258874
2390.093259
2448.317575
2470.058072
2207.090023
2892.037390
2738.034163
2933.235317
2118.076681
2833.334966
2091.107930
2035.048714
2766.019095
2777.076336
2913.083610
2406.157150
2381.559725
2409.265606
2851.533894
2441.140465
2785.271811
2390.097928
2448.333465
2470.060975
2207.094523
2892.039260
2738.035871
2933.247086
2118.080516
2833.351311
2091.113196
2035.051090
2766.020027
2777.080060
2913.087689
2406.164826
2381.587050
2409.278539
2851.559923
2441.147307
2785.285064
2390.102711
2448.349743
2470.063948
2207.099132
2892.041175
2738.037621
2933.259143
2118.084444
2833.368044
2091.118588
2035.053523
2766.020981
2777.083873
2913.091864
2406.172687
2381.615027
2409.291778
2851.586570
2441.154310
2785.298631
2390.107609
2448.366410
2470.066991
2207.103850
2892.043136
2738.039413
2933.271486
2118.088466
2833.385168
2091.124104
2035.056013
2766.021957
2777.087774
2913.096137
2406.180731
2381.643657
2409.305322
2851.613835
2441.161475
2785.312514
2390.112622
2448.383466
2470.070105
2207.108679
2892.045142
2738.041246
2933.284117
2118.092582
2833.402681
2091.129747
2035.058559
2766.022955
2777.091764
2913.100507
2406.188959
2381.672940
2409.319172
2851.641719
2441.168801
2785.326711
2390.117749
2448.400911
2470.073290
2207.113616
2892.047194
2738.043122
2933.297036
2118.096791
2833.420584
2091.135515
2035.061161
2766.023975
2777.095843
2913.104973
2406.197372
2381.702876
2409.333327
2851.670220
2441.176290
2785.341223
2390.122991
2448.418745
2470.076546
2207.118664
2892.049292
2738.045038
2933.310242
2118.101094
2833.438876
2091.141408
2035.063820
2766.025018
2777.100010
2913.109537
2406.205968
2381.733465
2409.347787
2851.699339
2441.183940
2785.356049
2390.128347
2448.436968
2470.079872
2207.123821
2892.051435
2738.046997
2933.323735
2118.105491
2833.457558
2091.147427
2035.066536
2766.026083
2777.104266
2913.114198
2406.214749
2381.764708
2409.362552
2851.729076
2441.191751
2785.371190
2390.133818
2448.455580
2470.083268
2207.129087
2892.053624
2738.048997
2933.337516
2118.109981
2833.476630
2091.153571
2035.069308
2766.027170
2777.108611
2913.118957
2406.223714
2381.796604
2409.377621
2851.759431
2441.199724
2785.386646
2390.139404
2448.474581
2470.086736
2207.134463
2892.055859
2738.051039
2933.351585
2118.114565
2833.496092
2091.159841
2035.072136
2766.028279
2777.113044
2913.123812
2406.232863
2381.829154
2409.392995
2851.790404
2441.207858
2785.402417
2390.145105
2448.493972
2470.090273
2207.139948
2892.058139
2738.053122
2933.365940
2118.119242
2833.515944
2091.166237
2035.075022
2766.029410
2777.117566
2913.128764
2406.242197
2381.862357
2409.408673
2851.821993
2441.216154
2785.418502
2390.150921
2448.513752
2470.093882
2207.145543
2892.060465
2738.055247
2933.380584
2118.124013
2833.536185
2091.172758
2035.077964
2766.030564
2777.122177
2913.133814
2406.251716
2381.896215
2409.424656
2851.854200
2441.224610
2785.434901
2390.156851
2448.533921
2470.097561
2207.151247
2892.062836
2738.057414
2933.395515
2118.128878
2833.556816
2091.179405
2035.080962
2766.031740
2777.126876
2913.138960
2406.261419
2381.930727
2409.440942
2851.887025
2441.233228
2785.451615
2390.162897
2448.554480
2470.101310
2207.157061
2892.065253
2738.059623
2933.410734
2118.133837
2833.577838
2091.186177
2035.084017
2766.032938
2777.131665
2913.144204
2406.271307
2381.965893
2409.457533
2851.920466
2441.242007
2785.468643
2390.169058
2448.575429
2470.105130
2207.162984
2892.067716
2738.061873
2933.426240
2118.138889
2833.599249
2091.193074
2035.087128
2766.034158
2777.136541
2913.149545
2406.281379
2382.001714
2409.474426
2851.954524
2441.250946
2785.485985
2390.175334
2448.596768
2470.109021
2207.169016
2892.070224
2738.064165
2933.442034
2118.144035
2833.621050
2091.200098
2035.090296
2766.035401
2777.141507
2913.154982
2406.291637
2382.038190
2409.491623
2851.989199
2441.260047
2785.503642
2390.181725
2448.618497
2470.112982
2207.175158
2892.072778
2738.066498
2933.458116
2118.149274
2833.643242
2091.207247
2035.093521
2766.036665
2777.146561
2913.160517
2406.302080
2382.075320
2409.509124
2852.024491
2441.269308
2785.521613
2390.188231
2448.640615
2470.117013
2207.181410
2892.075377
2738.068874
2933.474486
2118.154608
2833.665823
2091.214521
2035.096802
2766.037952
2777.151704
2913.166149
2406.312707
2382.113106
2409.526927
2852.060399
2441.278729
2785.539898
2390.194853
2448.663124
2470.121115
2207.187770
2892.078022
2738.071291
2933.491143
2118.160034
2833.688795
2091.221921
2035.100140
2766.039262
2777.156936
2913.171878
2406.323520
2382.151547
2409.545033
2852.096924
2441.288312
2785.558497
2390.201589
2448.686023
2470.125288
2207.194240
2892.080713
2738.073750
2933.508088
2118.165555
2833.712156
2091.229447
2035.103534
2766.040593
2777.162256
2913.177705
2406.334519
2382.190644
2409.563441
2852.134065
2441.298054
2785.577410
2390.208442
2448.709313
2470.129531
2207.200820
2892.083449
2738.076250
2933.525321
2118.171170
2833.735908
2091.237098
2035.106985
2766.041946
2777.167665
2913.183628
2406.345702
2382.230396
2409.582152
2852.171822
2441.307957
2785.596637
2390.215410
2448.732993
2470.133844
2207.207508
2892.086231
2738.078792
2933.542842
2118.176878
2833.760051
2091.244875
2035.110493
2766.043322
2777.173163
2913.189648
2406.357072
2382.270804
2409.601165
2852.210195
2441.318020
2785.616178
2390.222493
2448.757063
2470.138228
2207.214306
2892.089059
2738.081376
2933.560651
2118.182680
2833.784583
2091.252778
2035.114056
2766.044720
2777.178750
2913.195766
2406.368627
2382.311868
2409.620480
2852.249184
2441.328244
2785.636032
2390.229692
2448.781524
2470.142682
2207.221213
2892.091932
2738.084002
2933.578747
2118.188575
2833.809506
2091.260806
2035.117677
2766.046140
2777.184425
2913.201980
2406.380368
2382.353589
2409.640096
2852.288789
2441.338627
2785.656201
2390.237006
2448.806377
2470.147206
2207.228230
2892.094851
2738.086669
2933.597132
2118.194565
2833.834820
2091.268960
2035.121354
2766.047583
2777.190189
2913.208292
2406.392294
2382.395966
2409.660014
2852.329009
2441.349170
2785.676683
2390.244437
2448.831620
2470.151801
2207.235356
2892.097815
2738.089378
2933.615805
2118.200648
2833.860523
2091.277240
2035.125088
2766.049048
2777.196042
2913.214701
2406.404407
2382.439001
2409.680233
2852.369845
2441.359874
2785.697478
2390.251983
2448.857254
2470.156466
2207.242591
2892.100825
2738.092129
2933.634765
2118.206825
2833.886618
2091.285645
2035.128878
2766.050535
2777.201983
2913.221206
2406.416706
2382.482692
2409.700753
2852.411296
2441.370736
2785.718588
2390.259645
2448.883279
2470.161202
2207.249935
2892.103881
2738.094921
2933.654014
2118.213096
2833.913103
2091.294176
2035.132724
2766.052044
2777.208013
2913.227809
2406.429191
2382.527040
2409.721574
2852.453362
2441.381759
2785.740010
2390.267423
2448.909696
2470.166008
2207.257388
2892.106983
2738.097755
2933.673551
2118.219460
2833.939978
2091.302833
2035.136628
2766.053575
2777.214132
2913.234509
2406.441862
2382.572046
2409.742695
2852.496042
2441.392941
2785.761746
2390.275317
2448.936504
2470.170884
2207.264951
2892.110130
2738.100631
2933.693376
2118.225918
2833.967244
2091.311616
2035.140587
2766.055129
2777.220340
2913.241306
2406.454720
2382.617709
2409.764116
2852.539338
2441.404282
2785.783796
2390.283327
2448.963704
2470.175831
2207.272622
2892.113322
2738.103549
2933.713489
2118.232470
2833.994901
2091.320524
2035.144604
2766.056704
2777.226636
2913.248201
2406.467764
2382.664031
2409.785837
2852.583248
2441.415782
2785.806158
2390.291453
2448.991295
2470.180848
2207.280403
2892.116561
2738.106508
2933.733890
2118.239116
2834.022948
2091.329558
2035.148676
2766.058303
2777.233021
2913.255192
2406.480995
2382.711011
2409.807858
2852.627773
2441.427442
2785.828834
2390.299696
2449.019278
2470.185935
2207.288293
2892.119844
2738.109509
2933.754579
2118.245856
2834.051387
2091.338718
2035.152806
2766.059923
2777.239495
2913.262280
2406.494413
2382.758649
2409.830179
2852.672911
2441.439261
2785.851823
2390.308055
2449.047654
2470.191092
2207.296292
2892.123174
2738.112552
2933.775557
2118.252690
2834.080216
2091.348003
2035.156992
2766.061565
2777.246057
2913.269465
2406.508019
2382.806946
2409.852798
2852.718664
2441.451238
2785.875125
2390.316530
2449.076421
2470.196320
2207.304400
2892.126549
2738.115636
2933.796823
2118.259617
2834.109436
2091.357415
2035.161234
2766.063230
2777.252708
2913.276748
2406.521811
2382.855901
2409.875717
2852.765031
2441.463375
2785.898740
2390.325122
2449.105581
2470.201618
2207.312617
2892.129970
2738.118763
2933.818378
2118.266639
2834.139047
2091.366952
2035.165533
2766.064917
2777.259448
2913.284128
2406.535790
2382.905516
2409.898934
2852.812011
2441.475670
2785.922667
2390.333830
2449.135133
2470.206986
2207.320944
2892.133437
2738.121930
2933.840221
2118.273754
2834.169049
2091.376615
2035.169889
2766.066627
2777.266277
2913.291604
2406.549957
2382.955791
2409.922449
2852.859605
2441.488123
2785.946908
2390.342655
2449.165078
2470.212424
2207.329379
2892.136949
2738.125140
2933.862352
2118.280963
2834.199442
2091.386403
2035.174301
2766.068358
2777.273194
2913.299178
2406.564311
2383.006725
2409.946263
2852.907813
2441.500735
2785.971461
2390.351597
2449.195415
2470.217933
2207.337923
2892.140506
2738.128392
2933.884772
2118.288266
2834.230226
2091.396318
2035.178769
2766.070112
2777.280201
2913.306849
2406.578853
2383.058319
2409.970374
2852.956633
2441.513505
2785.996327
2390.360655
2449.226146
2470.223511
2207.346576
2892.144110
2738.131685
2933.907481
2118.295663
2834.261401
2091.406358
2035.183294
2766.071888
2777.287296
2913.314616
2406.593583
2383.110573
2409.994783
2853.006067
2441.526434
2786.021505
2390.369830
2449.257269
2470.229160
2207.355338
2892.147759
2738.135020
2933.930477
2118.303153
2834.292968
2091.416525
2035.187876
2766.073686
2777.294479
2913.322481
2406.608501
2383.163488
2410.019489
2853.056113
2441.539520
2786.046996
2390.379123
2449.288786
2470.234879
2207.364209
2892.151454
2738.138396
2933.953763
2118.310738
2834.324925
2091.426817
2035.192514
2766.075507
2777.301752
2913.330443
2406.623607
2383.217064
2410.044492
2853.106772
2441.552764
2786.072799
2390.388532
2449.320696
2470.240668
2207.373189
2892.155194
2738.141815
2933.977337
2118.318417
2834.357275
2091.437235
2035.197209
2766.077350
2777.309113
2913.338503
2406.638901
2383.271301
2410.069792
2853.158044
2441.566166
2786.098914
2390.398058
2449.352999
2470.246527
2207.382278
2892.158980
2738.145275
2934.001200
2118.326189
2834.390015
2091.447779
2035.201960
2766.079215
2777.316563
2913.346659
2406.654384
2383.326199
2410.095388
2853.209927
2441.579726
2786.125342
2390.407702
2449.385696
2470.252456
2207.391476
2892.162812
2738.148777
2934.025352
2118.334056
2834.423147
2091.458449
2035.206768
2766.081102
2777.324102
2913.354912
2406.670055
2383.381759
2410.121281
2853.262423
2441.593443
2786.152082
2390.417463
2449.418787
2470.258455
2207.400782
2892.166689
2738.152320
2934.049792
2118.342016
2834.456671
2091.469244
2035.211632
2766.083012
2777.331729
2913.363262
2406.685915
2383.437980
2410.147469
2853.315530
2441.607318
2786.179133
2390.427342
2449.452272
2470.264524
2207.410198
2892.170612
2738.155906
2934.074521
2118.350071
2834.490586
2091.480166
2035.216553
2766.084943
2777.339445
2913.371710
2406.701963
2383.494864
2410.173952
2853.369249
2441.621349
2786.206497
2390.437338
2449.486151
2470.270663
2207.419722
2892.174581
2738.159533
2934.099540
2118.358219
2834.524892
2091.491214
2035.221530
2766.086898
2777.347250
2913.380254
2406.718201
2383.552411
2410.200731
2853.423580
2441.635538
2786.234173
2390.447451
2449.520424
2470.276873
2207.429355
2892.178595
2738.163202
2934.124847
2118.366461
2834.559591
2091.502388
2035.226564
2766.088874
2777.355144
2913.388896
2406.734628
2383.610620
2410.227805
2853.478521
2441.649884
2786.262160
2390.457683
2449.555092
2470.283152
2207.439096
2892.182655
2738.166912
2934.150443
2118.374798
2834.594681
2091.513687
2035.231654
2766.090873
2777.363127
2913.397634
2406.751245
2383.669493
2410.255173
2853.534074
2441.664386
2786.290459
2390.468032
2449.590155
2470.289501
2207.448947
2892.186761
2738.170665
2934.176328
2118.383228
2834.630163
2091.525113
2035.236801
2766.092894
2777.371198
2913.406470
2406.768051
2383.729029
2410.282835
2853.590237
2441.679046
2786.319069
2390.478499
2449.625612
2470.295920
2207.458906
2892.190912
2738.174459
2934.202502
2118.391753
2834.666037
2091.536665
2035.242005
2766.094937
2777.379358
2913.415402
2406.785046
2383.789229
2410.310791
2853.647011
2441.693861
2786.347991
2390.489084
2449.661464
2470.302409
2207.468973
2892.195109
2738.178295
2934.228965
2118.400371
2834.702303
2091.548342
2035.247264
2766.097002
2777.387607
2913.424432
2406.802232
2383.850093
2410.339041
2853.704395
2441.708833
2786.377224
2390.499787
2449.697712
2470.308967
2207.479150
2892.199352
2738.182173
2934.255717
2118.409084
2834.738961
2091.560146
2035.252581
2766.099090
2777.395945
2913.433559
2406.819607
2383.911621
2410.367584
2853.762390
2441.723962
2786.406769
2390.510608
2449.734355
2470.315596
2207.489434
2892.203640
2738.186092
2934.282759
2118.417890
2834.776010
2091.572076
2035.257954
2766.101200
2777.404371
2913.442783
2406.837173
2383.973814
2410.396420
2853.820994
2441.739246
2786.436624
2390.521548
2449.771393
2470.322295
2207.499828
2892.207974
2738.190053
2934.310090
2118.426791
2834.813453
2091.584132
2035.263383
2766.103332
2777.412886
2913.452104
2406.854929
2384.036673
2410.425549
2853.880208
2441.754686
2786.466791
2390.532606
2449.808828
2470.329063
2207.510330
2892.212354
2738.194056
2934.337710
2118.435786
2834.851287
2091.596314
2035.268869
2766.105487
2777.421490
2913.461522
2406.872876
2384.100196
2410.454970
2853.940031
2441.770282
2786.497269
2390.543782
2449.846658
2470.335901
2207.520941
2892.216779
2738.198101
2934.365620
2118.444875
2834.889514
2091.608622
2035.274412
2766.107664
2777.430183
2913.471037
2406.891013
2384.164386
2410.484682
2854.000464
2441.786033
2786.528057
2390.555077
2449.884884
2470.342809
2207.531660
2892.221250
2738.202188
2934.393819
2118.454058
2834.928133
2091.621056
2035.280010
2766.109863
2777.438965
2913.480649
2406.909342
2384.229241
2410.514687
2854.061505
2441.801940
2786.559156
2390.566491
2449.923507
2470.349787
2207.542487
2892.225767
2738.206316
2934.422307
2118.463335
2834.967144
2091.633617
2035.285666
2766.112085
2777.447835
2913.490358
2406.927861
2384.294763
2410.544982
2854.123155
2441.818003
2786.590566
2390.578024
2449.962526
2470.356834
2207.553423
2892.230329
2738.210486
2934.451085
2118.472706
