2126.000002
2053.000003
2449.999998
2653.999996
2126.000005
2053.000009
2449.999993
2653.999988
2126.000009
2053.000018
2449.999987
2653.999976
2126.000016
2053.000029
2449.999978
2653.999959
2126.000024
2053.000044
2449.999967
2653.999939
2126.000033
2053.000061
2449.999954
2653.999915
2126.000044
2053.000082
2449.999939
2653.999886
2126.000057
2053.000105
2449.999921
2653.999854
2126.000071
2053.000132
2449.999902
2653.999817
2126.000087
2053.000161
2449.999880
2653.999777
2126.000104
2053.000193
2449.999856
2653.999732
2126.000123
2053.000228
2449.999829
2653.999683
2126.000144
2053.000266
2449.999801
2653.999631
2126.000166
2053.000307
2449.999770
2653.999574
2126.000189
2053.000351
2449.999737
2653.999513
2126.000215
2053.000398
2449.999702
2653.999448
2126.000241
2053.000448
2449.999665
2653.999379
2126.000270
2053.000500
2449.999626
2653.999306
2126.000300
2053.000556
2449.999584
2653.999229
2126.000331
2053.000615
2449.999540
2653.999147
2126.000364
2053.000676
2449.999494
2653.999062
2126.000399
2053.000740
2449.999446
2653.998973
2126.000435
2053.000808
2449.999396
2653.998880
2126.000473
2053.000878
2449.999343
2653.998782
2126.000513
2053.000951
2449.999289
2653.998681
2126.000554
2053.001027
2449.999232
2653.998575
2126.000596
2053.001106
2449.999173
2653.998465
2126.000641
2053.001188
2449.999111
2653.998352
2126.000686
2053.001273
2449.999048
2653.998234
2126.000734
2053.001361
2449.998982
2653.998112
2126.000783
2053.001452
2449.998914
2653.997986
2126.000833
2053.001545
2449.998844
2653.997857
2126.000885
2053.001642
2449.998772
2653.997723
2126.000939
2053.001741
2449.998698
2653.997585
2126.000994
2053.001844
2449.998621
2653.997442
2126.001051
2053.001949
2449.998542
2653.997296
2126.001109
2053.002057
2449.998461
2653.997146
2126.001169
2053.002169
2449.998378
2653.996992
2126.001231
2053.002283
2449.998293
2653.996833
2126.001294
2053.002400
2449.998205
2653.996671
2126.001358
2053.002520
2449.998116
2653.996505
2126.001425
2053.002643
2449.998024
2653.996334
2126.001493
2053.002769
2449.997930
2653.996160
2126.001562
2053.002897
2449.997833
2653.995981
2126.001633
2053.003029
2449.997735
2653.995798
2126.001706
2053.003164
2449.997634
2653.995612
2126.001780
2053.003301
2449.997531
2653.995421
2126.001855
2053.003442
2449.997426
2653.995226
2126.001933
2053.003585
2449.997319
2653.995027
2126.002012
2053.003732
2449.997210
2653.994824
2126.002092
2053.003881
2449.997098
2653.994617
2126.002174
2053.004033
2449.996984
2653.994406
2126.002258
2053.004188
2449.996868
2653.994191
2126.002343
2053.004346
2449.996750
2653.993971
2126.002430
2053.004507
2449.996630
2653.993748
2126.002518
2053.004671
2449.996507
2653.993521
2126.002608
2053.004838
2449.996382
2653.993289
2126.002700
2053.005008
2449.996255
2653.993054
2126.002793
2053.005180
2449.996126
2653.992814
2126.002887
2053.005356
2449.995995
2653.992571
2126.002984
2053.005534
2449.995861
2653.992323
2126.003081
2053.005716
2449.995726
2653.992071
2126.003181
2053.005900
2449.995588
2653.991816
2126.003282
2053.006088
2449.995448
2653.991556
2126.003384
2053.006278
2449.995306
2653.991292
2126.003489
2053.006471
2449.995161
2653.991024
2126.003594
2053.006667
2449.995014
2653.990752
2126.003702
2053.006866
2449.994866
2653.990476
2126.003810
2053.007068
2449.994715
2653.990196
2126.003921
2053.007273
2449.994561
2653.989912
2126.004033
2053.007481
2449.994406
2653.989623
2126.004146
2053.007691
2449.994248
2653.989331
2126.004262
2053.007905
2449.994089
2653.989035
2126.004378
2053.008122
2449.993927
2653.988734
2126.004497
2053.008341
2449.993763
2653.988430
2126.004617
2053.008564
2449.993596
2653.988121
2126.004738
2053.008789
2449.993428
2653.987809
2126.004861
2053.009017
2449.993257
2653.987492
2126.004986
2053.009249
2449.993084
2653.987171
2126.005112
2053.009483
2449.992909
2653.986847
2126.005240
2053.009720
2449.992732
2653.986518
2126.005369
2053.009960
2449.992552
2653.986185
2126.005500
2053.010203
2449.992371
2653.985848
2126.005633
2053.010449
2449.992187
2653.985507
2126.005767
2053.010697
2449.992001
2653.985162
2126.005903
2053.010949
2449.991813
2653.984813
2126.006040
2053.011204
2449.991622
2653.984459
2126.006179
2053.011461
2449.991429
2653.984102
2126.006319
2053.011722
2449.991235
2653.983741
2126.006461
2053.011985
2449.991038
2653.983376
2126.006605
2053.012251
2449.990839
2653.983006
2126.006750
2053.012521
2449.990637
2653.982633
2126.006897
2053.012793
2449.990434
2653.982255
2126.007045
2053.013068
2449.990228
2653.981873
2126.007195
2053.013346
2449.990020
2653.981488
2126.007346
2053.013627
2449.989810
2653.981098
2126.007499
2053.013911
2449.989598
2653.980704
2126.007654
2053.014198
2449.989383
2653.980306
2126.007810
2053.014488
2449.989166
2653.979904
2126.007968
2053.014780
2449.988948
2653.979498
