2102.001448
2716.000252
2173.000475
2173.000065
2178.000970
2425.001189
2564.998795
2563.999436
2165.001012
2474.000374
2992.000000
2950.000000
2786.000000
2461.000000
2292.000000
2171.000000
2541.000000
2284.000000
2699.000000
2721.000000
2408.000000
2175.000000
2326.000000
2701.000000
2493.000000
2879.000000
2749.000000
2444.000000
2078.000000
2962.000000
2574.000000
2954.000000
2569.000000
2740.000000
2518.000000
2384.000000
2159.000000
2278.000000
2950.000000
2977.000000
2434.000000
2738.000000
2635.000000
2064.000000
2360.000000
2557.000000
2863.000000
2306.000000
2577.000000
2385.000000
2118.000000
2311.000000
2608.000000
2880.000000
2912.000000
2751.000000
2386.000000
2262.000000
2497.000000
2565.000000
2681.000000
2999.000000
2392.000000
2986.000000
2805.000000
2699.000000
2449.000000
2562.000000
2537.000000
2491.000000
2940.000000
2609.000000
2648.000000
2570.000000
2449.000000
2482.000000
2635.000000
2220.000000
2098.000000
2069.000000
2539.000000
2102.000000
2070.000000
2847.000000
2017.000000
2004.000000
2522.000000
2453.000000
2037.000000
2990.000000
2937.000000
2282.000000
2148.000000
2283.000000
2592.000000
2732.000000
2491.000000
2367.000000
2301.000000
2818.000000
2027.000000
2357.000000
2753.000000
2780.000000
2466.000000
2149.000000
2229.000000
2023.000000
2907.000000
2060.000000
2724.000000
2997.000000
2854.000000
2146.000000
2203.000000
2090.000000
2737.000000
2582.000000
2492.000000
2235.000000
2669.000000
2262.000000
2948.000000
2016.000000
2426.000000
2834.000000
2908.000000
2063.000000
2843.000000
2322.000000
2120.000000
2046.000000
2032.000000
2901.000000
2227.000000
2456.000000
2507.000000
2545.000000
2154.000000
2038.000000
2971.000000
2059.000000
2145.000000
2007.000000
2452.000000
2785.000000
2260.000000
2693.000000
2739.000000
2888.000000
2631.000000
2360.000000
2521.000000
2745.000000
2556.000000
2324.000000
2386.000000
2831.000000
2798.000000
2337.000000
2797.000000
2308.000000
2059.000000
2806.000000
2688.000000
2258.000000
2152.000000
2518.000000
2031.000000
2609.000000
2232.000000
2241.000000
2832.000000
2114.000000
2685.000000
2022.000000
2994.000000
2409.000000
2201.000000
2559.000000
2445.000000
2357.000000
2749.000000
2416.000000
2411.000000
2104.000000
2211.000000
2256.000000
2703.000000
2639.000000
2436.000000
2872.000000
2529.000000
2056.000000
2719.000000
2742.000000
2233.000000
2088.000000
2931.000000
2289.000000
2102.004345
2716.000756
2173.001424
2173.000194
2178.002911
2425.003567
2564.996386
2563.998307
2165.003035
2474.001123
2992.000000
2950.000000
2786.000000
2461.000000
2292.000000
2171.000000
2541.000000
2284.000000
2699.000000
2721.000000
2408.000000
2175.000000
2326.000000
2701.000000
2493.000000
2879.000000
2749.000000
2444.000000
2078.000000
2962.000000
2574.000000
2954.000000
2569.000000
2740.000000
2518.000000
2384.000000
2159.000000
2278.000000
2950.000000
2977.000000
2434.000000
2738.000000
2635.000000
2064.000000
2360.000000
2557.000000
2863.000000
2306.000000
2577.000000
2385.000000
2118.000000
2311.000000
2608.000000
2880.000000
2912.000000
2751.000000
2386.000000
2262.000000
2497.000000
2565.000000
2681.000000
2999.000000
2392.000000
2986.000000
2805.000000
2699.000000
2449.000000
2562.000000
2537.000000
2491.000000
2940.000000
2609.000000
2648.000000
2570.000000
2449.000000
2482.000000
2635.000000
2220.000000
2098.000000
2069.000000
2539.000000
2102.000000
2070.000000
2847.000000
2017.000000
2004.000000
2522.000000
2453.000000
2037.000000
2990.000000
2937.000000
2282.000000
2148.000000
2283.000000
2592.000000
2732.000000
2491.000000
2367.000000
2301.000000
2818.000000
2027.000000
2357.000000
2753.000000
2780.000000
2466.000000
2149.000000
2229.000000
2023.000000
2907.000000
2060.000000
2724.000000
2997.000000
2854.000000
2146.000000
2203.000000
2090.000000
2737.000000
2582.000000
2492.000000
2235.000000
2669.000000
2262.000000
2948.000000
2016.000000
2426.000000
2834.000000
2908.000000
2063.000000
2843.000000
2322.000000
2120.000000
2046.000000
2032.000000
2901.000000
2227.000000
2456.000000
2507.000000
2545.000000
2154.000000
2038.000000
2971.000000
2059.000000
2145.000000
2007.000000
2452.000000
2785.000000
2260.000000
2693.000000
2739.000000
2888.000000
2631.000000
2360.000000
2521.000000
2745.000000
2556.000000
2324.000000
2386.000000
2831.000000
2798.000000
2337.000000
2797.000000
2308.000000
2059.000000
2806.000000
2688.000000
2258.000000
2152.000000
2518.000000
2031.000000
2609.000000
2232.000000
2241.000000
2832.000000
2114.000000
2685.000000
2022.000000
2994.000000
2409.000000
2201.000000
2559.000000
2445.000000
2357.000000
2749.000000
2416.000000
2411.000000
2104.000000
2211.000000
2256.000000
2703.000000
2639.000000
2436.000000
2872.000000
2529.000000
2056.000000
2719.000000
2742.000000
2233.000000
2088.000000
2931.000000
2289.000000
2102.008690
2716.001513
2173.002847
2173.000388
2178.005822
2425.007133
2564.992771
2563.996614
2165.006069
2474.002246
2992.000000
2950.000000
2786.000000
2461.000000
2292.000000
2171.000000
2541.000000
2284.000000
2699.000000
2721.000000
2408.000000
2175.000000
2326.000000
2701.000000
2493.000000
2879.000000
2749.000000
2444.000000
2078.000000
2962.000000
2574.000000
2954.000000
2569.000000
2740.000000
2518.000000
2384.000000
2159.000000
2278.000000
2950.000000
2977.000000
2434.000000
2738.000000
2635.000000
2064.000000
2360.000000
2557.000000
2863.000000
2306.000000
2577.000000
2385.000000
2118.000000
2311.000000
2608.000000
2880.000000
2912.000000
2751.000000
2386.000000
2262.000000
2497.000000
2565.000000
2681.000000
2999.000000
2392.000000
2986.000000
2805.000000
2699.000000
2449.000000
2562.000000
2537.000000
2491.000000
2940.000000
2609.000000
2648.000000
2570.000000
2449.000000
2482.000000
2635.000000
2220.000000
2098.000000
2069.000000
2539.000000
2102.000000
2070.000000
2847.000000
2017.000000
2004.000000
2522.000000
2453.000000
2037.000000
2990.000000
2937.000000
2282.000000
2148.000000
2283.000000
2592.000000
2732.000000
2491.000000
2367.000000
2301.000000
2818.000000
2027.000000
2357.000000
2753.000000
2780.000000
2466.000000
2149.000000
2229.000000
2023.000000
2907.000000
2060.000000
2724.000000
2997.000000
2854.000000
2146.000000
2203.000000
2090.000000
2737.000000
2582.000000
2492.000000
2235.000000
2669.000000
2262.000000
2948.000000
2016.000000
2426.000000
2834.000000
2908.000000
2063.000000
2843.000000
2322.000000
2120.000000
2046.000000
2032.000000
2901.000000
2227.000000
2456.000000
2507.000000
2545.000000
2154.000000
2038.000000
2971.000000
2059.000000
2145.000000
2007.000000
2452.000000
2785.000000
2260.000000
2693.000000
2739.000000
2888.000000
2631.000000
2360.000000
2521.000000
2745.000000
2556.000000
2324.000000
2386.000000
2831.000000
2798.000000
2337.000000
2797.000000
2308.000000
2059.000000
2806.000000
2688.000000
2258.000000
2152.000000
2518.000000
2031.000000
2609.000000
2232.000000
2241.000000
2832.000000
2114.000000
2685.000000
2022.000000
2994.000000
2409.000000
2201.000000
2559.000000
2445.000000
2357.000000
2749.000000
2416.000000
2411.000000
2104.000000
2211.000000
2256.000000
2703.000000
2639.000000
2436.000000
2872.000000
2529.000000
2056.000000
2719.000000
2742.000000
2233.000000
2088.000000
2931.000000
2289.000000
2102.014484
2716.002522
2173.004746
2173.000646
2178.009704
2425.011889
2564.987951
2563.994357
2165.010115
2474.003743
2992.000000
2950.000000
2786.000000
2461.000000
2292.000000
2171.000000
2541.000000
2284.000000
2699.000000
2721.000000
2408.000000
2175.000000
2326.000000
2701.000000
2493.000000
2879.000000
2749.000000
2444.000000
2078.000000
2962.000000
2574.000000
2954.000000
2569.000000
2740.000000
2518.000000
2384.000000
2159.000000
2278.000000
2950.000000
2977.000000
2434.000000
2738.000000
2635.000000
2064.000000
2360.000000
2557.000000
2863.000000
2306.000000
2577.000000
2385.000000
2118.000000
2311.000000
2608.000000
2880.000000
2912.000000
2751.000000
2386.000000
2262.000000
2497.000000
2565.000000
2681.000000
2999.000000
2392.000000
2986.000000
2805.000000
2699.000000
2449.000000
2562.000000
2537.000000
2491.000000
2940.000000
2609.000000
2648.000000
2570.000000
2449.000000
2482.000000
2635.000000
2220.000000
2098.000000
2069.000000
2539.000000
2102.000000
2070.000000
2847.000000
2017.000000
2004.000000
2522.000000
2453.000000
2037.000000
2990.000000
2937.000000
2282.000000
2148.000000
2283.000000
2592.000000
2732.000000
2491.000000
2367.000000
2301.000000
2818.000000
2027.000000
2357.000000
2753.000000
2780.000000
2466.000000
2149.000000
2229.000000
2023.000000
2907.000000
2060.000000
2724.000000
2997.000000
2854.000000
2146.000000
2203.000000
2090.000000
2737.000000
2582.000000
2492.000000
2235.000000
2669.000000
2262.000000
2948.000000
2016.000000
2426.000000
2834.000000
2908.000000
2063.000000
2843.000000
2322.000000
2120.000000
2046.000000
2032.000000
2901.000000
2227.000000
2456.000000
2507.000000
2545.000000
2154.000000
2038.000000
2971.000000
2059.000000
2145.000000
2007.000000
2452.000000
2785.000000
2260.000000
2693.000000
2739.000000
2888.000000
2631.000000
2360.000000
2521.000000
2745.000000
2556.000000
2324.000000
2386.000000
2831.000000
2798.000000
2337.000000
2797.000000
2308.000000
2059.000000
2806.000000
2688.000000
2258.000000
2152.000000
2518.000000
2031.000000
2609.000000
2232.000000
2241.000000
2832.000000
2114.000000
2685.000000
2022.000000
2994.000000
2409.000000
2201.000000
2559.000000
2445.000000
2357.000000
2749.000000
2416.000000
2411.000000
2104.000000
2211.000000
2256.000000
2703.000000
2639.000000
2436.000000
2872.000000
2529.000000
2056.000000
2719.000000
2742.000000
2233.000000
2088.000000
2931.000000
2289.000000
2102.021726
2716.003783
2173.007118
2173.000969
2178.014557
2425.017835
2564.981926
2563.991535
2165.015173
2474.005614
2992.000000
2950.000000
2786.000000
2461.000000
2292.000000
2171.000000
2541.000000
2284.000000
2699.000000
2721.000000
2408.000000
2175.000000
2326.000000
2701.000000
2493.000000
2879.000000
2749.000000
2444.000000
2078.000000
2962.000000
2574.000000
2954.000000
2569.000000
2740.000000
2518.000000
2384.000000
2159.000000
2278.000000
2950.000000
2977.000000
2434.000000
2738.000000
2635.000000
2064.000000
2360.000000
2557.000000
2863.000000
2306.000000
2577.000000
2385.000000
2118.000000
2311.000000
2608.000000
2880.000000
2912.000000
2751.000000
2386.000000
2262.000000
2497.000000
2565.000000
2681.000000
2999.000000
2392.000000
2986.000000
2805.000000
2699.000000
2449.000000
2562.000000
2537.000000
2491.000000
2940.000000
2609.000000
2648.000000
2570.000000
2449.000000
2482.000000
2635.000000
2220.000000
2098.000000
2069.000000
2539.000000
2102.000000
2070.000000
2847.000000
2017.000000
2004.000000
2522.000000
2453.000000
2037.000000
2990.000000
2937.000000
2282.000000
2148.000000
2283.000000
2592.000000
2732.000000
2491.000000
2367.000000
2301.000000
2818.000000
2027.000000
2357.000000
2753.000000
2780.000000
2466.000000
2149.000000
2229.000000
2023.000000
2907.000000
2060.000000
2724.000000
2997.000000
2854.000000
2146.000000
2203.000000
2090.000000
2737.000000
2582.000000
2492.000000
2235.000000
2669.000000
2262.000000
2948.000000
2016.000000
2426.000000
2834.000000
2908.000000
2063.000000
2843.000000
2322.000000
2120.000000
2046.000000
2032.000000
2901.000000
2227.000000
2456.000000
2507.000000
2545.000000
2154.000000
2038.000000
2971.000000
2059.000000
2145.000000
2007.000000
2452.000000
2785.000000
2260.000000
2693.000000
2739.000000
2888.000000
2631.000000
2360.000000
2521.000000
2745.000000
2556.000000
2324.000000
2386.000000
2831.000000
2798.000000
2337.000000
2797.000000
2308.000000
2059.000000
2806.000000
2688.000000
2258.000000
2152.000000
2518.000000
2031.000000
2609.000000
2232.000000
2241.000000
2832.000000
2114.000000
2685.000000
2022.000000
2994.000000
2409.000000
2201.000000
2559.000000
2445.000000
2357.000000
2749.000000
2416.000000
2411.000000
2104.000000
2211.000000
2256.000000
2703.000000
2639.000000
2436.000000
2872.000000
2529.000000
2056.000000
2719.000000
2742.000000
2233.000000
2088.000000
2931.000000
2289.000000
2102.030418
2716.005297
2173.009966
2173.001357
2178.020380
2425.024969
2564.974695
2563.988148
2165.021242
2474.007858
2992.000000
2950.000000
2786.000000
2461.000000
2292.000000
2171.000000
2541.000000
2284.000000
2699.000000
2721.000000
2408.000000
2175.000000
2326.000000
2701.000000
2493.000000
2879.000000
2749.000000
2444.000000
2078.000000
2962.000000
2574.000000
2954.000000
2569.000000
2740.000000
2518.000000
2384.000000
2159.000000
2278.000000
2950.000000
2977.000000
2434.000000
2738.000000
2635.000000
2064.000000
2360.000000
2557.000000
2863.000000
2306.000000
2577.000000
2385.000000
2118.000000
2311.000000
2608.000000
2880.000000
2912.000000
2751.000000
2386.000000
2262.000000
2497.000000
2565.000000
2681.000000
2999.000000
2392.000000
2986.000000
2805.000000
2699.000000
2449.000000
2562.000000
2537.000000
2491.000000
2940.000000
2609.000000
2648.000000
2570.000000
2449.000000
2482.000000
2635.000000
2220.000000
2098.000000
2069.000000
2539.000000
2102.000000
2070.000000
2847.000000
2017.000000
2004.000000
2522.000000
2453.000000
2037.000000
2990.000000
2937.000000
2282.000000
2148.000000
2283.000000
2592.000000
2732.000000
2491.000000
2367.000000
2301.000000
2818.000000
2027.000000
2357.000000
2753.000000
2780.000000
2466.000000
2149.000000
2229.000000
2023.000000
2907.000000
2060.000000
2724.000000
2997.000000
2854.000000
2146.000000
2203.000000
2090.000000
2737.000000
2582.000000
2492.000000
2235.000000
2669.000000
2262.000000
2948.000000
2016.000000
2426.000000
2834.000000
2908.000000
2063.000000
2843.000000
2322.000000
2120.000000
2046.000000
2032.000000
2901.000000
2227.000000
2456.000000
2507.000000
2545.000000
2154.000000
2038.000000
2971.000000
2059.000000
2145.000000
2007.000000
2452.000000
2785.000000
2260.000000
2693.000000
2739.000000
2888.000000
2631.000000
2360.000000
2521.000000
2745.000000
2556.000000
2324.000000
2386.000000
2831.000000
2798.000000
2337.000000
2797.000000
2308.000000
2059.000000
2806.000000
2688.000000
2258.000000
2152.000000
2518.000000
2031.000000
2609.000000
2232.000000
2241.000000
2832.000000
2114.000000
2685.000000
2022.000000
2994.000000
2409.000000
2201.000000
2559.000000
2445.000000
2357.000000
2749.000000
2416.000000
2411.000000
2104.000000
2211.000000
2256.000000
2703.000000
2639.000000
2436.000000
2872.000000
2529.000000
2056.000000
2719.000000
2742.000000
2233.000000
2088.000000
2931.000000
2289.000000
2102.040559
2716.007064
2173.013288
2173.001810
2178.027174
2425.033294
2564.966258
2563.984197
2165.028322
2474.010477
2992.000000
2950.000000
2786.000000
2461.000000
2292.000000
2171.000000
2541.000000
2284.000000
2699.000000
2721.000000
2408.000000
2175.000000
2326.000000
2701.000000
2493.000000
2879.000000
2749.000000
2444.000000
2078.000000
2962.000000
2574.000000
2954.000000
2569.000000
2740.000000
2518.000000
2384.000000
2159.000000
2278.000000
2950.000000
2977.000000
2434.000000
2738.000000
2635.000000
2064.000000
2360.000000
2557.000000
2863.000000
2306.000000
2577.000000
2385.000000
2118.000000
2311.000000
2608.000000
2880.000000
2912.000000
2751.000000
2386.000000
2262.000000
2497.000000
2565.000000
2681.000000
2999.000000
2392.000000
2986.000000
2805.000000
2699.000000
2449.000000
2562.000000
2537.000000
2491.000000
2940.000000
2609.000000
2648.000000
2570.000000
2449.000000
2482.000000
2635.000000
2220.000000
2098.000000
2069.000000
2539.000000
2102.000000
2070.000000
2847.000000
2017.000000
2004.000000
2522.000000
2453.000000
2037.000000
2990.000000
2937.000000
2282.000000
2148.000000
2283.000000
2592.000000
2732.000000
2491.000000
2367.000000
2301.000000
2818.000000
2027.000000
2357.000000
2753.000000
2780.000000
2466.000000
2149.000000
2229.000000
2023.000000
2907.000000
2060.000000
2724.000000
2997.000000
2854.000000
2146.000000
2203.000000
2090.000000
2737.000000
2582.000000
2492.000000
2235.000000
2669.000000
2262.000000
2948.000000
2016.000000
2426.000000
2834.000000
2908.000000
2063.000000
2843.000000
2322.000000
2120.000000
2046.000000
2032.000000
2901.000000
2227.000000
2456.000000
2507.000000
2545.000000
2154.000000
2038.000000
2971.000000
2059.000000
2145.000000
2007.000000
2452.000000
2785.000000
2260.000000
2693.000000
2739.000000
2888.000000
2631.000000
2360.000000
2521.000000
2745.000000
2556.000000
2324.000000
2386.000000
2831.000000
2798.000000
2337.000000
2797.000000
2308.000000
2059.000000
2806.000000
2688.000000
2258.000000
2152.000000
2518.000000
2031.000000
2609.000000
2232.000000
2241.000000
2832.000000
2114.000000
2685.000000
2022.000000
2994.000000
2409.000000
2201.000000
2559.000000
2445.000000
2357.000000
2749.000000
2416.000000
2411.000000
2104.000000
2211.000000
2256.000000
2703.000000
2639.000000
2436.000000
2872.000000
2529.000000
2056.000000
2719.000000
2742.000000
2233.000000
2088.000000
2931.000000
2289.000000
2102.052150
2716.009085
2173.017086
2173.002327
2178.034938
2425.042809
2564.956614
2563.979680
2165.036415
2474.013468
2992.000000
2950.000000
2786.000000
2461.000000
2292.000000
2171.000000
2541.000000
2284.000000
2699.000000
2721.000000
2408.000000
2175.000000
2326.000000
2701.000000
2493.000000
2879.000000
2749.000000
2444.000000
2078.000000
2962.000000
2574.000000
2954.000000
2569.000000
2740.000000
2518.000000
2384.000000
2159.000000
2278.000000
2950.000000
2977.000000
2434.000000
2738.000000
2635.000000
2064.000000
2360.000000
2557.000000
2863.000000
2306.000000
2577.000000
2385.000000
2118.000000
2311.000000
2608.000000
2880.000000
2912.000000
2751.000000
2386.000000
2262.000000
2497.000000
2565.000000
2681.000000
2999.000000
2392.000000
2986.000000
2805.000000
2699.000000
2449.000000
2562.000000
2537.000000
2491.000000
2940.000000
2609.000000
2648.000000
2570.000000
2449.000000
2482.000000
2635.000000
2220.000000
2098.000000
2069.000000
2539.000000
2102.000000
2070.000000
2847.000000
2017.000000
2004.000000
2522.000000
2453.000000
2037.000000
2990.000000
2937.000000
2282.000000
2148.000000
2283.000000
2592.000000
2732.000000
2491.000000
2367.000000
2301.000000
2818.000000
2027.000000
2357.000000
2753.000000
2780.000000
2466.000000
2149.000000
2229.000000
2023.000000
2907.000000
2060.000000
2724.000000
2997.000000
2854.000000
2146.000000
2203.000000
2090.000000
2737.000000
2582.000000
2492.000000
2235.000000
2669.000000
2262.000000
2948.000000
2016.000000
2426.000000
2834.000000
2908.000000
2063.000000
2843.000000
2322.000000
2120.000000
2046.000000
2032.000000
2901.000000
2227.000000
2456.000000
2507.000000
2545.000000
2154.000000
2038.000000
2971.000000
2059.000000
2145.000000
2007.000000
2452.000000
2785.000000
2260.000000
2693.000000
2739.000000
2888.000000
2631.000000
2360.000000
2521.000000
2745.000000
2556.000000
2324.000000
2386.000000
2831.000000
2798.000000
2337.000000
2797.000000
2308.000000
2059.000000
2806.000000
2688.000000
2258.000000
2152.000000
2518.000000
2031.000000
2609.000000
2232.000000
2241.000000
2832.000000
2114.000000
2685.000000
2022.000000
2994.000000
2409.000000
2201.000000
2559.000000
2445.000000
2357.000000
2749.000000
2416.000000
2411.000000
2104.000000
2211.000000
2256.000000
2703.000000
2639.000000
2436.000000
2872.000000
2529.000000
2056.000000
2719.000000
2742.000000
2233.000000
2088.000000
2931.000000
2289.000000
2102.065190
2716.011359
2173.021358
2173.002910
2178.043674
2425.053514
2564.945764
2563.974598
2165.045518
2474.016833
2992.000000
2950.000000
2786.000000
2461.000000
2292.000000
2171.000000
2541.000000
2284.000000
2699.000000
2721.000000
2408.000000
2175.000000
2326.000000
2701.000000
2493.000000
2879.000000
2749.000000
2444.000000
2078.000000
2962.000000
2574.000000
2954.000000
2569.000000
2740.000000
2518.000000
2384.000000
2159.000000
2278.000000
2950.000000
2977.000000
2434.000000
2738.000000
2635.000000
2064.000000
2360.000000
2557.000000
2863.000000
2306.000000
2577.000000
2385.000000
2118.000000
2311.000000
2608.000000
2880.000000
2912.000000
2751.000000
2386.000000
2262.000000
2497.000000
2565.000000
2681.000000
2999.000000
2392.000000
2986.000000
2805.000000
2699.000000
2449.000000
2562.000000
2537.000000
2491.000000
2940.000000
2609.000000
2648.000000
2570.000000
2449.000000
2482.000000
2635.000000
2220.000000
2098.000000
2069.000000
2539.000000
2102.000000
2070.000000
2847.000000
2017.000000
2004.000000
2522.000000
2453.000000
2037.000000
2990.000000
2937.000000
2282.000000
2148.000000
2283.000000
2592.000000
2732.000000
2491.000000
2367.000000
2301.000000
2818.000000
2027.000000
2357.000000
2753.000000
2780.000000
2466.000000
2149.000000
2229.000000
2023.000000
2907.000000
2060.000000
2724.000000
2997.000000
2854.000000
2146.000000
2203.000000
2090.000000
2737.000000
2582.000000
2492.000000
2235.000000
2669.000000
2262.000000
2948.000000
2016.000000
2426.000000
2834.000000
2908.000000
2063.000000
2843.000000
2322.000000
2120.000000
2046.000000
2032.000000
2901.000000
2227.000000
2456.000000
2507.000000
2545.000000
2154.000000
2038.000000
2971.000000
2059.000000
2145.000000
2007.000000
2452.000000
2785.000000
2260.000000
2693.000000
2739.000000
2888.000000
2631.000000
2360.000000
2521.000000
2745.000000
2556.000000
2324.000000
2386.000000
2831.000000
2798.000000
2337.000000
2797.000000
2308.000000
2059.000000
2806.000000
2688.000000
2258.000000
2152.000000
2518.000000
2031.000000
2609.000000
2232.000000
2241.000000
2832.000000
2114.000000
2685.000000
2022.000000
2994.000000
2409.000000
2201.000000
2559.000000
2445.000000
2357.000000
2749.000000
2416.000000
2411.000000
2104.000000
2211.000000
2256.000000
2703.000000
2639.000000
2436.000000
2872.000000
2529.000000
2056.000000
2719.000000
2742.000000
2233.000000
2088.000000
2931.000000
2289.000000
2102.079681
2716.013887
2173.026105
2173.003557
2178.053382
2425.065410
2564.933706
2563.968950
2165.055634
2474.020571
2992.000000
2950.000000
2786.000000
2461.000000
2292.000000
2171.000000
2541.000000
2284.000000
2699.000000
2721.000000
2408.000000
2175.000000
2326.000000
2701.000000
2493.000000
2879.000000
2749.000000
2444.000000
2078.000000
2962.000000
2574.000000
2954.000000
2569.000000
2740.000000
2518.000000
2384.000000
2159.000000
2278.000000
2950.000000
2977.000000
2434.000000
2738.000000
2635.000000
2064.000000
2360.000000
2557.000000
2863.000000
2306.000000
2577.000000
2385.000000
2118.000000
2311.000000
2608.000000
2880.000000
2912.000000
2751.000000
2386.000000
2262.000000
2497.000000
2565.000000
2681.000000
2999.000000
2392.000000
2986.000000
2805.000000
2699.000000
2449.000000
2562.000000
2537.000000
2491.000000
2940.000000
2609.000000
2648.000000
2570.000000
2449.000000
2482.000000
2635.000000
2220.000000
2098.000000
2069.000000
2539.000000
2102.000000
2070.000000
2847.000000
2017.000000
2004.000000
2522.000000
2453.000000
2037.000000
2990.000000
2937.000000
2282.000000
2148.000000
2283.000000
2592.000000
2732.000000
2491.000000
2367.000000
2301.000000
2818.000000
2027.000000
2357.000000
2753.000000
2780.000000
2466.000000
2149.000000
2229.000000
2023.000000
2907.000000
2060.000000
2724.000000
2997.000000
2854.000000
2146.000000
2203.000000
2090.000000
2737.000000
2582.000000
2492.000000
2235.000000
2669.000000
2262.000000
2948.000000
2016.000000
2426.000000
2834.000000
2908.000000
2063.000000
2843.000000
2322.000000
2120.000000
2046.000000
2032.000000
2901.000000
2227.000000
2456.000000
2507.000000
2545.000000
2154.000000
2038.000000
2971.000000
2059.000000
2145.000000
2007.000000
2452.000000
2785.000000
2260.000000
2693.000000
2739.000000
2888.000000
2631.000000
2360.000000
2521.000000
2745.000000
2556.000000
2324.000000
2386.000000
2831.000000
2798.000000
2337.000000
2797.000000
2308.000000
2059.000000
2806.000000
2688.000000
2258.000000
2152.000000
2518.000000
2031.000000
2609.000000
2232.000000
2241.000000
2832.000000
2114.000000
2685.000000
2022.000000
2994.000000
2409.000000
2201.000000
2559.000000
2445.000000
2357.000000
2749.000000
2416.000000
2411.000000
2104.000000
2211.000000
2256.000000
2703.000000
2639.000000
2436.000000
2872.000000
2529.000000
2056.000000
2719.000000
2742.000000
2233.000000
2088.000000
2931.000000
2289.000000
