2206.000713
2518.000563
2890.999381
2928.998937
2830.000685
2797.006544
2808.001031
2939.998740
2084.000139
2804.000263
2367.000308
2411.000684
2857.999257
2475.999866
2568.998508
2203.000948
2647.999532
2792.998737
2124.000399
2123.000328
2605.999959
2329.000099
2831.999635
2573.000490
2970.998864
2755.000287
2195.000859
2563.998916
2625.999815
2000.001171
2770.002788
2367.008428
2369.000986
2225.000753
2935.999849
2146.001209
2786.001556
2793.999883
2072.000046
2270.999670
2534.000105
2228.999523
2513.999871
2061.001145
2774.997176
2384.989948
2833.996649
2932.000053
2183.998993
2910.992311
2690.999238
2680.999822
2961.999082
2401.999493
2357.001095
2690.001222
2658.995461
2475.997160
2402.999375
2548.999114
2621.999686
2083.000501
2170.001621
2948.999000
2292.001000
2723.999594
2520.999907
2558.000125
2314.000436
2095.000723
2459.000090
2138.000981
2970.998684
2100.001889
2060.001334
2809.000679
2647.010771
2469.006139
2029.000912
2224.000462
2034.001051
2845.999838
2269.001223
2368.001717
2916.997793
2660.000326
2301.991695
2532.989478
2970.997146
2846.998494
2552.000510
2658.000088
2166.001510
2980.998052
2182.000145
2041.000768
2888.999152
2688.997661
2425.000789
2070.001403
2860.999900
2105.000940
2380.999391
2725.998669
2849.001060
2643.004997
2393.999958
2297.000068
2850.002995
2268.001563
2752.000043
2172.000310
2792.998119
2338.003188
2287.005618
2521.003276
2590.000348
2761.998965
2066.001070
2538.998960
2413.997781
2401.000689
2312.000594
2781.999173
2225.998990
2982.998639
2153.000452
2729.999917
2614.000040
2931.999249
2626.000268
2683.999844
2944.001778
2830.001138
2596.000957
2469.000097
2290.000484
2410.999426
2375.999457
2476.999220
2181.001645
2891.009585
2443.000020
2202.999981
2430.999428
2780.998979
2766.001716
2934.999298
2046.000759
2900.998757
2299.004777
2527.030415
2372.000194
2822.998769
2135.004514
2420.000330
2771.999864
2062.000897
2170.996829
2437.981728
2460.999930
2971.999335
2153.000327
2415.003410
2977.998595
2199.005622
2139.000431
2317.000458
2030.000919
2364.000093
2852.998986
2662.992685
2713.001650
2386.999975
2753.999932
2521.999845
2912.993875
2293.993402
2833.998940
2816.996045
2881.002570
2279.001133
2170.006738
2432.044384
2015.000985
2762.000274
2992.998855
2901.998455
2906.004695
2284.012358
2072.000928
2490.001135
2117.000017
2203.000203
2984.998381
2308.999622
2977.998720
2221.995856
2032.000657
2057.000584
2206.002139
2518.001689
2890.998143
2928.996812
2830.002056
2797.019640
2808.003092
2939.996220
2084.000418
2804.000790
2367.000923
2411.002052
2857.997772
2475.999598
2568.995524
2203.002843
2647.998595
2792.996212
2124.001196
2123.000984
2605.999878
2329.000298
2831.998906
2573.001469
2970.996592
2755.000860
2195.002576
2563.996748
2625.999444
2000.003512
2770.008368
2367.025303
2369.002959
2225.002258
2935.999546
2146.003628
2786.004667
2793.999650
2072.000137
2270.999011
2534.000314
2228.998568
2513.999613
2061.003434
2774.991522
2384.969824
2833.989945
2932.000159
2183.996976
2910.976917
2690.997713
2680.999466
2961.997247
2401.998478
2357.003285
2690.003668
2658.986372
2475.991474
2402.998126
2548.997341
2621.999058
2083.001502
2170.004863
2948.997002
2292.003000
2723.998781
2520.999722
2558.000375
2314.001308
2095.002169
2459.000270
2138.002943
2970.996051
2100.005668
2060.004003
2809.002036
2647.032340
2469.018432
2029.002737
2224.001385
2034.003153
2845.999513
2269.003669
2368.005152
2916.993377
2660.000979
2301.975037
2532.968367
2970.991437
2846.995480
2552.001531
2658.000265
2166.004531
2980.994157
2182.000434
2041.002305
2888.997455
2688.992983
2425.002366
2070.004208
2860.999699
2105.002819
2380.998174
2725.996008
2849.003181
2643.014997
2393.999875
2297.000205
2850.008986
2268.004689
2752.000129
2172.000930
2792.994356
2338.009564
2287.016859
2521.009837
2590.001043
2761.996894
2066.003210
2538.996880
2413.993343
2401.002066
2312.001781
2781.997519
2225.996970
2982.995918
2153.001357
2729.999752
2614.000119
2931.997746
2626.000804
2683.999533
2944.005336
2830.003413
2596.002870
2469.000290
2290.001452
2410.998279
2375.998371
2476.997660
2181.004937
2891.028771
2443.000061
2202.999942
2430.998283
2780.996938
2766.005147
2934.997893
2046.002277
2900.996271
2299.014655
2527.091704
2372.000581
2822.996305
2135.013545
2420.000989
2771.999592
2062.002690
2170.990421
2437.944810
2460.999790
2971.998004
2153.000979
2415.010230
2977.995784
2199.016870
2139.001294
2317.001374
2030.002756
2364.000278
2852.996955
2662.978045
2713.004949
2386.999925
2753.999795
2521.999534
2912.981610
2293.980186
2833.996821
2816.988132
2881.007709
2279.003399
2170.020383
2432.134113
2015.002956
2762.000822
2992.996566
2901.995365
2906.014122
2284.037119
2072.002783
2490.003406
2117.000050
2203.000608
2984.995144
2308.998865
2977.996161
2221.987563
2032.001971
2057.001752
2206.004278
2518.003378
2890.996286
2928.993624
2830.004117
2797.039303
2808.006186
2939.992440
2084.000835
2804.001580
2367.001846
2411.004105
2857.995544
2475.999196
2568.991047
2203.005686
2647.997190
2792.992424
2124.002391
2123.001968
2605.999757
2329.000596
2831.997811
2573.002938
2970.993185
2755.001721
2195.005153
2563.993495
2625.998887
2000.007024
2770.016751
2367.050661
2369.005919
2225.004517
2935.999093
2146.007256
2786.009334
2793.999300
2072.000275
2270.998022
2534.000629
2228.997137
2513.999225
2061.006868
2774.983029
2384.939586
2833.979887
2932.000319
2183.993946
2910.953791
2690.995426
2680.998933
2961.994495
2401.996955
2357.006571
2690.007336
2658.972706
2475.982926
2402.996253
2548.994682
2621.998117
2083.003005
2170.009725
2948.994005
2292.006001
2723.997562
2520.999444
2558.000750
2314.002617
2095.004338
2459.000540
2138.005885
2970.992103
2100.011337
2060.008006
2809.004072
2647.064761
2469.036911
2029.005474
2224.002771
2034.006306
2845.999025
2269.007337
2368.010305
2916.986754
2660.001959
2301.949924
2532.936525
2970.982872
2846.990959
2552.003062
2658.000530
2166.009063
2980.988313
2182.000869
2041.004611
2888.994910
2688.985966
2425.004731
2070.008417
2860.999399
2105.005639
2380.996348
2725.992015
2849.006366
2643.030012
2393.999751
2297.000411
2850.017972
2268.009378
2752.000258
2172.001860
2792.988712
2338.019131
2287.033735
2521.019695
2590.002086
2761.993788
2066.006419
2538.993760
2413.986686
2401.004132
2312.003563
2781.995038
2225.993939
2982.991835
2153.002714
2729.999503
2614.000239
2931.995492
2626.001607
2683.999065
2944.010675
2830.006828
2596.005739
2469.000581
2290.002904
2410.996558
2375.996742
2476.995320
2181.009882
2891.057592
2443.000123
2202.999884
2430.996567
2780.993876
2766.010295
2934.995786
2046.004554
2900.992542
2299.030306
2527.184820
2372.001162
2822.992611
2135.027095
2420.001979
2771.999185
2062.005379
2170.980638
2437.888454
2460.999581
2971.996008
2153.001952
2415.020462
2977.991567
2199.033753
2139.002589
2317.002747
2030.005511
2364.000557
2852.993904
2662.956062
2713.009899
2386.999850
2753.999590
2521.999067
2912.963170
2293.960312
2833.993639
2816.976253
2881.015420
2279.006800
2170.041293
2432.271225
2015.005912
2762.001645
2992.993132
2901.990730
2906.028356
2284.074372
2072.005566
2490.006813
2117.000100
2203.001215
2984.990287
2308.997731
2977.992322
2221.975115
2032.003941
2057.003505
2206.007130
2518.005631
2890.993810
2928.989374
2830.006873
2797.065554
2808.010312
2939.987399
2084.001391
2804.002634
2367.003077
2411.006842
2857.992573
2475.998660
2568.985078
2203.009477
2647.995317
2792.987373
2124.003986
2123.003280
2605.999594
2329.000993
2831.996352
2573.004896
2970.988641
2755.002868
2195.008588
2563.989159
2625.998146
2000.011707
2770.027950
2367.084559
2369.009865
2225.007528
2935.998488
2146.012094
2786.015558
2793.998834
2072.000458
2270.996703
2534.001048
2228.995227
2513.998709
2061.011446
2774.971679
2384.899171
2833.966470
2932.000534
2183.989895
2910.922889
2690.992376
2680.998221
2961.990824
2401.994925
2357.010952
2690.012228
2658.954427
2475.971495
2402.993754
2548.991137
2621.996861
2083.005008
2170.016206
2948.990010
2292.010002
2723.995936
2520.999074
2558.001251
2314.004362
2095.007231
2459.000900
2138.009809
2970.986838
2100.018895
2060.013344
2809.006786
2647.108119
2469.061624
2029.009124
2224.004618
2034.010510
2845.998376
2269.012229
2368.017176
2916.977922
2660.003265
2301.916199
2532.893730
2970.971449
2846.984928
2552.005104
2658.000884
2166.015105
2980.980522
2182.001448
2041.007684
2888.991518
2688.976609
2425.007885
2070.014028
2860.998998
2105.009398
2380.993912
2725.986690
2849.010620
2643.050063
2393.999584
2297.000684
2850.029956
2268.015630
2752.000430
2172.003100
2792.981187
2338.031889
2287.056263
2521.032875
2590.003476
2761.989647
2066.010699
2538.989600
2413.977808
2401.006887
2312.005938
2781.991730
2225.989899
2982.986392
2153.004523
2729.999172
2614.000398
2931.992487
2626.002679
2683.998442
2944.017797
2830.011384
2596.009565
2469.000968
2290.004839
2410.994263
2375.994570
2476.992200
2181.016487
2891.096098
2443.000204
2202.999806
2430.994278
2780.989793
2766.017158
2934.992976
2046.007591
2900.987570
2299.052799
2527.311285
2372.001937
2822.987685
2135.045170
2420.003300
2771.998641
2062.008965
2170.967250
2437.811346
2460.999301
2971.993346
2153.003239
2415.034105
2977.985946
2199.056288
2139.004314
2317.004579
2030.009185
2364.000928
2852.989826
2662.926710
2713.016500
2386.999750
2753.999316
2521.998445
2912.938505
2293.933719
2833.989392
2816.960398
2881.025704
2279.011339
2170.070062
2432.459104
2015.009854
2762.002742
2992.988553
2901.984550
2906.047512
2284.124253
2072.009277
2490.011356
2117.000166
2203.002025
2984.983812
2308.996218
2977.987203
2221.958497
2032.006569
2057.005841
2206.010695
2518.008448
2890.990715
2928.984060
2830.010329
2797.098424
2808.015472
2939.981097
2084.002086
2804.003951
2367.004616
2411.010263
2857.988860
2475.997990
2568.977615
2203.014216
2647.992975
2792.981060
2124.005979
2123.004920
2605.999392
2329.001490
2831.994528
2573.007344
2970.982962
2755.004303
2195.012882
2563.983738
2625.997218
2000.017561
2770.041984
2367.127073
2369.014797
2225.011292
2935.997731
2146.018141
2786.023340
2793.998253
2072.000686
2270.995054
2534.001573
2228.992840
2513.998063
2061.017170
2774.957452
2384.848494
2833.949690
2932.000806
2183.984817
2910.884152
2690.988564
2680.997332
2961.986236
2401.992388
2357.016430
2690.018345
2658.931482
2475.957150
2402.990632
2548.986705
2621.995292
2083.007512
2170.024304
2948.985019
2292.015003
2723.993904
2520.998611
2558.001876
2314.006542
2095.010846
2459.001351
2138.014714
2970.980256
2100.028344
2060.020017
2809.010179
2647.162524
2469.092637
2029.013686
2224.006927
2034.015765
2845.997564
2269.018345
2368.025765
2916.966881
2660.004897
2301.873632
2532.839659
2970.957164
2846.977386
2552.007656
2658.001326
2166.022658
2980.970783
2182.002172
2041.011526
2888.987280
2688.964910
2425.011828
2070.021042
2860.998497
2105.014097
2380.990867
2725.980033
2849.015948
2643.075173
2393.999377
2297.001026
2850.044936
2268.023446
2752.000644
2172.004650
2792.971782
2338.047843
2287.084466
2521.049405
2590.005215
2761.984470
2066.016048
2538.984399
2413.966710
2401.010331
2312.008907
2781.987594
2225.984847
2982.979588
2153.006784
2729.998758
2614.000597
2931.988730
2626.004018
2683.997664
2944.026707
2830.017083
2596.014348
2469.001453
2290.007258
2410.991392
2375.991855
2476.988300
2181.024762
2891.144358
2443.000306
2202.999709
2430.991416
2780.984689
2766.025739
2934.989464
2046.011386
2900.981354
2299.083692
2527.473325
2372.002905
2822.981527
2135.067775
2420.004954
2771.997961
2062.013448
2170.949902
2437.711450
2460.998952
2971.990019
2153.004831
2415.051161
2977.978920
2199.084492
2139.006472
2317.006868
2030.013778
2364.001392
2852.984713
2662.889950
2713.024753
2386.999625
2753.998974
2521.997668
2912.907546
2293.900325
2833.984078
2816.940553
2881.038563
2279.017020
2170.107609
2432.702990
2015.014780
2762.004113
2992.982830
2901.976824
2906.071747
2284.186949
2072.013916
2490.017035
2117.000249
2203.003038
2984.975718
2308.994327
2977.980804
2221.937696
2032.009853
2057.008762
2206.014972
2518.011830
2890.987002
2928.977684
2830.014495
2797.137951
2808.021668
2939.973534
2084.002920
2804.005532
2367.006464
2411.014368
2857.984404
2475.997186
2568.968659
2203.019905
2647.990165
2792.973483
2124.008370
2123.006889
2605.999148
2329.002085
2831.992339
2573.010282
2970.976147
2755.006024
2195.018035
2563.977232
2625.996106
2000.024585
2770.058878
2367.178298
2369.020716
2225.015808
2935.996823
2146.025398
2786.032679
2793.997557
2072.000961
2270.993074
2534.002204
2228.989975
2513.997288
2061.024038
2774.940319
2384.787448
2833.929541
2932.001137
2183.978699
2910.837505
2690.983989
2680.996264
2961.980731
2401.989343
2357.023005
2690.025687
2658.903806
2475.939854
2402.986884
2548.981387
2621.993409
2083.010516
2170.034018
2948.979034
2292.021006
2723.991466
2520.998055
2558.002626
2314.009159
2095.015185
2459.001891
2138.020599
2970.972358
2100.039682
2060.028026
2809.014249
2647.228121
2469.130033
2029.019161
2224.009698
2034.022072
2845.996589
2269.025685
2368.036074
2916.953630
2660.006856
2301.821910
2532.773867
2970.940014
2846.968329
2552.010718
2658.001857
2166.031722
2980.959096
2182.003040
2041.016137
2888.982196
2688.950868
2425.016560
2070.029459
2860.997896
2105.019737
2380.987211
2725.972042
2849.022359
2643.105377
2393.999127
2297.001436
2850.062916
2268.032826
2752.000902
2172.006510
2792.960497
2338.066995
2287.118372
2521.069322
2590.007301
2761.978257
2066.022468
2538.978157
2413.953390
2401.014466
2312.012470
2781.982632
2225.978786
2982.971423
2153.009498
2729.998261
2614.000836
2931.984222
2626.005626
2683.996729
2944.037407
2830.023928
2596.020086
2469.002035
2290.010160
2410.987947
2375.988596
2476.983618
2181.034719
2891.202459
2443.000429
2202.999593
2430.987983
2780.978565
2766.036036
2934.985249
2046.015940
2900.973895
2299.125174
2527.674085
2372.004068
2822.974138
2135.094921
2420.006941
2771.997146
2062.018827
2170.928045
2437.585629
2460.998532
2971.986027
2153.006717
2415.071633
2977.970490
2199.118391
2139.009060
2317.009615
2030.019289
2364.001948
2852.978556
2662.845737
2713.034658
2386.999474
2753.998564
2521.996735
2912.870204
2293.860020
2833.977691
2816.916701
2881.054000
2279.023846
2170.155348
2433.010960
2015.020693
2762.005758
2992.975961
2901.967554
2906.101261
2284.262699
2072.019482
2490.023852
2117.000349
2203.004253
2984.966005
2308.992058
2977.973124
2221.912689
2032.013795
2057.012267
2206.019962
2518.015776
2890.982670
2928.970246
2830.019381
2797.184179
2808.028902
2939.964708
2084.003892
2804.007377
2367.008620
2411.019158
2857.979205
2475.996247
2568.958207
2203.026542
2647.986886
2792.964643
2124.011160
2123.009185
2605.998865
2329.002781
2831.989785
2573.013708
2970.968196
2755.008033
2195.024048
2563.969641
2625.994808
2000.032781
2770.078663
2367.238354
2369.027622
2225.021078
2935.995763
2146.033864
2786.043578
2793.996747
2072.001280
2270.990765
2534.002941
2228.986632
2513.996384
2061.032051
2774.920246
2384.715901
2833.906015
2932.001528
2183.971528
2910.782858
2690.978651
2680.995019
2961.974307
2401.985791
2357.030678
2690.034258
2658.871317
2475.919560
2402.982512
2548.975182
2621.991212
2083.014021
2170.045346
2948.972057
2292.028009
2723.988622
2520.997407
2558.003502
2314.012213
2095.020246
2459.002521
2138.027466
2970.963143
2100.052912
2060.037370
2809.018998
2647.305087
2469.173914
2029.025548
2224.012930
2034.029429
2845.995453
2269.034249
2368.048103
2916.938167
2660.009142
2301.760598
2532.695736
2970.919994
2846.957755
2552.014291
2658.002476
2166.042298
2980.945460
2182.004054
2041.021516
2888.976268
2688.934482
2425.022080
2070.039279
2860.997195
2105.026316
2380.982944
2725.962717
2849.029861
2643.140712
2393.998836
2297.001914
2850.083895
2268.043770
2752.001203
2172.008680
2792.947332
2338.089350
2287.158016
2521.092671
2590.009735
2761.971010
2066.029958
2538.970873
2413.937847
2401.019290
2312.016627
2781.976842
2225.971713
2982.961897
2153.012664
2729.997681
2614.001114
2931.978963
2626.007502
2683.995639
2944.049904
2830.031923
2596.026780
2469.002715
2290.013545
2410.983926
2375.984794
2476.978156
2181.046375
2891.270506
2443.000572
2202.999457
2430.983977
2780.971420
2766.048051
2934.980331
2046.021254
2900.965192
2299.180312
2527.917988
2372.005424
2822.965516
2135.126616
2420.009264
2771.996194
2062.025103
2170.900806
2437.428875
2460.998043
2971.981370
2153.008885
2415.095521
2977.960655
2199.158014
2139.012080
2317.012820
2030.025718
2364.002598
2852.971340
2662.794013
2713.046218
2386.999297
2753.998086
2521.995647
2912.826369
2293.812674
2833.970227
2816.888820
2881.072017
2279.031823
2170.215535
2433.395907
2015.027590
2762.007677
2992.967947
2901.956738
2906.136306
2284.351804
2072.025976
2490.031807
2117.000465
2203.005671
2984.954674
2308.989411
2977.964164
2221.883452
2032.018393
2057.016356
2206.025664
2518.020289
2890.977719
2928.961744
2830.024998
2797.237163
2808.037176
2939.954620
2084.005002
2804.009486
2367.011087
2411.024633
2857.973264
2475.995175
2568.946260
2203.034129
2647.983139
2792.954540
2124.014349
2123.011809
2605.998540
2329.003575
2831.986866
2573.017623
2970.959109
2755.010329
2195.030920
2563.960965
2625.993324
2000.042147
2770.101374
2367.307381
2369.035515
2225.027101
2935.994552
2146.043541
2786.056037
2793.995825
2072.001645
2270.988125
2534.003784
2228.982810
2513.995351
2061.041209
2774.897194
2384.633693
2833.879104
2932.001983
2183.963289
2910.720101
2690.972550
2680.993596
2961.966966
2401.981731
2357.039451
2690.044057
2658.833920
2475.896210
2402.977516
2548.968090
2621.988701
2083.018028
2170.058284
2948.964090
2292.036013
2723.985371
2520.996667
2558.004502
2314.015702
2095.026031
2459.003241
2138.035315
2970.952611
2100.068032
2060.048050
2809.024424
2647.393634
2469.224404
2029.032849
2224.016625
2034.037839
2845.994154
2269.044038
2368.061852
2916.920491
2660.011755
2301.689093
2532.604404
2970.897099
2846.945659
2552.018375
2658.003184
2166.054386
2980.929877
2182.005212
2041.027664
2888.969498
2688.915750
2425.028389
2070.050503
2860.996394
2105.033835
2380.978065
2725.952056
2849.038466
2643.181225
2393.998504
2297.002461
2850.107876
2268.056279
2752.001547
2172.011159
2792.932289
2338.114913
2287.203440
2521.119504
2590.012517
2761.962726
2066.038518
2538.962547
2413.920080
2401.024806
2312.021378
2781.970224
2225.963629
2982.951009
2153.016282
2729.997019
2614.001432
2931.972952
2626.009646
2683.994393
2944.064204
2830.041071
2596.034429
2469.003493
2290.017412
2410.979328
2375.980449
2476.971912
2181.059748
2891.348626
2443.000736
2202.999300
2430.979398
2780.963254
2766.061783
2934.974711
2046.027327
2900.955246
2299.253470
2528.211345
2372.006973
2822.955663
2135.162874
2420.011925
2771.995107
2062.032275
2170.866671
2437.232531
2460.997484
2971.976047
2153.011320
2415.122827
2977.949417
2199.203395
2139.015532
2317.016482
2030.033066
2364.003340
2852.963051
2662.734712
2713.059434
2386.999094
2753.997539
2521.994404
2912.775905
2293.758121
2833.961679
2816.856884
2881.092620
2279.040957
2170.292073
2433.880121
2015.035473
2762.009871
2992.958787
2901.944377
2906.177190
2284.454630
2072.033396
2490.040900
2117.000597
2203.007291
2984.941725
2308.986385
2977.953923
2221.849956
2032.023648
2057.021030
2206.032079
2518.025368
2890.972150
2928.952180
2830.031360
2797.296966
2808.046494
2939.943267
2084.006249
2804.011860
2367.013863
2411.030792
2857.966581
2475.993968
2568.932817
2203.042666
2647.978923
2792.943174
2124.017936
2123.014761
2605.998175
2329.004469
2831.983583
2573.022027
2970.948887
2755.012913
2195.038651
2563.951204
2625.991655
2000.052684
2770.127054
2367.385546
2369.044394
2225.033876
2935.993189
2146.054428
2786.070059
2793.994791
2072.002054
2270.985154
2534.004735
2228.978509
2513.994188
2061.051511
2774.871113
2384.540639
2833.848798
2932.002504
2183.953964
2910.649107
2690.965686
2680.991996
2961.958707
2401.977163
2357.049323
2690.055087
2658.791496
2475.869738
2402.971895
2548.960112
2621.985875
2083.022534
2170.072830
2948.955135
2292.045019
2723.981714
2520.995834
2558.005627
2314.019628
2095.032539
2459.004051
2138.044145
2970.940762
2100.085044
2060.060068
2809.030528
2647.494017
2469.281650
2029.041061
2224.020782
2034.047299
2845.992693
2269.055053
2368.077323
2916.900601
2660.014694
2301.606522
2532.498625
2970.871322
2846.932039
2552.022969
2658.003980
2166.067986
2980.912345
2182.006515
2041.034580
2888.961886
2688.894670
2425.035487
2070.063130
2860.995492
2105.042294
2380.972572
2725.940058
2849.048185
2643.226971
2393.998129
2297.003075
2850.134861
2268.070353
2752.001934
2172.013949
2792.915369
2338.143690
2287.254693
2521.149882
2590.015648
2761.953407
2066.048148
2538.953178
2413.900087
2401.031014
2312.026724
2781.962779
2225.954533
2982.938760
2153.020353
2729.996273
2614.001790
2931.966190
2626.012060
2683.992992
2944.080312
2830.051377
2596.043033
2469.004368
2290.021762
2410.974153
2375.975560
2476.964886
2181.074860
2891.436966
2443.000921
2202.999124
2430.974247
2780.954067
2766.077235
2934.968387
2046.034159
2900.944055
2299.351089
2528.563476
2372.008717
2822.944578
2135.203707
2420.014925
2771.993884
2062.040344
2170.822589
2436.979241
2460.996855
2971.970058
2153.014006
2415.153556
2977.936776
2199.254576
2139.019415
2317.020603
2030.041333
2364.004175
2852.953673
2662.667756
2713.074308
2386.998865
2753.996923
2521.993005
2912.718650
2293.696168
2833.952041
2816.820864
2881.115812
2279.051254
2170.392819
2434.508306
2015.044342
2762.012339
2992.948481
2901.930471
2906.224282
2284.571618
2072.041745
2490.051133
2117.000746
2203.009114
2984.927157
2308.982981
2977.942401
2221.812167
2032.029561
2057.026287
2206.039204
2518.031014
2890.965963
2928.941553
2830.038484
2797.363659
2808.056857
2939.930649
2084.007634
2804.014499
2367.016950
2411.037636
2857.959155
2475.992628
2568.917875
2203.052154
2647.974237
2792.930544
2124.021922
2123.018041
2605.997770
2329.005462
2831.979935
2573.026919
2970.937529
2755.015785
2195.047243
2563.940357
2625.989800
2000.064392
2770.155752
2367.473044
2369.054261
2225.041405
2935.991674
2146.066525
2786.085644
2793.993646
2072.002509
2270.981852
2534.005793
2228.973729
2513.992897
2061.062959
2774.841949
2384.436522
2833.815085
2932.003095
2183.943531
2910.569730
2690.958057
2680.990217
2961.949531
2401.972088
2357.060298
2690.067350
2658.743912
2475.840065
2402.965649
2548.951246
2621.982736
2083.027542
2170.088980
2948.945197
2292.055026
2723.977651
2520.994908
2558.006878
2314.023990
2095.039770
2459.004951
2138.053957
2970.927595
2100.103947
2060.073423
2809.037308
2647.606531
2469.345824
2029.050187
2224.025401
2034.057811
2845.991071
2269.067294
2368.094518
2916.878495
2660.017960
2301.511545
2532.376492
2970.842657
2846.916888
2552.028075
2658.004865
2166.083099
2980.892864
2182.007962
2041.042265
2888.953435
2688.871239
2425.043374
2070.077160
2860.994491
2105.051693
2380.966465
2725.926721
2849.059034
2643.278011
2393.997714
2297.003757
2850.164852
2268.085993
2752.002363
2172.017048
2792.896571
2338.175687
2287.311830
2521.183871
2590.019126
2761.943051
2066.058850
2538.942765
2413.877866
2401.037914
2312.032664
2781.954506
2225.944425
2982.925149
2153.024876
2729.995444
2614.002188
2931.958676
2626.014741
2683.991434
2944.098239
2830.062847
2596.052592
2469.005343
2290.026593
2410.968400
2375.970127
2476.957077
2181.091736
2891.535697
2443.001126
2202.998928
2430.968524
2780.943860
2766.094406
2934.961361
2046.041750
2900.931619
2299.483298
2528.988948
2372.010654
2822.932260
2135.249131
2420.018267
2771.992525
2062.049310
2170.866671
2437.232531
2460.996156
2971.963404
2153.016928
2415.187709
2977.922733
2199.311602
2139.023730
2317.025181
2030.050517
2364.005102
2852.943183
2662.593055
2713.090841
2386.998609
2753.996239
2521.991451
2912.654410
2293.626578
2833.941303
2816.780727
2881.141597
2279.062723
2170.292073
2433.880121
2015.054196
2762.015082
2992.937030
2901.915020
2906.278026
2284.703300
2072.051020
2490.062507
2117.000911
2203.011140
2984.910971
2308.979199
2977.929597
2221.770048
2032.036130
2057.032129
