2989.996995
2423.000392
2711.001336
2083.000764
2914.999680
2990.999482
2106.004122
2226.996387
2318.999486
2649.999920
2147.000424
2875.999600
2953.999603
2859.999094
2139.995849
2118.999921
2085.013997
2565.003593
2451.000887
2403.999899
2849.999081
2393.999589
2776.999335
2456.999178
2702.999551
2723.999563
2253.000901
2829.998767
2225.999891
2501.001028
2236.002697
2647.998422
2872.999069
2601.999553
2332.000019
2742.999838
2367.999155
2827.997968
2254.999100
2631.002613
2724.999594
2832.999834
2321.999519
2610.003210
2353.996286
2664.998791
2378.000279
2917.999160
2979.999132
2495.998379
2233.001149
2731.998443
2712.999597
2956.998787
2054.001257
2641.001701
2865.999414
2009.000830
2596.000445
2265.000864
2728.998059
2342.002807
2608.999580
2017.001188
2297.000272
2371.000419
2358.000669
2101.000097
2952.002106
2433.999410
2048.002553
2666.994890
2792.999418
2731.999756
2491.999659
2786.999570
2286.002885
2652.999283
2260.000711
2601.003703
2864.999069
2331.000612
2654.999877
2292.000763
2055.001002
2940.999599
2119.999887
2650.999073
2454.997240
2603.998614
2637.999984
2651.999947
2553.999290
2796.999580
2779.999500
2289.000822
2647.000038
2926.999134
2874.999387
2187.000354
2720.999262
2403.997432
2908.998516
2059.000726
2114.004007
2114.001404
2394.002150
2585.999683
2775.999384
2041.001186
2592.000622
2032.000137
2427.001385
2586.001304
2994.998893
2366.001887
2701.001527
2365.001867
2061.002833
2593.000479
2375.000161
2314.000669
2019.001299
2223.000010
2308.000876
2688.997263
2889.999488
2082.999774
2122.995105
2212.004144
2960.999412
2804.000537
2802.999720
2583.999864
2441.999115
2930.999779
2722.999706
2631.999858
2284.000170
2046.000621
2032.003379
2421.001508
2184.000355
2440.000574
2747.998148
2099.998999
2426.999148
2989.999019
2044.001074
2465.999551
2053.999554
2427.000804
2096.999160
2581.991272
2725.995160
2376.002373
2424.999938
2099.999884
2489.998772
2384.000979
2148.000817
2767.998911
2120.000415
2951.999364
2666.999923
2700.999436
2550.999743
2479.999683
2223.000361
2523.999666
2753.998975
2929.999586
2441.999787
2027.001130
2066.002079
2105.000561
2621.000672
2883.000559
2808.999373
2372.999968
2394.001497
2522.005166
2401.004021
2993.998203
2200.002482
2661.998876
2098.995272
2565.004306
2341.000266
2787.998313
2400.999838
2543.000203
2536.000002
2337.000781
2605.000135
2403.999857
2051.000619
2025.000937
2947.999100
2186.000349
2989.990985
2423.001177
2711.004008
2083.002292
2914.999039
2990.998447
2106.012370
2226.989158
2318.998459
2649.999761
2147.001271
2875.998799
2953.998808
2859.997281
2139.987545
2118.999763
2085.042029
2565.010781
2451.002661
2403.999697
2849.997244
2393.998767
2776.998004
2456.997533
2702.998654
2723.998688
2253.002703
2829.996301
2225.999674
2501.003085
2236.008092
2647.995266
2872.997207
2601.998660
2332.000057
2742.999515
2367.997466
2827.993902
2254.997299
2631.007840
2724.998781
2832.999501
2321.998558
2610.009631
2353.988858
2664.996373
2378.000836
2917.997481
2979.997397
2495.995136
2233.003446
2731.995330
2712.998792
2956.996362
2054.003771
2641.005106
2865.998241
2009.002489
2596.001335
2265.002593
2728.994177
2342.008420
2608.998740
2017.003563
2297.000815
2371.001256
2358.002007
2101.000292
2952.006320
2433.998230
2048.007659
2666.984669
2792.998254
2731.999267
2491.998978
2786.998709
2286.008655
2652.997849
2260.002134
2601.011108
2864.997208
2331.001837
2654.999631
2292.002290
2055.003005
2940.998798
2119.999661
2650.997218
2454.991718
2603.995842
2637.999953
2651.999840
2553.997869
2796.998741
2779.998500
2289.002465
2647.000114
2926.997401
2874.998162
2187.001063
2720.997787
2403.992295
2908.995548
2059.002179
2114.012025
2114.004213
2394.006449
2585.999050
2775.998153
2041.003558
2592.001868
2032.000410
2427.004155
2586.003914
2994.996678
2366.005660
2701.004581
2365.005602
2061.008499
2593.001438
2375.000484
2314.002006
2019.003898
2223.000030
2308.002629
2688.991790
2889.998463
2082.999321
2122.985310
2212.012435
2960.998237
2804.001610
2802.999159
2583.999593
2441.997344
2930.999337
2722.999117
2631.999574
2284.000509
2046.001862
2032.010137
2421.004523
2184.001065
2440.001721
2747.994444
2099.996997
2426.997443
2989.997058
2044.003222
2465.998653
2053.998661
2427.002411
2096.997477
2581.973800
2725.985479
2376.007119
2424.999815
2099.999651
2489.996315
2384.002937
2148.002452
2767.996734
2120.001245
2951.998093
2666.999770
2700.998308
2550.999230
2479.999050
2223.001084
2523.998997
2753.996924
2929.998759
2441.999360
2027.003389
2066.006237
2105.001682
2621.002016
2883.001678
2808.998119
2372.999903
2394.004493
2522.015501
2401.012065
2993.994607
2200.007446
2661.996627
2098.985803
2565.012922
2341.000797
2787.994938
2400.999513
2543.000607
2536.000005
2337.002342
2605.000406
2403.999572
2051.001857
2025.002810
2947.997300
2186.001046
2989.981968
2423.002354
2711.008017
2083.004585
2914.998079
2990.996894
2106.024753
2226.978304
2318.996918
2649.999522
2147.002541
2875.997598
2953.997616
2859.994563
2139.975082
2118.999524
2085.084168
2565.021572
2451.005323
2403.999394
2849.994488
2393.997533
2776.996008
2456.995066
2702.997308
2723.997376
2253.005406
2829.992603
2225.999349
2501.006170
2236.016188
2647.990530
2872.994415
2601.997319
2332.000114
2742.999029
2367.994933
2827.987805
2254.994594
2631.015683
2724.997563
2832.999002
2321.997116
2610.019264
2353.977714
2664.992744
2378.001672
2917.994962
2979.994794
2495.990272
2233.006892
2731.990660
2712.997584
2956.992723
2054.007541
2641.010217
2865.996482
2009.004978
2596.002669
2265.005187
2728.988352
2342.016842
2608.997480
2017.007127
2297.001630
2371.002512
2358.004014
2101.000584
2952.012641
2433.996459
2048.015319
2666.969331
2792.996508
2731.998534
2491.997956
2786.997419
2286.017312
2652.995699
2260.004268
2601.022217
2864.994416
2331.003674
2654.999263
2292.004579
2055.006009
2940.997596
2119.999321
2650.994436
2454.983435
2603.991683
2637.999905
2651.999680
2553.995738
2796.997483
2779.997001
2289.004929
2647.000229
2926.994801
2874.996324
2187.002125
2720.995573
2403.984588
2908.991095
2059.004358
2114.024057
2114.008428
2394.012900
2585.998100
2775.996307
2041.007117
2592.003735
2032.000821
2427.008313
2586.007829
2994.993355
2366.011321
2701.009163
2365.011205
2061.016999
2593.002875
2375.000968
2314.004012
2019.007797
2223.000060
2308.005257
2688.983577
2889.996926
2082.998643
2122.970603
2212.024885
2960.996473
2804.003221
2802.998318
2583.999187
2441.994689
2930.998675
2722.998234
2631.999149
2284.001017
2046.003724
2032.020276
2421.009047
2184.002131
2440.003443
2747.988887
2099.993994
2426.994886
2989.994116
2044.006444
2465.997305
2053.997321
2427.004822
2096.994951
2581.947550
2725.970953
2376.014241
2424.999629
2099.999301
2489.992629
2384.005874
2148.004904
2767.993467
2120.002490
2951.996186
2666.999540
2700.996616
2550.998459
2479.998100
2223.002167
2523.997993
2753.993848
2929.997518
2441.998720
2027.006778
2066.012475
2105.003365
2621.004032
2883.003356
2808.996238
2372.999806
2394.008988
2522.031008
2401.024134
2993.989214
2200.014893
2661.993255
2098.971571
2565.025859
2341.001594
2787.989876
2400.999025
2543.001211
2536.000010
2337.004684
2605.000812
2403.999144
2051.003714
2025.005620
2947.994599
2186.002092
2989.969943
2423.003924
2711.013363
2083.007642
2914.996798
2990.994824
2106.041282
2226.963816
2318.994864
2649.999203
2147.004236
2875.995997
2953.996027
2859.990937
2139.958454
2118.999204
2085.140527
2565.035977
2451.008873
2403.998989
2849.990814
2393.995888
2776.993347
2456.991776
2702.995514
2723.995627
2253.009011
2829.987671
2225.998915
2501.010284
2236.026987
2647.984211
2872.990691
2601.995532
2332.000190
2742.998383
2367.991554
2827.979674
2254.990981
2631.026145
2724.995938
2832.998337
2321.995193
2610.032110
2353.962853
2664.987906
2378.002786
2917.991604
2979.991323
2495.983786
2233.011487
2731.984434
2712.995973
2956.987872
2054.012567
2641.017039
2865.994136
2009.008296
2596.004449
2265.008645
2728.980585
2342.028074
2608.995799
2017.011879
2297.002716
2371.004187
2358.006690
2101.000973
2952.021073
2433.994098
2048.025537
2666.948871
2792.994179
2731.997557
2491.996594
2786.995698
2286.028860
2652.992833
2260.007113
2601.037030
2864.990693
2331.006123
2654.998771
2292.007632
2055.010015
2940.995994
2119.998867
2650.990726
2454.972387
2603.986135
2637.999843
2651.999467
2553.992897
2796.995805
2779.995002
2289.008216
2647.000382
2926.991335
2874.993873
2187.003542
2720.992620
2403.974308
2908.985158
2059.007264
2114.040114
2114.014050
2394.021501
2585.996834
2775.993844
2041.011862
2592.006226
2032.001367
2427.013860
2586.013052
2994.988925
2366.018870
2701.015275
2365.018679
2061.028333
2593.004790
2375.001613
2314.006687
2019.012995
2223.000100
2308.008762
2688.972625
2889.994877
2082.997737
2122.950970
2212.041508
2960.994122
2804.005368
2802.997196
2583.998644
2441.991147
2930.997791
2722.997057
2631.998582
2284.001695
2046.006207
2032.033800
2421.015081
2184.003551
2440.005738
2747.981476
2099.989988
2426.991474
2989.990194
2044.010739
2465.995508
2053.995533
2427.008036
2096.991578
2581.912471
2725.951580
2376.023739
2424.999382
2099.998835
2489.987713
2384.009791
2148.008174
2767.989112
2120.004149
2951.993643
2666.999233
2700.994361
2550.997432
2479.996832
2223.003612
2523.996654
2753.989747
2929.995864
2441.997866
2027.011297
2066.020791
2105.005608
2621.006721
2883.005594
2808.993729
2372.999677
2394.014985
2522.051694
2401.040233
2993.982022
2200.024822
2661.988758
2098.952537
2565.043132
2341.002656
2787.983126
2400.998373
2543.002014
2536.000016
2337.007807
2605.001353
2403.998574
2051.006190
2025.009367
2947.990999
2186.003487
2989.954907
2423.005889
2711.020047
2083.011464
2914.995197
2990.992235
2106.061974
2226.945678
2318.992295
2649.998804
2147.006353
2875.993995
2953.994040
2859.986405
2139.937648
2118.998799
2085.211258
2565.054010
2451.013310
2403.998483
2849.986220
2393.993832
2776.990021
2456.987664
2702.993271
2723.993441
2253.013517
2829.981506
2225.998372
2501.015427
2236.040494
2647.976308
2872.986036
2601.993298
2332.000286
2742.997576
2367.987331
2827.969509
2254.986456
2631.039229
2724.993907
2832.997505
2321.992788
2610.048171
2353.944272
2664.981856
2378.004179
2917.987406
2979.986984
2495.975678
2233.017231
2731.976650
2712.993960
2956.981807
2054.018845
2641.025580
2865.991204
2009.012445
2596.006673
2265.012967
2728.970872
2342.042118
2608.993697
2017.017819
2297.004074
2371.006281
2358.010035
2101.001460
2952.031618
2433.991144
2048.038313
2666.923279
2792.991269
2731.996336
2491.994891
2786.993546
2286.043301
2652.989251
2260.010668
2601.055550
2864.986039
2331.009184
2654.998157
2292.011449
2055.015023
2940.993990
2119.998299
2650.986088
2454.958573
2603.979198
2637.999764
2651.999200
2553.989345
2796.993707
2779.992502
2289.012324
2647.000572
2926.987003
2874.990810
2187.005314
2720.988928
2403.961453
2908.977737
2059.010897
2114.060204
2114.021082
2394.032255
2585.995252
2775.990766
2041.017793
2592.009340
2032.002050
2427.020801
2586.019586
2994.983386
2366.028306
2701.022919
2365.028027
2061.042504
2593.007182
2375.002420
2314.010031
2019.019492
2223.000150
2308.013144
2688.958931
2889.992316
2082.996605
2122.926387
2212.062322
2960.991183
2804.008052
2802.995794
2583.997967
2441.986721
2930.996687
2722.995586
2631.997872
2284.002543
2046.009311
2032.050710
2421.022626
2184.005327
2440.008607
2747.972210
2099.984980
2426.987208
2989.985292
2044.016109
2465.993260
2053.993296
2427.012054
2096.987353
2581.868495
2725.927353
2376.035616
2424.999073
2099.998253
2489.981568
2384.014688
2148.012261
2767.983668
2120.006224
2951.990465
2666.998849
2700.991541
2550.996148
2479.995249
2223.005418
2523.994979
2753.984620
2929.993795
2441.996799
2027.016945
2066.031186
2105.008413
2621.010082
2883.008392
2808.990594
2372.999516
2394.022486
2522.077567
2401.060369
2993.973030
2200.037234
2661.983136
2098.928652
2565.064759
2341.003984
2787.974688
2400.997556
2543.003011
2536.000025
2337.011711
2605.002030
2403.997861
2051.009285
2025.014050
2947.986498
2186.005231
2989.936857
2423.008249
2711.028070
2083.016052
2914.993276
2990.989130
2106.086850
2226.923871
2318.989213
2649.998325
2147.008895
2875.991593
2953.991656
2859.980967
2139.912653
2118.998308
2085.296554
2565.075689
2451.018636
2403.997875
2849.980708
2393.991365
2776.986029
2456.982730
2702.990579
2723.990817
2253.018924
2829.974109
2225.997721
2501.021600
2236.056715
2647.966815
2872.980451
2601.990617
2332.000401
2742.996609
2367.982264
2827.957311
2254.981012
2631.054941
2724.991469
2832.996507
2321.989900
2610.067450
2353.921967
2664.974594
2378.005851
2917.982368
2979.981777
2495.965947
2233.024123
2731.967309
2712.991544
2956.974530
2054.026376
2641.035847
2865.987686
2009.017423
2596.009342
2265.018155
2728.959212
2342.058977
2608.991175
2017.024948
2297.005704
2371.008794
2358.014050
2101.002044
2952.044279
2433.987597
2048.053652
2666.892544
2792.987777
2731.994870
2491.992847
2786.990965
2286.060640
2652.984955
2260.014933
2601.077776
2864.980454
2331.012858
2654.997420
2292.016028
2055.021032
2940.991586
2119.997616
2650.980523
2454.941989
2603.970869
2637.999669
2651.998880
2553.985082
2796.991189
2779.989503
2289.017254
2647.000801
2926.981804
2874.987134
2187.007439
2720.984494
2403.946019
2908.968830
2059.015257
2114.084344
2114.029527
2394.045162
2585.993354
2775.987071
2041.024911
2592.013078
2032.002869
2427.029140
2586.027432
2994.976739
2366.039630
2701.032098
2365.039251
2061.059511
2593.010052
2375.003388
2314.014043
2019.027289
2223.000210
2308.018402
2688.942491
2889.989243
2082.995246
2122.896829
2212.087353
2960.987656
2804.011274
2802.994112
2583.997153
2441.981409
2930.995363
2722.993820
2631.997021
2284.003560
2046.013035
2032.071011
2421.031684
2184.007458
2440.012050
2747.961087
2099.978968
2426.982086
2989.979409
2044.022552
2465.990562
2053.990606
2427.016874
2096.982269
2581.815535
2725.898266
2376.049876
2424.998702
2099.997554
2489.974191
2384.020565
2148.017166
2767.977136
2120.008714
2951.986651
2666.998389
2700.988157
2550.994607
2479.993348
2223.007585
2523.992968
2753.978467
2929.991314
2441.995519
2027.023724
2066.043660
2105.011779
2621.014116
2883.011751
2808.986831
2372.999322
2394.031494
2522.108637
2401.084548
2993.962237
2200.052130
2661.976391
2098.899853
2565.090767
2341.005577
2787.964562
2400.996574
2543.004199
2536.000035
2337.016395
2605.002842
2403.997005
2051.012999
2025.019671
2947.981097
2186.007323
2989.915790
2423.011005
2711.037434
2083.021404
2914.991035
2990.985506
2106.115935
2226.898373
2318.985616
2649.997767
2147.011860
2875.988790
2953.988875
2859.974621
2139.883452
2118.997727
2085.396656
2565.101037
2451.024852
2403.997165
2849.974276
2393.988486
2776.981373
2456.976973
2702.987439
2723.987755
2253.025232
2829.965477
2225.996961
2501.028804
2236.075656
2647.955729
2872.973934
2601.987489
2332.000537
2742.995483
2367.976351
2827.943078
2254.974642
2631.073286
2724.988626
2832.995343
2321.986530
2610.089951
2353.895935
2664.966119
2378.007801
2917.976492
2979.975703
2495.954592
2233.032166
2731.956411
2712.988726
2956.966039
2054.035156
2641.047851
2865.983581
2009.023231
2596.012457
2265.024206
2728.945604
2342.078654
2608.988230
2017.033266
2297.007605
2371.011725
2358.018734
2101.002725
2952.059060
2433.983456
2048.071557
2666.856653
2792.983702
2731.993160
2491.990463
2786.987953
2286.080883
2652.979945
2260.019908
2601.103713
2864.973938
2331.017144
2654.996559
2292.021370
2055.028044
2940.988782
2119.996817
2650.974029
2454.922633
2603.961147
2637.999559
2651.998507
2553.980109
2796.988252
2779.986004
2289.023006
2647.001068
2926.975738
2874.982845
2187.009919
2720.979318
2403.928002
2908.958439
2059.020345
2114.112548
2114.039388
2394.060224
2585.991139
2775.982760
2041.033216
2592.017440
2032.003824
2427.038882
2586.036595
2994.968983
2366.052844
2701.042815
2365.052356
2061.079358
2593.013396
2375.004517
2314.018724
2019.036386
2223.000279
2308.024536
2688.923303
2889.985657
2082.993661
2122.862261
2212.116631
2960.983542
2804.015033
2802.992149
2583.996204
2441.975211
2930.993817
2722.991761
2631.996029
2284.004747
2046.017380
2032.094708
2421.042256
2184.009944
2440.016067
2747.948104
2099.971952
2426.976106
2989.972546
2044.030069
2465.987413
2053.987463
2427.022497
2096.976320
2581.753486
2725.864310
2376.066523
2424.998270
2099.996738
2489.965583
2384.027424
2148.022887
2767.969514
2120.011618
2951.982201
2666.997852
2700.984210
2550.992809
2479.991131
2223.010113
2523.990620
2753.971289
2929.988418
2441.994024
2027.031632
2066.058212
2105.015706
2621.018823
2883.015670
2808.982441
2372.999096
2394.042015
2522.144918
2401.112780
2993.949642
2200.069510
2661.968521
2098.866061
2565.121186
2341.007435
2787.952747
2400.995424
2543.005573
2536.000046
2337.021859
2605.003790
2403.996007
2051.017332
2025.026228
2947.974795
2186.009764
2989.891702
2423.014159
2711.048140
2083.027523
2914.988473
2990.981365
2106.149259
2226.869156
2318.981505
2649.997128
2147.015248
2875.985588
2953.985696
2859.967368
2139.850028
2118.997052
2085.511852
2565.130080
2451.031957
2403.996352
2849.966925
2393.985195
2776.976051
2456.970393
2702.983850
2723.984257
2253.032442
2829.955613
2225.996093
2501.037039
2236.097324
2647.943043
2872.966486
2601.983915
2332.000693
2742.994197
2367.969593
2827.926810
2254.967336
2631.094270
2724.985376
2832.994013
2321.982676
2610.115677
2353.866172
2664.956428
2378.010030
2917.969776
2979.968761
2495.941613
2233.041357
2731.943956
2712.985505
2956.956336
2054.045183
2641.061604
2865.978890
2009.029868
2596.016016
2265.031123
2728.930043
2342.101154
2608.984864
2017.042773
2297.009778
2371.015075
2358.024088
2101.003504
2952.075965
2433.978719
2048.092033
2666.815590
2792.979045
2731.991206
2491.987738
2786.984511
2286.104036
2652.974222
2260.025591
2601.133361
2864.966491
2331.022042
2654.995576
2292.027476
2055.036057
2940.985577
2119.995902
2650.966608
2454.900499
2603.950028
2637.999434
2651.998080
2553.974426
2796.984896
2779.982005
2289.029579
2647.001373
2926.968805
2874.977944
2187.012753
2720.973399
2403.907396
2908.946561
2059.026160
2114.144837
2114.050669
2394.077442
2585.988610
2775.977832
2041.042707
2592.022426
2032.004913
2427.050033
2586.047079
2994.960118
2366.067948
2701.055074
2365.067346
2061.102047
2593.017215
2375.005808
2314.024074
2019.046782
2223.000358
2308.031548
2688.901362
2889.981560
2082.991847
2122.822645
2212.150191
2960.978839
2804.019330
2802.989906
2583.995120
2441.968127
2930.992052
2722.989406
2631.994894
2284.006104
2046.022345
2032.121808
2421.054346
2184.012785
2440.020658
2747.933260
2099.963930
2426.969266
2989.964704
2044.038660
2465.983812
2053.983864
2427.028922
2096.969496
2581.682222
2725.825477
2376.085560
2424.997776
2099.995805
2489.955740
2384.035263
2148.029427
2767.960803
2120.014938
2951.977116
2666.997238
2700.979698
2550.990754
2479.988596
2223.013002
2523.987934
2753.963084
2929.985109
2441.992317
2027.040671
2066.074843
2105.020195
2621.024203
2883.020150
2808.977424
2372.998837
2394.054052
2522.186423
2401.145077
2993.935243
2200.089376
2661.959526
2098.827182
2565.156053
2341.009557
2787.939243
2400.994105
2543.007128
2536.000060
2337.028105
2605.004873
2403.994866
2051.022284
2025.033721
2947.967594
2186.012554
2989.864588
2423.017712
2711.060189
2083.034408
2914.985591
2990.976706
2106.186855
2226.836190
2318.976879
2649.996409
2147.019060
2875.981985
2953.982121
2859.959207
2139.812359
2118.996281
2085.642484
2565.162852
2451.039953
2403.995437
2849.958655
2393.981493
2776.970064
2456.962991
2702.979812
2723.980320
2253.040553
2829.944515
2225.995116
2501.046306
2236.121730
2647.928753
2872.958107
2601.979894
2332.000871
2742.992754
2367.961989
2827.908506
2254.959084
2631.117903
2724.981719
2832.992516
2321.978338
2610.144631
2353.832672
2664.945521
2378.012538
2917.962221
2979.960950
2495.927008
2233.051699
2731.929942
2712.981881
2956.945418
2054.056454
2641.077119
2865.973612
2009.037336
2596.020021
2265.038904
2728.912527
2342.126479
2608.981075
2017.053470
2297.012223
2371.018843
2358.030111
2101.004379
2952.095001
2433.973385
2048.115085
2666.769337
2792.973807
2731.989007
2491.984672
2786.980638
2286.130106
2652.967788
2260.031981
2601.166725
2864.958113
2331.027553
2654.994469
2292.034344
2055.045072
2940.981971
2119.994869
2650.958258
2454.875583
2603.937510
2637.999293
2651.997601
2553.968031
2796.981119
2779.977506
2289.036975
2647.001716
2926.961004
2874.972430
2187.015941
2720.966734
2403.884195
2908.933198
2059.032704
2114.181234
2114.063375
2394.096820
2585.985765
2775.972287
2041.053387
2592.028038
2032.006137
2427.062600
2586.058888
2994.950142
2366.084942
2701.068879
2365.084225
2061.127579
2593.021506
2375.007260
2314.030093
2019.058478
2223.000446
2308.039436
2688.876665
2889.976951
2082.989806
2122.777935
2212.188074
2960.973549
2804.024165
2802.987383
2583.993900
2441.960157
2930.990066
2722.986758
2631.993618
2284.007630
2046.027931
2032.152316
2421.067955
2184.015982
2440.025823
2747.916552
2099.954900
2426.961564
2989.955881
2044.048325
2465.979758
2053.979805
2427.036148
2096.961787
2581.601595
2725.781756
2376.106994
2424.997220
2099.994755
2489.944663
2384.044086
2148.036784
2767.951003
2120.018672
2951.971394
2666.996548
2700.974622
2550.988442
2479.985745
2223.016252
2523.984909
2753.953853
2929.981387
2441.990395
2027.050840
2066.093552
2105.025245
2621.030258
2883.025192
2808.971779
2372.998546
2394.067611
2522.233170
2401.181449
2993.919038
2200.111727
2661.949407
2098.783104
2565.195409
2341.011944
2787.924049
2400.992615
2543.008857
2536.000075
2337.035130
2605.006092
2403.993582
2051.027856
2025.042152
2947.959492
2186.015692
2989.834443
2423.021667
2711.073585
2083.042061
2914.982389
2990.971530
2106.228765
2226.799439
2318.971739
2649.995610
2147.023296
2875.977981
2953.978148
2859.950137
2139.770420
2118.995406
2085.788955
2565.199391
2451.048841
2403.994418
2849.949464
2393.977378
2776.963413
2456.954766
2702.975326
2723.975946
2253.049566
2829.932184
2225.994031
2501.056605
2236.148883
2647.912851
2872.948796
2601.975425
2332.001070
2742.991155
2367.953541
2827.888165
2254.949875
2631.144191
2724.977657
2832.990854
2321.973514
2610.176820
2353.795429
2664.933396
2378.015324
2917.953827
2979.952271
2495.910777
2233.063191
2731.914371
2712.977855
2956.933288
2054.068966
2641.094412
2865.967748
2009.045633
2596.024471
2265.047550
2728.893052
2342.154637
2608.976862
2017.065358
2297.014939
2371.023031
2358.036805
2101.005352
2952.116173
2433.967451
2048.140719
2666.717873
2792.967986
2731.986564
2491.981265
2786.976335
2286.159102
2652.960643
2260.039079
2601.203806
2864.948804
2331.033677
2654.993240
2292.041975
2055.055089
2940.977964
2119.993718
2650.948979
2454.847880
2603.923589
2637.999136
2651.997068
2553.960926
2796.976923
2779.972507
2289.045193
2647.002096
2926.952337
2874.966303
2187.019484
2720.959321
2403.858394
2908.918349
2059.039976
2114.221763
2114.077511
2394.118358
2585.982606
2775.966125
2041.065254
2592.034276
2032.007496
2427.076591
2586.072027
2994.939056
2366.103829
2701.084236
2365.103001
2061.155957
2593.026268
2375.008874
2314.036781
2019.071474
2223.000543
2308.048202
2688.849205
2889.971831
2082.987537
2122.728080
2212.230327
2960.967670
2804.029539
2802.984580
2583.992545
2441.951302
2930.987859
2722.983815
2631.992200
2284.009325
2046.034138
2032.186240
2421.083088
2184.019533
2440.031562
2747.897977
2099.944862
2426.952998
2989.946080
2044.059063
2465.975250
2053.975284
2427.044176
2096.953180
2581.511434
2725.733134
2376.130830
2424.996602
2099.993587
2489.932350
2384.053891
2148.044959
2767.940115
2120.022822
2951.965037
2666.995780
2700.968982
2550.985874
2479.982577
2223.019863
2523.981544
2753.943595
2929.977251
2441.988260
2027.062140
2066.114340
2105.030858
2621.036987
2883.030797
2808.965507
2372.998222
2394.082698
2522.285177
2401.221911
2993.901026
2200.136565
2661.938163
2098.733695
2565.239303
2341.014595
2787.907165
2400.990952
2543.010753
2536.000092
2337.042937
2605.007446
2403.992156
2051.034047
2025.051519
2947.950490
2186.019180
