2368.999961
2383.999719
2151.000627
2953.007672
2934.998939
2398.999488
2167.996257
2053.010069
2213.999794
2850.998278
2992.998311
2616.998601
2524.996039
2550.999284
2703.000000
2548.000000
2351.000000
2326.000000
2622.000000
2654.000000
2634.000000
2024.000000
2603.000000
2175.000000
2764.000000
2462.000000
2493.000000
2982.000000
2618.000000
2548.000000
2318.000000
2893.000000
2713.000000
2770.000000
2211.000000
2474.000000
2751.000000
2177.000000
2815.000000
2799.000000
2180.000000
2785.000000
2282.000000
2741.000000
2337.000000
2505.000000
2791.000000
2998.000000
2650.000000
2616.000000
2713.000000
2934.000000
2394.000000
2000.000000
2977.000000
2563.000000
2757.000000
2314.000000
2568.000000
2481.000000
2681.000000
2014.000000
2170.000000
2296.000000
2186.000000
2633.000000
2016.000000
2776.000000
2828.000000
2778.000000
2188.000000
2844.000000
2441.000000
2238.000000
2465.000000
2567.000000
2315.000000
2677.000000
2342.000000
2245.000000
2520.000000
2278.000000
2484.000000
2448.000000
2188.000000
2986.000000
2398.000000
2002.000000
2607.000000
2830.000000
2784.000000
2018.000000
2247.000000
2811.000000
2711.000000
2277.000000
2089.000000
2944.000000
2134.000000
2287.000000
2660.000000
2807.000000
2200.000000
2291.000000
2036.000000
2480.000000
2857.000000
2230.000000
2806.000000
2189.000000
2885.000000
2325.000000
2457.000000
2573.000000
2970.000000
2636.000000
2699.000000
2077.000000
2457.000000
2211.000000
2460.000000
2871.000000
2741.000000
2071.000000
2822.000000
2107.000000
2241.000000
2316.000000
2662.000000
2474.000000
2913.000000
2360.000000
2886.000000
2169.000000
2319.000000
2139.000000
2380.000000
2191.000000
2738.000000
2000.000000
2031.000000
2461.000000
2484.000000
2554.000000
2580.000000
2729.000000
2156.000000
2970.000000
2314.000000
2633.000000
2014.000000
2898.000000
2688.000000
2785.000000
2286.000000
2104.000000
2873.000000
2836.000000
2537.000000
2575.000000
2060.000000
2958.000000
2159.000000
2794.000000
2978.000000
2726.000000
2608.000000
2234.000000
2554.000000
2549.000000
2975.000000
2915.000000
2108.000000
2955.000000
2410.000000
2242.000000
2204.000000
2467.000000
2188.000000
2004.000000
2173.000000
2416.000000
2971.000000
2576.000000
2324.000000
2554.000000
2757.000000
2162.000000
2161.000000
2068.000000
2550.000000
2044.000000
2190.000000
2504.000000
2262.000000
2267.000000
2143.000000
2823.000000
2860.000000
2011.000000
2368.999884
2383.999156
2151.001885
2953.023021
2934.996818
2398.998464
2167.988764
2053.030222
2213.999383
2850.994835
2992.994933
2616.995803
2524.988115
2550.997851
2703.000000
2548.000000
2351.000000
2326.000000
2622.000000
2654.000000
2634.000000
2024.000000
2603.000000
2175.000000
2764.000000
2462.000000
2493.000000
2982.000000
2618.000000
2548.000000
2318.000000
2893.000000
2713.000000
2770.000000
2211.000000
2474.000000
2751.000000
2177.000000
2815.000000
2799.000000
2180.000000
2785.000000
2282.000000
2741.000000
2337.000000
2505.000000
2791.000000
2998.000000
2650.000000
2616.000000
2713.000000
2934.000000
2394.000000
2000.000000
2977.000000
2563.000000
2757.000000
2314.000000
2568.000000
2481.000000
2681.000000
2014.000000
2170.000000
2296.000000
2186.000000
2633.000000
2016.000000
2776.000000
2828.000000
2778.000000
2188.000000
2844.000000
2441.000000
2238.000000
2465.000000
2567.000000
2315.000000
2677.000000
2342.000000
2245.000000
2520.000000
2278.000000
2484.000000
2448.000000
2188.000000
2986.000000
2398.000000
2002.000000
2607.000000
2830.000000
2784.000000
2018.000000
2247.000000
2811.000000
2711.000000
2277.000000
2089.000000
2944.000000
2134.000000
2287.000000
2660.000000
2807.000000
2200.000000
2291.000000
2036.000000
2480.000000
2857.000000
2230.000000
2806.000000
2189.000000
2885.000000
2325.000000
2457.000000
2573.000000
2970.000000
2636.000000
2699.000000
2077.000000
2457.000000
2211.000000
2460.000000
2871.000000
2741.000000
2071.000000
2822.000000
2107.000000
2241.000000
2316.000000
2662.000000
2474.000000
2913.000000
2360.000000
2886.000000
2169.000000
2319.000000
2139.000000
2380.000000
2191.000000
2738.000000
2000.000000
2031.000000
2461.000000
2484.000000
2554.000000
2580.000000
2729.000000
2156.000000
2970.000000
2314.000000
2633.000000
2014.000000
2898.000000
2688.000000
2785.000000
2286.000000
2104.000000
2873.000000
2836.000000
2537.000000
2575.000000
2060.000000
2958.000000
2159.000000
2794.000000
2978.000000
2726.000000
2608.000000
2234.000000
2554.000000
2549.000000
2975.000000
2915.000000
2108.000000
2955.000000
2410.000000
2242.000000
2204.000000
2467.000000
2188.000000
2004.000000
2173.000000
2416.000000
2971.000000
2576.000000
2324.000000
2554.000000
2757.000000
2162.000000
2161.000000
2068.000000
2550.000000
2044.000000
2190.000000
2504.000000
2262.000000
2267.000000
2143.000000
2823.000000
2860.000000
2011.000000
2368.999767
2383.998312
2151.003779
2953.046063
2934.993637
2398.996928
2167.977506
2053.060484
2213.998765
2850.989670
2992.989867
2616.991606
2524.976227
2550.995700
2703.000000
2548.000000
2351.000000
2326.000000
2622.000000
2654.000000
2634.000000
2024.000000
2603.000000
2175.000000
2764.000000
2462.000000
2493.000000
2982.000000
2618.000000
2548.000000
2318.000000
2893.000000
2713.000000
2770.000000
2211.000000
2474.000000
2751.000000
2177.000000
2815.000000
2799.000000
2180.000000
2785.000000
2282.000000
2741.000000
2337.000000
2505.000000
2791.000000
2998.000000
2650.000000
2616.000000
2713.000000
2934.000000
2394.000000
2000.000000
2977.000000
2563.000000
2757.000000
2314.000000
2568.000000
2481.000000
2681.000000
2014.000000
2170.000000
2296.000000
2186.000000
2633.000000
2016.000000
2776.000000
2828.000000
2778.000000
2188.000000
2844.000000
2441.000000
2238.000000
2465.000000
2567.000000
2315.000000
2677.000000
2342.000000
2245.000000
2520.000000
2278.000000
2484.000000
2448.000000
2188.000000
2986.000000
2398.000000
2002.000000
2607.000000
2830.000000
2784.000000
2018.000000
2247.000000
2811.000000
2711.000000
2277.000000
2089.000000
2944.000000
2134.000000
2287.000000
2660.000000
2807.000000
2200.000000
2291.000000
2036.000000
2480.000000
2857.000000
2230.000000
2806.000000
2189.000000
2885.000000
2325.000000
2457.000000
2573.000000
2970.000000
2636.000000
2699.000000
2077.000000
2457.000000
2211.000000
2460.000000
2871.000000
2741.000000
2071.000000
2822.000000
2107.000000
2241.000000
2316.000000
2662.000000
2474.000000
2913.000000
2360.000000
2886.000000
2169.000000
2319.000000
2139.000000
2380.000000
2191.000000
2738.000000
2000.000000
2031.000000
2461.000000
2484.000000
2554.000000
2580.000000
2729.000000
2156.000000
2970.000000
2314.000000
2633.000000
2014.000000
2898.000000
2688.000000
2785.000000
2286.000000
2104.000000
2873.000000
2836.000000
2537.000000
2575.000000
2060.000000
2958.000000
2159.000000
2794.000000
2978.000000
2726.000000
2608.000000
2234.000000
2554.000000
2549.000000
2975.000000
2915.000000
2108.000000
2955.000000
2410.000000
2242.000000
2204.000000
2467.000000
2188.000000
2004.000000
2173.000000
2416.000000
2971.000000
2576.000000
2324.000000
2554.000000
2757.000000
2162.000000
2161.000000
2068.000000
2550.000000
2044.000000
2190.000000
2504.000000
2262.000000
2267.000000
2143.000000
2823.000000
2860.000000
2011.000000
2368.999612
2383.997187
2151.006317
2953.076816
2934.989395
2398.994880
2167.962464
2053.100897
2213.997943
2850.982783
2992.983111
2616.986009
2524.960373
2550.992832
2703.000000
2548.000000
2351.000000
2326.000000
2622.000000
2654.000000
2634.000000
2024.000000
2603.000000
2175.000000
2764.000000
2462.000000
2493.000000
2982.000000
2618.000000
2548.000000
2318.000000
2893.000000
2713.000000
2770.000000
2211.000000
2474.000000
2751.000000
2177.000000
2815.000000
2799.000000
2180.000000
2785.000000
2282.000000
2741.000000
2337.000000
2505.000000
2791.000000
2998.000000
2650.000000
2616.000000
2713.000000
2934.000000
2394.000000
2000.000000
2977.000000
2563.000000
2757.000000
2314.000000
2568.000000
2481.000000
2681.000000
2014.000000
2170.000000
2296.000000
2186.000000
2633.000000
2016.000000
2776.000000
2828.000000
2778.000000
2188.000000
2844.000000
2441.000000
2238.000000
2465.000000
2567.000000
2315.000000
2677.000000
2342.000000
2245.000000
2520.000000
2278.000000
2484.000000
2448.000000
2188.000000
2986.000000
2398.000000
2002.000000
2607.000000
2830.000000
2784.000000
2018.000000
2247.000000
2811.000000
2711.000000
2277.000000
2089.000000
2944.000000
2134.000000
2287.000000
2660.000000
2807.000000
2200.000000
2291.000000
2036.000000
2480.000000
2857.000000
2230.000000
2806.000000
2189.000000
2885.000000
2325.000000
2457.000000
2573.000000
2970.000000
2636.000000
2699.000000
2077.000000
2457.000000
2211.000000
2460.000000
2871.000000
2741.000000
2071.000000
2822.000000
2107.000000
2241.000000
2316.000000
2662.000000
2474.000000
2913.000000
2360.000000
2886.000000
2169.000000
2319.000000
2139.000000
2380.000000
2191.000000
2738.000000
2000.000000
2031.000000
2461.000000
2484.000000
2554.000000
2580.000000
2729.000000
2156.000000
2970.000000
2314.000000
2633.000000
2014.000000
2898.000000
2688.000000
2785.000000
2286.000000
2104.000000
2873.000000
2836.000000
2537.000000
2575.000000
2060.000000
2958.000000
2159.000000
2794.000000
2978.000000
2726.000000
2608.000000
2234.000000
2554.000000
2549.000000
2975.000000
2915.000000
2108.000000
2955.000000
2410.000000
2242.000000
2204.000000
2467.000000
2188.000000
2004.000000
2173.000000
2416.000000
2971.000000
2576.000000
2324.000000
2554.000000
2757.000000
2162.000000
2161.000000
2068.000000
2550.000000
2044.000000
2190.000000
2504.000000
2262.000000
2267.000000
2143.000000
2823.000000
2860.000000
2011.000000
2368.999418
2383.995781
2151.009514
2953.115307
2934.984092
2398.992319
2167.943609
2053.151515
2213.996915
2850.974175
2992.974666
2616.979012
2524.940549
2550.989243
2703.000000
2548.000000
2351.000000
2326.000000
2622.000000
2654.000000
2634.000000
2024.000000
2603.000000
2175.000000
2764.000000
2462.000000
2493.000000
2982.000000
2618.000000
2548.000000
2318.000000
2893.000000
2713.000000
2770.000000
2211.000000
2474.000000
2751.000000
2177.000000
2815.000000
2799.000000
2180.000000
2785.000000
2282.000000
2741.000000
2337.000000
2505.000000
2791.000000
2998.000000
2650.000000
2616.000000
2713.000000
2934.000000
2394.000000
2000.000000
2977.000000
2563.000000
2757.000000
2314.000000
2568.000000
2481.000000
2681.000000
2014.000000
2170.000000
2296.000000
2186.000000
2633.000000
2016.000000
2776.000000
2828.000000
2778.000000
2188.000000
2844.000000
2441.000000
2238.000000
2465.000000
2567.000000
2315.000000
2677.000000
2342.000000
2245.000000
2520.000000
2278.000000
2484.000000
2448.000000
2188.000000
2986.000000
2398.000000
2002.000000
2607.000000
2830.000000
2784.000000
2018.000000
2247.000000
2811.000000
2711.000000
2277.000000
2089.000000
2944.000000
2134.000000
2287.000000
2660.000000
2807.000000
2200.000000
2291.000000
2036.000000
2480.000000
2857.000000
2230.000000
2806.000000
2189.000000
2885.000000
2325.000000
2457.000000
2573.000000
2970.000000
2636.000000
2699.000000
2077.000000
2457.000000
2211.000000
2460.000000
2871.000000
2741.000000
2071.000000
2822.000000
2107.000000
2241.000000
2316.000000
2662.000000
2474.000000
2913.000000
2360.000000
2886.000000
2169.000000
2319.000000
2139.000000
2380.000000
2191.000000
2738.000000
2000.000000
2031.000000
2461.000000
2484.000000
2554.000000
2580.000000
2729.000000
2156.000000
2970.000000
2314.000000
2633.000000
2014.000000
2898.000000
2688.000000
2785.000000
2286.000000
2104.000000
2873.000000
2836.000000
2537.000000
2575.000000
2060.000000
2958.000000
2159.000000
2794.000000
2978.000000
2726.000000
2608.000000
2234.000000
2554.000000
2549.000000
2975.000000
2915.000000
2108.000000
2955.000000
2410.000000
2242.000000
2204.000000
2467.000000
2188.000000
2004.000000
2173.000000
2416.000000
2971.000000
2576.000000
2324.000000
2554.000000
2757.000000
2162.000000
2161.000000
2068.000000
2550.000000
2044.000000
2190.000000
2504.000000
2262.000000
2267.000000
2143.000000
2823.000000
2860.000000
2011.000000
2368.999186
2383.994093
2151.013382
2953.161572
2934.977729
2398.989246
2167.920904
2053.212410
2213.995681
2850.963843
2992.964532
2616.970615
2524.916752
2550.984932
2703.000000
2548.000000
2351.000000
2326.000000
2622.000000
2654.000000
2634.000000
2024.000000
2603.000000
2175.000000
2764.000000
2462.000000
2493.000000
2982.000000
2618.000000
2548.000000
2318.000000
2893.000000
2713.000000
2770.000000
2211.000000
2474.000000
2751.000000
2177.000000
2815.000000
2799.000000
2180.000000
2785.000000
2282.000000
2741.000000
2337.000000
2505.000000
2791.000000
2998.000000
2650.000000
2616.000000
2713.000000
2934.000000
2394.000000
2000.000000
2977.000000
2563.000000
2757.000000
2314.000000
2568.000000
2481.000000
2681.000000
2014.000000
2170.000000
2296.000000
2186.000000
2633.000000
2016.000000
2776.000000
2828.000000
2778.000000
2188.000000
2844.000000
2441.000000
2238.000000
2465.000000
2567.000000
2315.000000
2677.000000
2342.000000
2245.000000
2520.000000
2278.000000
2484.000000
2448.000000
2188.000000
2986.000000
2398.000000
2002.000000
2607.000000
2830.000000
2784.000000
2018.000000
2247.000000
2811.000000
2711.000000
2277.000000
2089.000000
2944.000000
2134.000000
2287.000000
2660.000000
2807.000000
2200.000000
2291.000000
2036.000000
2480.000000
2857.000000
2230.000000
2806.000000
2189.000000
2885.000000
2325.000000
2457.000000
2573.000000
2970.000000
2636.000000
2699.000000
2077.000000
2457.000000
2211.000000
2460.000000
2871.000000
2741.000000
2071.000000
2822.000000
2107.000000
2241.000000
2316.000000
2662.000000
2474.000000
2913.000000
2360.000000
2886.000000
2169.000000
2319.000000
2139.000000
2380.000000
2191.000000
2738.000000
2000.000000
2031.000000
2461.000000
2484.000000
2554.000000
2580.000000
2729.000000
2156.000000
2970.000000
2314.000000
2633.000000
2014.000000
2898.000000
2688.000000
2785.000000
2286.000000
2104.000000
2873.000000
2836.000000
2537.000000
2575.000000
2060.000000
2958.000000
2159.000000
2794.000000
2978.000000
2726.000000
2608.000000
2234.000000
2554.000000
2549.000000
2975.000000
2915.000000
2108.000000
2955.000000
2410.000000
2242.000000
2204.000000
2467.000000
2188.000000
2004.000000
2173.000000
2416.000000
2971.000000
2576.000000
2324.000000
2554.000000
2757.000000
2162.000000
2161.000000
2068.000000
2550.000000
2044.000000
2190.000000
2504.000000
2262.000000
2267.000000
2143.000000
2823.000000
2860.000000
2011.000000
2368.998914
2383.992124
2151.017941
2953.215650
2934.970305
2398.985660
2167.894308
2053.283663
2213.994243
2850.951789
2992.952709
2616.960816
2524.888975
2550.979897
2703.000000
2548.000000
2351.000000
2326.000000
2622.000000
2654.000000
2634.000000
2024.000000
2603.000000
2175.000000
2764.000000
2462.000000
2493.000000
2982.000000
2618.000000
2548.000000
2318.000000
2893.000000
2713.000000
2770.000000
2211.000000
2474.000000
2751.000000
2177.000000
2815.000000
2799.000000
2180.000000
2785.000000
2282.000000
2741.000000
2337.000000
2505.000000
2791.000000
2998.000000
2650.000000
2616.000000
2713.000000
2934.000000
2394.000000
2000.000000
2977.000000
2563.000000
2757.000000
2314.000000
2568.000000
2481.000000
2681.000000
2014.000000
2170.000000
2296.000000
2186.000000
2633.000000
2016.000000
2776.000000
2828.000000
2778.000000
2188.000000
2844.000000
2441.000000
2238.000000
2465.000000
2567.000000
2315.000000
2677.000000
2342.000000
2245.000000
2520.000000
2278.000000
2484.000000
2448.000000
2188.000000
2986.000000
2398.000000
2002.000000
2607.000000
2830.000000
2784.000000
2018.000000
2247.000000
2811.000000
2711.000000
2277.000000
2089.000000
2944.000000
2134.000000
2287.000000
2660.000000
2807.000000
2200.000000
2291.000000
2036.000000
2480.000000
2857.000000
2230.000000
2806.000000
2189.000000
2885.000000
2325.000000
2457.000000
2573.000000
2970.000000
2636.000000
2699.000000
2077.000000
2457.000000
2211.000000
2460.000000
2871.000000
2741.000000
2071.000000
2822.000000
2107.000000
2241.000000
2316.000000
2662.000000
2474.000000
2913.000000
2360.000000
2886.000000
2169.000000
2319.000000
2139.000000
2380.000000
2191.000000
2738.000000
2000.000000
2031.000000
2461.000000
2484.000000
2554.000000
2580.000000
2729.000000
2156.000000
2970.000000
2314.000000
2633.000000
2014.000000
2898.000000
2688.000000
2785.000000
2286.000000
2104.000000
2873.000000
2836.000000
2537.000000
2575.000000
2060.000000
2958.000000
2159.000000
2794.000000
2978.000000
2726.000000
2608.000000
2234.000000
2554.000000
2549.000000
2975.000000
2915.000000
2108.000000
2955.000000
2410.000000
2242.000000
2204.000000
2467.000000
2188.000000
2004.000000
2173.000000
2416.000000
2971.000000
2576.000000
2324.000000
2554.000000
2757.000000
2162.000000
2161.000000
2068.000000
2550.000000
2044.000000
2190.000000
2504.000000
2262.000000
2267.000000
2143.000000
2823.000000
2860.000000
2011.000000
2368.998604
2383.989873
2151.023213
2953.277591
2934.961820
2398.981561
2167.863768
2053.365377
2213.992601
2850.938012
2992.939196
2616.949616
2524.857214
2550.974136
2703.000000
2548.000000
2351.000000
2326.000000
2622.000000
2654.000000
2634.000000
2024.000000
2603.000000
2175.000000
2764.000000
2462.000000
2493.000000
2982.000000
2618.000000
2548.000000
2318.000000
2893.000000
2713.000000
2770.000000
2211.000000
2474.000000
2751.000000
2177.000000
2815.000000
2799.000000
2180.000000
2785.000000
2282.000000
2741.000000
2337.000000
2505.000000
2791.000000
2998.000000
2650.000000
2616.000000
2713.000000
2934.000000
2394.000000
2000.000000
2977.000000
2563.000000
2757.000000
2314.000000
2568.000000
2481.000000
2681.000000
2014.000000
2170.000000
2296.000000
2186.000000
2633.000000
2016.000000
2776.000000
2828.000000
2778.000000
2188.000000
2844.000000
2441.000000
2238.000000
2465.000000
2567.000000
2315.000000
2677.000000
2342.000000
2245.000000
2520.000000
2278.000000
2484.000000
2448.000000
2188.000000
2986.000000
2398.000000
2002.000000
2607.000000
2830.000000
2784.000000
2018.000000
2247.000000
2811.000000
2711.000000
2277.000000
2089.000000
2944.000000
2134.000000
2287.000000
2660.000000
2807.000000
2200.000000
2291.000000
2036.000000
2480.000000
2857.000000
2230.000000
2806.000000
2189.000000
2885.000000
2325.000000
2457.000000
2573.000000
2970.000000
2636.000000
2699.000000
2077.000000
2457.000000
2211.000000
2460.000000
2871.000000
2741.000000
2071.000000
2822.000000
2107.000000
2241.000000
2316.000000
2662.000000
2474.000000
2913.000000
2360.000000
2886.000000
2169.000000
2319.000000
2139.000000
2380.000000
2191.000000
2738.000000
2000.000000
2031.000000
2461.000000
2484.000000
2554.000000
2580.000000
2729.000000
2156.000000
2970.000000
2314.000000
2633.000000
2014.000000
2898.000000
2688.000000
2785.000000
2286.000000
2104.000000
2873.000000
2836.000000
2537.000000
2575.000000
2060.000000
2958.000000
2159.000000
2794.000000
2978.000000
2726.000000
2608.000000
2234.000000
2554.000000
2549.000000
2975.000000
2915.000000
2108.000000
2955.000000
2410.000000
2242.000000
2204.000000
2467.000000
2188.000000
2004.000000
2173.000000
2416.000000
2971.000000
2576.000000
2324.000000
2554.000000
2757.000000
2162.000000
2161.000000
2068.000000
2550.000000
2044.000000
2190.000000
2504.000000
2262.000000
2267.000000
2143.000000
2823.000000
2860.000000
2011.000000
2368.998254
2383.987341
2151.029223
2953.347450
2934.952275
2398.976948
2167.829224
2053.457666
2213.990755
2850.922512
2992.923994
2616.937012
2524.821461
2550.967645
2703.000000
2548.000000
2351.000000
2326.000000
2622.000000
2654.000000
2634.000000
2024.000000
2603.000000
2175.000000
2764.000000
2462.000000
2493.000000
2982.000000
2618.000000
2548.000000
2318.000000
2893.000000
2713.000000
2770.000000
2211.000000
2474.000000
2751.000000
2177.000000
2815.000000
2799.000000
2180.000000
2785.000000
2282.000000
2741.000000
2337.000000
2505.000000
2791.000000
2998.000000
2650.000000
2616.000000
2713.000000
2934.000000
2394.000000
2000.000000
2977.000000
2563.000000
2757.000000
2314.000000
2568.000000
2481.000000
2681.000000
2014.000000
2170.000000
2296.000000
2186.000000
2633.000000
2016.000000
2776.000000
2828.000000
2778.000000
2188.000000
2844.000000
2441.000000
2238.000000
2465.000000
2567.000000
2315.000000
2677.000000
2342.000000
2245.000000
2520.000000
2278.000000
2484.000000
2448.000000
2188.000000
2986.000000
2398.000000
2002.000000
2607.000000
2830.000000
2784.000000
2018.000000
2247.000000
2811.000000
2711.000000
2277.000000
2089.000000
2944.000000
2134.000000
2287.000000
2660.000000
2807.000000
2200.000000
2291.000000
2036.000000
2480.000000
2857.000000
2230.000000
2806.000000
2189.000000
2885.000000
2325.000000
2457.000000
2573.000000
2970.000000
2636.000000
2699.000000
2077.000000
2457.000000
2211.000000
2460.000000
2871.000000
2741.000000
2071.000000
2822.000000
2107.000000
2241.000000
2316.000000
2662.000000
2474.000000
2913.000000
2360.000000
2886.000000
2169.000000
2319.000000
2139.000000
2380.000000
2191.000000
2738.000000
2000.000000
2031.000000
2461.000000
2484.000000
2554.000000
2580.000000
2729.000000
2156.000000
2970.000000
2314.000000
2633.000000
2014.000000
2898.000000
2688.000000
2785.000000
2286.000000
2104.000000
2873.000000
2836.000000
2537.000000
2575.000000
2060.000000
2958.000000
2159.000000
2794.000000
2978.000000
2726.000000
2608.000000
2234.000000
2554.000000
2549.000000
2975.000000
2915.000000
2108.000000
2955.000000
2410.000000
2242.000000
2204.000000
2467.000000
2188.000000
2004.000000
2173.000000
2416.000000
2971.000000
2576.000000
2324.000000
2554.000000
2757.000000
2162.000000
2161.000000
2068.000000
2550.000000
2044.000000
2190.000000
2504.000000
2262.000000
2267.000000
2143.000000
2823.000000
2860.000000
2011.000000
2368.997866
2383.984528
2151.035999
2953.425292
2934.941669
2398.971822
2167.790607
2053.560664
2213.988705
2850.905288
2992.907102
2616.923005
2524.781709
2550.960420
2703.000000
2548.000000
2351.000000
2326.000000
2622.000000
2654.000000
2634.000000
2024.000000
2603.000000
2175.000000
2764.000000
2462.000000
2493.000000
2982.000000
2618.000000
2548.000000
2318.000000
2893.000000
2713.000000
2770.000000
2211.000000
2474.000000
2751.000000
2177.000000
2815.000000
2799.000000
2180.000000
2785.000000
2282.000000
2741.000000
2337.000000
2505.000000
2791.000000
2998.000000
2650.000000
2616.000000
2713.000000
2934.000000
2394.000000
2000.000000
2977.000000
2563.000000
2757.000000
2314.000000
2568.000000
2481.000000
2681.000000
2014.000000
2170.000000
2296.000000
2186.000000
2633.000000
2016.000000
2776.000000
2828.000000
2778.000000
2188.000000
2844.000000
2441.000000
2238.000000
2465.000000
2567.000000
2315.000000
2677.000000
2342.000000
2245.000000
2520.000000
2278.000000
2484.000000
2448.000000
2188.000000
2986.000000
2398.000000
2002.000000
2607.000000
2830.000000
2784.000000
2018.000000
2247.000000
2811.000000
2711.000000
2277.000000
2089.000000
2944.000000
2134.000000
2287.000000
2660.000000
2807.000000
2200.000000
2291.000000
2036.000000
2480.000000
2857.000000
2230.000000
2806.000000
2189.000000
2885.000000
2325.000000
2457.000000
2573.000000
2970.000000
2636.000000
2699.000000
2077.000000
2457.000000
2211.000000
2460.000000
2871.000000
2741.000000
2071.000000
2822.000000
2107.000000
2241.000000
2316.000000
2662.000000
2474.000000
2913.000000
2360.000000
2886.000000
2169.000000
2319.000000
2139.000000
2380.000000
2191.000000
2738.000000
2000.000000
2031.000000
2461.000000
2484.000000
2554.000000
2580.000000
2729.000000
2156.000000
2970.000000
2314.000000
2633.000000
2014.000000
2898.000000
2688.000000
2785.000000
2286.000000
2104.000000
2873.000000
2836.000000
2537.000000
2575.000000
2060.000000
2958.000000
2159.000000
2794.000000
2978.000000
2726.000000
2608.000000
2234.000000
2554.000000
2549.000000
2975.000000
2915.000000
2108.000000
2955.000000
2410.000000
2242.000000
2204.000000
2467.000000
2188.000000
2004.000000
2173.000000
2416.000000
2971.000000
2576.000000
2324.000000
2554.000000
2757.000000
2162.000000
2161.000000
2068.000000
2550.000000
2044.000000
2190.000000
2504.000000
2262.000000
2267.000000
2143.000000
2823.000000
2860.000000
2011.000000
