2887.999455
2604.000617
2348.998228
2299.004614
2588.999744
2313.999978
2567.000826
2263.996680
2871.000962
2664.999437
2082.999945
2783.999219
2331.999466
2921.999109
2333.000986
2690.998748
2137.001392
2885.999503
2300.001596
2921.998368
2542.999823
2162.000604
2747.999983
2510.999632
2828.999839
2452.002427
2129.999970
2019.001008
2682.999555
2243.000778
2746.999508
2325.999694
2337.000303
2658.001164
2039.001087
2342.999871
2553.004166
2480.001472
2542.999778
2780.999845
2331.998580
2324.001273
2077.000893
2073.000249
2121.002861
2253.997314
2479.000940
2383.997780
2454.003135
2066.999859
2446.001066
2167.000716
2222.006004
2856.002639
2920.000645
2246.999820
2661.999745
2800.999790
2938.996492
2695.998709
2842.002527
2028.001329
2554.999248
2105.001124
2131.999883
2226.002714
2513.999007
2058.001716
2266.993246
2864.000892
2910.998355
2662.000944
2585.000534
2884.000109
2917.000324
2155.999944
2944.999579
2818.999905
2806.000625
2110.000252
2446.998793
2951.999313
2764.998898
2858.999661
2156.000480
2343.999465
2506.001086
2210.000429
2240.000527
2476.999546
2744.999515
2739.999354
2417.998675
2325.001636
2946.998276
2594.000384
2722.998412
2891.999445
2005.001100
2698.000449
2982.972993
2145.031544
2988.996252
2262.994892
2100.995648
2771.002929
2143.999234
2276.998382
2244.001938
2868.996107
2560.988107
2615.000833
2890.909110
2032.965332
2753.999394
2979.999013
2476.999267
2055.002672
2666.999060
2411.996023
2670.997713
2395.001414
2626.997239
2385.001358
2442.000304
2837.999075
2306.004981
2333.998658
2027.001692
2578.999641
2577.995497
2491.997466
2867.999077
2383.000286
2835.998943
2488.998300
2397.999746
2965.998849
2203.999931
2984.997377
2707.999760
2655.999938
2061.000002
2634.999387
2326.000290
2429.999241
2361.999984
2735.999531
2027.001235
2762.999620
2914.000194
2692.997802
2063.998732
2562.000368
2599.001683
2397.999207
2465.999802
2796.000518
2389.000147
2351.998970
2076.000692
2411.999490
2158.000749
2472.999760
2978.025208
2150.968871
2987.999121
2864.999211
2980.002246
2245.007415
2256.000113
2159.000788
2023.001206
2224.000444
2877.999947
2822.999363
2223.000124
2290.000415
2886.091700
2031.038442
2885.999986
2107.000000
2543.012205
2616.998201
2188.001073
2946.999203
2613.999804
2934.998179
2776.999174
2268.000669
2055.000538
2524.001696
2673.999430
2898.999446
2208.000596
2778.000835
2491.000075
2353.000178
2570.999272
2239.002785
2887.998365
2604.001851
2348.994682
2299.013841
2588.999232
2313.999933
2567.002477
2263.990039
2871.002886
2664.998312
2082.999836
2783.997656
2331.998398
2921.997326
2333.002958
2690.996243
2137.004177
2885.998510
2300.004788
2921.995105
2542.999468
2162.001812
2747.999949
2510.998895
2828.999518
2452.007281
2129.999910
2019.003023
2682.998665
2243.002333
2746.998524
2325.999081
2337.000908
2658.003492
2039.003262
2342.999613
2553.012501
2480.004417
2542.999333
2780.999534
2331.995738
2324.003821
2077.002679
2073.000748
2121.008583
2253.991942
2479.002821
2383.993340
2454.009407
2066.999576
2446.003198
2167.002146
2222.018016
2856.007917
2920.001936
2246.999459
2661.999236
2800.999371
2938.989476
2695.996127
2842.007580
2028.003989
2554.997743
2105.003373
2131.999648
2226.008141
2513.997020
2058.005147
2266.979733
2864.002676
2910.995066
2662.002833
2585.001602
2884.000326
2917.000973
2155.999832
2944.998736
2818.999714
2806.001875
2110.000757
2446.996377
2951.997938
2764.996694
2858.998983
2156.001441
2343.998394
2506.003257
2210.001286
2240.001581
2476.998639
2744.998544
2739.998063
2417.996024
2325.004908
2946.994829
2594.001151
2722.995236
2891.998335
2005.003300
2698.001347
2982.918433
2145.095286
2988.988753
2262.984669
2100.986940
2771.008789
2143.997703
2276.995144
2244.005817
2868.988319
2560.964289
2615.002502
2890.720400
2032.893226
2753.998182
2979.997039
2476.997801
2055.008018
2666.997181
2411.988067
2670.993140
2395.004242
2626.991715
2385.004076
2442.000912
2837.997225
2306.014945
2333.995972
2027.005077
2578.998924
2577.986488
2491.992396
2867.997230
2383.000857
2835.996829
2488.994899
2397.999237
2965.996547
2203.999793
2984.992131
2707.999279
2655.999813
2061.000005
2634.998161
2326.000871
2429.997724
2361.999952
2735.998592
2027.003704
2762.998860
2914.000584
2692.993405
2063.996196
2562.001104
2599.005049
2397.997621
2465.999407
2796.001553
2389.000441
2351.996910
2076.002076
2411.998469
2158.002246
2472.999281
2978.076187
2150.905938
2987.997362
2864.997632
2980.006744
2245.022255
2256.000338
2159.002364
2023.003617
2224.001331
2877.999842
2822.998088
2223.000371
2290.001245
2886.282304
2031.118204
2885.999956
2106.999999
2543.036647
2616.994598
2188.003218
2946.997610
2613.999411
2934.994536
2776.997522
2268.002008
2055.001613
2524.005089
2673.998289
2898.998337
2208.001787
2778.002505
2491.000225
2353.000533
2570.997816
2239.008357
2887.996730
2604.003703
2348.989363
2299.027685
2588.998464
2313.999866
2567.004955
2263.980070
2871.005773
2664.996625
2082.999671
2783.995311
2331.996795
2921.994651
2333.005916
2690.992485
2137.008354
2885.997019
2300.009577
2921.990210
2542.998936
2162.003624
2747.999898
2510.997789
2828.999036
2452.014563
2129.999820
2019.006046
2682.997331
2243.004665
2746.997049
2325.998163
2337.001817
2658.006985
2039.006524
2342.999225
2553.025011
2480.008839
2542.998667
2780.999067
2331.991473
2324.007642
2077.005358
2073.001496
2121.017167
2253.983879
2479.005643
2383.986680
2454.018816
2066.999151
2446.006397
2167.004293
2222.036042
2856.015838
2920.003871
2246.998918
2661.998473
2800.998742
2938.978951
2695.992253
2842.015156
2028.007979
2554.995487
2105.006746
2131.999296
2226.016285
2513.994041
2058.010295
2266.959449
2864.005351
2910.990132
2662.005667
2585.003204
2884.000652
2917.001945
2155.999663
2944.997472
2818.999429
2806.003750
2110.001514
2446.992755
2951.995877
2764.993387
2858.997967
2156.002881
2343.996787
2506.006515
2210.002571
2240.003163
2476.997278
2744.997087
2739.996125
2417.992048
2325.009816
2946.989658
2594.002301
2722.990473
2891.996671
2005.006600
2698.002694
2982.835161
2145.192617
2988.977496
2262.969318
2100.973874
2771.017583
2143.995405
2276.990287
2244.011642
2868.976635
2560.928481
2615.005016
2890.416646
2032.776799
2753.996363
2979.994078
2476.995599
2055.016036
2666.994364
2411.976127
2670.986278
2395.008487
2626.983428
2385.008153
2442.001825
2837.994450
2306.029897
2333.991942
2027.010155
2578.997847
2577.972966
2491.984787
2867.994460
2383.001714
2835.993658
2488.989797
2397.998475
2965.993094
2203.999586
2984.984262
2707.998559
2655.999626
2061.000011
2634.996321
2326.001741
2429.995449
2361.999905
2735.997183
2027.007408
2762.997720
2914.001168
2692.986810
2063.992391
2562.002209
2599.010099
2397.995242
2465.998814
2796.003106
2389.000881
2351.993820
2076.004151
2411.996939
2158.004493
2472.998562
2978.154133
2150.809766
2987.994725
2864.995264
2980.013504
2245.044543
2256.000675
2159.004728
2023.007233
2224.002662
2877.999684
2822.996176
2223.000743
2290.002490
2886.589713
2031.246439
2885.999913
2106.999997
2543.073392
2616.989185
2188.006436
2946.995220
2613.998823
2934.989073
2776.995043
2268.004016
2055.003225
2524.010179
2673.996579
2898.996674
2208.003574
2778.005009
2491.000450
2353.001066
2570.995631
2239.016717
2887.994550
2604.006172
2348.982266
2299.046146
2588.997441
2313.999778
2567.008260
2263.966769
2871.009623
2664.994375
2082.999453
2783.992185
2331.994659
2921.991085
2333.009860
2690.987473
2137.013924
2885.995032
2300.015963
2921.983684
2542.998226
2162.006040
2747.999831
2510.996316
2828.998394
2452.024276
2129.999700
2019.010076
2682.995552
2243.007775
2746.995081
2325.996938
2337.003028
2658.011643
2039.010873
2342.998708
2553.041702
2480.014740
2542.997778
2780.998445
2331.985779
2324.012740
2077.008929
2073.002493
2121.028616
2253.973122
2479.009406
2383.977797
2454.031366
2066.998582
2446.010662
2167.007155
2222.060094
2856.026402
2920.006453
2246.998197
2661.997454
2800.997904
2938.964914
2695.987086
2842.025252
2028.013301
2554.992478
2105.011243
2131.998826
2226.027148
2513.990067
2058.017159
2266.932377
2864.008920
2910.983553
2662.009446
2585.005340
2884.001087
2917.003242
2155.999438
2944.995786
2818.999048
2806.006250
2110.002524
2446.987924
2951.993128
2764.988979
2858.996611
2156.004802
2343.994646
2506.010859
2210.004286
2240.005271
2476.995463
2744.995146
2739.993542
2417.986744
2325.016362
2946.982762
2594.003836
2722.984121
2891.994451
2005.011000
2698.004491
2982.721257
2145.325841
2988.962471
2262.948820
2100.956440
2771.029315
2143.992341
2276.983808
2244.019418
2868.961052
2560.880584
2615.008384
2889.958581
2032.600358
2753.993938
2979.990129
2476.992659
2055.026730
2666.990609
2411.960198
2670.977128
2395.014152
2626.972374
2385.013591
2442.003042
2837.990750
2306.049843
2333.986566
2027.016926
2578.996411
2577.954923
2491.974635
2867.990767
2383.002856
2835.989429
2488.982992
2397.997458
2965.988490
2203.999309
2984.973768
2707.997598
2655.999377
2061.000018
2634.993868
2326.002902
2429.992414
2361.999841
2735.995305
2027.012348
2762.996199
2914.001949
2692.978016
2063.987317
2562.003682
2599.016836
2397.992068
2465.998024
2796.005178
2389.001470
2351.989699
2076.006919
2411.994898
2158.007488
2472.997603
2978.261031
2150.677972
2987.991208
2864.992106
2980.022544
2245.074312
2256.001125
2159.007880
2023.012056
2224.004436
2877.999473
2822.993627
2223.001238
2290.004150
2887.054742
2031.439455
2885.999854
2106.999995
2543.122538
2616.981951
2188.010726
2946.992034
2613.998037
2934.981788
2776.991738
2268.006694
2055.005375
2524.016966
2673.994298
2898.994457
2208.005956
2778.008349
2491.000750
2353.001776
2570.992718
2239.027869
2887.991826
2604.009258
2348.973391
2299.069228
2588.996162
2313.999667
2567.012391
2263.950124
2871.014437
2664.991562
2082.999180
2783.988275
2331.991987
2921.986628
2333.014790
2690.981206
2137.020886
2885.992549
2300.023948
2921.975528
2542.997339
2162.009061
2747.999746
2510.994473
2828.997592
2452.036422
2129.999550
2019.015114
2682.993327
2243.011663
2746.992621
2325.995406
2337.004542
2658.017466
2039.016309
2342.998062
2553.062587
2480.022127
2542.996667
2780.997668
2331.978652
2324.019116
2077.013394
2073.003740
2121.042930
2253.959663
2479.014110
2383.966692
2454.047060
2066.997869
2446.015993
2167.010732
2222.090185
2856.039615
2920.009680
2246.997296
2661.996181
2800.996856
2938.947362
2695.980626
2842.037864
2028.019956
2554.988717
2105.016865
2131.998236
2226.040732
2513.985100
2058.025738
2266.898495
2864.013382
2910.975329
2662.014172
2585.008011
2884.001631
2917.004862
2155.999156
2944.993679
2818.998573
2806.009376
2110.003786
2446.981886
2951.989692
2764.983468
2858.994917
2156.007203
2343.991969
2506.016288
2210.006429
2240.007906
2476.993194
2744.992719
2739.990313
2417.980113
2325.024544
2946.974143
2594.005754
2722.976180
2891.991677
2005.016500
2698.006737
2982.573741
2145.498533
2988.943663
2262.923149
2100.934630
2771.043990
2143.988510
2276.975706
2244.029156
2868.941564
2560.820466
2615.012622
2890.416646
2032.776799
2753.990907
2979.985194
2476.988977
2055.040100
2666.985917
2411.940270
2670.965688
2395.021243
2626.958549
2385.020392
2442.004563
2837.986124
2306.074793
2333.979838
2027.025391
2578.994616
2577.932345
2491.961933
2867.986151
2383.004284
2835.984143
2488.974483
2397.996187
2965.982736
2203.998963
2984.960650
2707.996398
2655.999065
2061.000027
2634.990802
2326.004353
2429.988621
2361.999762
2735.992957
2027.018522
2762.994299
2914.002927
2692.967022
2063.980972
2562.005524
2599.025262
2397.988099
2465.997035
2796.007767
2389.002205
2351.984547
2076.010379
2411.992346
2158.011232
2472.996405
2978.399956
2150.506869
2987.986811
2864.988159
2980.033887
2245.111605
2256.001688
2159.011820
2023.018084
2224.006654
2877.999209
2822.990441
2223.001857
2290.006225
2886.589713
2031.246439
2885.999780
2106.999990
2543.184221
2616.972879
2188.016090
2946.988052
2613.997056
2934.972681
2776.987607
2268.010041
2055.008063
2524.025451
2673.991446
2898.991686
2208.008935
2778.012524
2491.001124
2353.002665
2570.989075
2239.041819
2887.988556
2604.012962
2348.962732
2299.096933
2588.994627
2313.999534
2567.017351
2263.930126
2871.020216
2664.988187
2082.998854
2783.983583
2331.988781
2921.981279
2333.020705
2690.973682
2137.029240
2885.989569
2300.033532
2921.965741
2542.996273
2162.012685
2747.999645
2510.992262
2828.996630
2452.051004
2129.999370
2019.021160
2682.990658
2243.016328
2746.989670
2325.993568
2337.006359
2658.024456
2039.022833
2342.997287
2553.087679
2480.031006
2542.995334
2780.996735
2331.970084
2324.026771
2077.018752
2073.005235
2121.060114
2253.943496
2479.019756
2383.953362
2454.065903
2066.997009
2446.022391
2167.015025
2222.126333
2856.055481
2920.013554
2246.996216
2661.994654
2800.995599
2938.926294
2695.972870
2842.052999
2028.027944
2554.984203
2105.023612
2131.997525
2226.057043
2513.979138
2058.036035
2266.857774
2864.018737
2910.965460
2662.019847
2585.011216
2884.002285
2917.006806
2155.998815
2944.991151
2818.998002
2806.013127
2110.005300
2446.974639
2951.985569
2764.976855
2858.992883
2156.010085
2343.988756
2506.022804
2210.009000
2240.011069
2476.990472
2744.989806
2739.986438
2417.972152
2325.034366
2946.963800
2594.008056
2722.966651
2891.988348
2005.023100
2698.009432
2982.388024
2145.716198
2988.921057
2262.892272
2100.908432
2771.061617
2143.983913
2276.965977
2244.040868
2868.918167
2560.747954
2615.017750
2890.720399
2032.893226
2753.987270
2979.979272
2476.984547
2055.056149
2666.980291
2411.916333
2670.951957
2395.029764
2626.941950
2385.028558
2442.006389
2837.980573
2306.104758
2333.971757
2027.035550
2578.992461
2577.905217
2491.946673
2867.980612
2383.005997
2835.977798
2488.964267
2397.994662
2965.975830
2203.998547
2984.944906
2707.994957
2655.998691
2061.000038
2634.987122
2326.006095
2429.984069
2361.999667
2735.990140
2027.025931
2762.992019
2914.004104
2692.953826
2063.973356
2562.007735
2599.035380
2397.983332
2465.995848
2796.010875
2389.003090
2351.978365
2076.014530
2411.989285
2158.015725
2472.994967
2978.575648
2150.290769
2987.981536
2864.983422
2980.047562
2245.156478
2256.002363
2159.016549
2023.025318
2224.009316
2877.998893
2822.986617
2223.002599
2290.008715
2886.282302
2031.118204
2885.999691
2106.999985
2543.258612
2616.961951
2188.022527
2946.983274
2613.995878
2934.961752
2776.982650
2268.014058
2055.011287
2524.035635
2673.988025
2898.988360
2208.012510
2778.017534
2491.001574
2353.003731
2570.984703
2239.058571
2887.984742
2604.017285
2348.950287
2299.129267
2588.992837
2313.999379
2567.023140
2263.906759
2871.026960
2664.984250
2082.998475
2783.978107
2331.985039
2921.975040
2333.027607
2690.964899
2137.038987
2885.986093
2300.044718
2921.954326
2542.995030
2162.016913
2747.999527
2510.989683
2828.995510
2452.068026
2129.999159
2019.028214
2682.987544
2243.021771
2746.986227
2325.991424
2337.008479
2658.032613
2039.030444
2342.996383
2553.116994
2480.041386
2542.993778
2780.995647
2331.960068
2324.035709
2077.025003
2073.006980
2121.080170
2253.924612
2479.026345
2383.937806
2454.087901
2066.996002
2446.029855
2167.020034
2222.168560
2856.074006
2920.018075
2246.994957
2661.992871
2800.994132
2938.901704
2695.963817
2842.070662
2028.037262
2554.978937
2105.031483
2131.996693
2226.076085
2513.972181
2058.048048
2266.810179
2864.024987
2910.953947
2662.026471
2585.014957
2884.003048
2917.009073
2155.998417
2944.988201
2818.997336
2806.017503
2110.007066
2446.966183
2951.980759
2764.969139
2858.990511
2156.013446
2343.985008
2506.030406
2210.012001
2240.014759
2476.987295
2744.986408
2739.981917
2417.962860
2325.045826
2946.951732
2594.010743
2722.955533
2891.984464
2005.030800
2698.012576
2982.156775
2145.987633
2988.894630
2262.856147
2100.877830
2771.082203
2143.978548
2276.954620
2244.054568
2868.890853
2560.662839
2615.023790
2890.909106
2032.965332
2753.983027
2979.972362
2476.979365
2055.074879
2666.973732
2411.888375
2670.935932
2395.039722
2626.922569
2385.038091
2442.008520
2837.974097
2306.139751
2333.962317
2027.047405
2578.989945
2577.873519
2491.928846
2867.974149
2383.007997
2835.970395
2488.952344
2397.992883
2965.967773
2203.998062
2984.926536
2707.993276
2655.998255
2061.000051
2634.982829
2326.008127
2429.978758
2361.999556
2735.986853
2027.034576
2762.989359
2914.005481
2692.938430
2063.964467
2562.010317
2599.047195
2397.977767
2465.994463
2796.014502
2389.004122
2351.971151
2076.019373
2411.985712
2158.020967
2472.993289
2978.795677
2150.020589
2987.975381
2864.977896
2980.063603
2245.208999
2256.003150
2159.022065
2023.033757
2224.012422
2877.998525
2822.982156
2223.003465
2290.011619
2886.091695
2031.038443
2885.999588
2106.999978
2543.345924
2616.949143
2188.030037
2946.977701
2613.994503
2934.949000
2776.976866
2268.018745
2055.015047
2524.047519
2673.984032
2898.984480
2208.016682
2778.023379
2491.002098
2353.004976
2570.979600
2239.078133
2887.980383
2604.022226
2348.936049
2299.166233
2588.990792
2313.999202
2567.029759
2263.880007
2871.034671
2664.979750
2082.998043
2783.971846
2331.980761
2921.967908
2333.035494
2690.954856
2137.050127
2885.982121
2300.057507
2921.941282
2542.993610
2162.021744
2747.999393
2510.986734
2828.994232
2452.087491
2129.998918
2019.036276
2682.983985
2243.027992
2746.982292
2325.988972
2337.010901
2658.041939
2039.039142
2342.995349
2553.150552
2480.053276
2542.992001
2780.994403
2331.948594
2324.045932
2077.032148
2073.008974
2121.103102
2253.902998
2479.033878
2383.920021
2454.113059
2066.994843
2446.038386
2167.025757
2222.216892
2856.095196
2920.023243
2246.993519
2661.990834
2800.992456
2938.873588
2695.953465
2842.090860
2028.047910
2554.972918
2105.040479
2131.995737
2226.097864
2513.964228
2058.061777
2266.755669
2864.032132
2910.940789
2662.034047
2585.019233
2884.003922
2917.011664
2155.997959
2944.984831
2818.996576
2806.022505
2110.009085
2446.956519
2951.975262
2764.960321
2858.987800
2156.017288
2343.980724
2506.039095
2210.015430
2240.018976
2476.983665
2744.982524
2739.976750
2417.952235
2325.058926
2946.937939
2594.013813
2722.942826
2891.980026
2005.039601
2698.016170
2981.867311
2146.328049
2988.864357
2262.814727
2100.842809
2771.105759
2143.972414
2276.941629
2244.070273
2868.859616
2560.564866
2615.030772
2890.999990
2033.000002
2753.978177
2979.964465
2476.973422
2055.096293
2666.966242
2411.856380
2670.917611
2395.051126
2626.900401
2385.048995
2442.010955
2837.966694
2306.179788
2333.951512
2027.060956
2578.987068
2577.837230
2491.908441
2867.966764
2383.010281
2835.961933
2488.938709
2397.990850
2965.958566
2203.997507
2984.905537
2707.991355
2655.997757
2061.000066
2634.977921
2326.010449
2429.972687
2361.999429
2735.983096
2027.044456
2762.986319
2914.007060
2692.920830
2063.954304
2562.013269
2599.060710
2397.971401
2465.992879
2796.018649
2389.005304
2351.962904
2076.024909
2411.981630
2158.026958
2472.991371
2979.073138
2149.680620
2987.968346
2864.971581
2980.082052
2245.269250
2256.004050
2159.028370
2023.043403
2224.015971
2877.998104
2822.977058
2223.004453
2290.014938
2885.999987
2031.000003
2885.999471
2106.999971
2543.446413
2616.934425
2188.038621
2946.971332
2613.992932
2934.934426
2776.970255
2268.024101
2055.019344
2524.061104
2673.979470
2898.980045
2208.021450
2778.030059
2491.002697
2353.006400
2570.973766
2239.100514
2887.975480
2604.027785
2348.920013
2299.207838
2588.988491
2313.999003
2567.037209
2263.849851
2871.043352
2664.974688
2082.997560
2783.964799
2331.975947
2921.959886
2333.044367
2690.943550
2137.062659
2885.977653
2300.071901
2921.926610
2542.992010
2162.027180
2747.999242
2510.983417
2828.992796
2452.109406
2129.998647
2019.045346
2682.979980
2243.034991
2746.977865
2325.986214
2337.013626
2658.052434
2039.048928
2342.994187
2553.188375
2480.066687
2542.990001
2780.993003
2331.935652
2324.057444
2077.040186
2073.011216
2121.128915
2253.878643
2479.042355
2383.900005
2454.141385
2066.993531
2446.047984
2167.032196
2222.271356
2856.119059
2920.029059
2246.991904
2661.988543
2800.990571
2938.841941
2695.941811
2842.113595
2028.059886
2554.966146
2105.050599
2131.994656
2226.122388
2513.955279
2058.077224
2266.694198
2864.040173
2910.925985
2662.042576
2585.024045
2884.004907
2917.014577
2155.997441
2944.981039
2818.995721
2806.028132
2110.011356
2446.945645
2951.969078
2764.950401
2858.984749
2156.021610
2343.975905
2506.048870
2210.019288
2240.023720
2476.979581
2744.978155
2739.970938
2417.940275
2325.073669
2946.922422
2594.017268
2722.928528
2891.975033
2005.049502
2698.020215
2981.494190
2146.767974
2988.830210
2262.767957
2100.803347
2771.132297
2143.965512
2276.927002
2244.088004
2868.824447
2560.453733
2615.038729
2890.999980
2033.000004
2753.972721
2979.955581
2476.966712
2055.120394
2666.957825
2411.820331
2670.896991
2395.063985
2626.875439
2385.061273
2442.013696
2837.958365
2306.224888
2333.939336
2027.076204
2578.983829
2577.796323
2491.885444
2867.958455
2383.012852
2835.952411
2488.923359
2397.988562
2965.948207
2203.996881
2984.881909
2707.989195
2655.997197
2061.000083
2634.972398
2326.013062
2429.965857
2361.999286
2735.978869
2027.055572
2762.982899
2914.008844
2692.901025
2063.942864
2562.016593
2599.075931
2397.964232
2465.991096
2796.023314
2389.006636
2351.953626
2076.031136
2411.977036
2158.033697
2472.989214
2979.434307
2149.239338
2987.960432
2864.964475
2980.102958
2245.337323
2256.005063
2159.035462
2023.054255
2224.019964
2877.997630
2822.971322
2223.005566
2290.018672
2885.999973
2031.000005
2885.999339
2106.999963
2543.560384
2616.917763
2188.048280
2946.964168
2613.991164
2934.918028
2776.962817
2268.030128
2055.024177
2524.076392
2673.974337
2898.975056
2208.026816
2778.037575
2491.003371
2353.008003
2570.967200
2239.125723
2887.970031
2604.033964
2348.902173
2299.254087
2588.985936
2313.998783
2567.045492
2263.816271
2871.053002
2664.969064
2082.997025
2783.956966
2331.970596
2921.950973
2333.054226
2690.930978
2137.076583
2885.972689
2300.087903
2921.910313
2542.990233
2162.033219
2747.999076
2510.979731
2828.991203
2452.133775
2129.998346
2019.055424
2682.975531
2243.042767
2746.972946
2325.983149
2337.016654
2658.064101
2039.059802
2342.992894
2553.230489
2480.081632
2542.987779
2780.991448
2331.921227
2324.070249
2077.049117
2073.013708
2121.157614
2253.851533
2479.051778
2383.877755
2454.172889
2066.992063
2446.058649
2167.039351
2222.331986
2856.145604
2920.035525
2246.990111
2661.985996
2800.988476
2938.806757
2695.928853
2842.138872
2028.073191
2554.958622
2105.061845
2131.993448
2226.149663
2513.945333
2058.094389
2266.625711
2864.049112
2910.909537
2662.052061
2585.029393
2884.006003
2917.017814
2155.996862
2944.976826
2818.994771
2806.034386
2110.013879
2446.933561
2951.962208
2764.939379
2858.981360
2156.026412
2343.970551
2506.059732
2210.023575
2240.028991
2476.975044
2744.973300
2739.964479
2417.926976
2325.090054
2946.905180
2594.021107
2722.912641
2891.969485
2005.060504
2698.024709
2980.968211
2147.390421
2988.792154
2262.715771
2100.759424
2771.161830
2143.957840
2276.910734
2244.107781
2868.785335
2560.329084
2615.047703
2890.909075
2032.965338
2753.966659
2979.945710
2476.959225
2055.147186
2666.948484
2411.780207
2670.874070
2395.078309
2626.847673
2385.074929
2442.016742
2837.949110
2306.275072
2333.925781
2027.093151
2578.980228
2577.750768
2491.859841
2867.949224
2383.015708
2835.941829
2488.906292
2397.986020
2965.936698
2203.996185
2984.855650
2707.986794
2655.996575
2061.000101
2634.966261
2326.015966
2429.958268
2361.999128
2735.974172
2027.067924
2762.979099
2914.010835
2692.879015
2063.930146
2562.020290
2599.092864
2397.956257
2465.989114
2796.028501
2389.008119
2351.943314
2076.038055
2411.971932
2158.041186
2472.986817
2979.950641
2148.611019
2987.951638
2864.956580
2980.126376
2245.413328
2256.006188
2159.043343
2023.066312
2224.024401
2877.997104
2822.964949
2223.006801
2290.022819
2886.091653
2031.038451
2885.999195
2106.999953
2543.688195
2616.899116
2188.059013
2946.956211
2613.989198
2934.899806
2776.954552
2268.036824
2055.029545
2524.093383
2673.968633
2898.969513
2208.032779
2778.045926
2491.004119
2353.009785
2570.959901
2239.153772
