361.249962
307.469593
329.276108
310.400228
222.210038
2695.000245
210.293806
2014.000053
307.469593
2499.622221
310.400228
2761.079044
2695.000245
2100.377812
2014.000053
2938.056953
2499.622221
2347.857854
2761.079044
2000.313115
361.499887
307.939157
329.554403
310.799849
222.420259
2695.000814
210.587617
2014.000160
307.939157
2499.243800
310.799849
2782.948102
2695.000814
2102.215146
2014.000160
2938.113357
2499.243800
2347.715040
2782.948102
1997.539314
361.749773
308.408692
329.834890
311.198960
222.630618
2695.001641
210.881434
2014.000321
308.408692
2498.864670
311.198960
2804.865653
2695.001641
2103.589739
2014.000321
2938.169277
2498.864670
2347.570826
2804.865653
1995.163825
361.999621
308.878198
330.117573
311.597628
222.841084
2695.002657
211.175256
2014.000535
308.878198
2498.484765
311.597628
2826.834729
2695.002657
2104.654434
2014.000535
2938.224770
2498.484765
2347.425539
2826.834729
1993.068797
362.249432
309.347675
330.402459
311.995901
223.051635
2695.003802
211.469084
2014.000802
309.347675
2498.104022
311.995901
2848.858374
2695.003802
2105.512101
2014.000802
2938.279887
2498.104022
2347.279403
2848.858374
1991.175179
362.499204
309.817123
330.689553
312.393815
223.262258
2695.005027
211.762918
2014.001122
309.817123
2497.722378
312.393815
2870.939651
2695.005027
2106.229557
2014.001122
2938.334674
2497.722378
2347.132572
2870.939651
1989.431794
362.748938
310.286541
330.978862
312.791396
223.472943
2695.006288
212.056757
2014.001493
310.286541
2497.339770
312.791396
2893.081652
2695.006288
2106.850104
2014.001493
2938.389171
2497.339770
2346.985158
2893.081652
1987.805609
362.998633
310.755929
331.270391
313.188666
223.683683
2695.007553
212.350601
2014.001917
310.755929
2496.956137
313.188666
2915.287497
2695.007553
2107.402152
2014.001917
2938.443412
2496.956137
2346.837240
2915.287497
1986.275074
363.248290
311.225288
331.564147
313.585643
223.894474
2695.008794
212.644451
2014.002392
311.225288
2496.571417
313.585643
2937.560344
2695.008794
2107.904684
2014.002392
2938.497430
2496.571417
2346.688878
2937.560344
1984.825903
363.497908
311.694617
331.860138
313.982341
224.105311
2695.009988
212.938306
2014.002918
311.694617
2496.185548
313.982341
2959.903390
2695.009988
2108.370646
2014.002918
2938.551253
2496.185548
2346.540115
2959.903390
1983.448467
363.747488
312.163916
332.158370
314.378774
224.316192
2695.011117
213.232166
2014.003494
312.163916
2495.798469
314.378774
2982.319878
2695.011117
2108.809047
2014.003494
2938.604908
2495.798469
2346.390984
2982.319878
1982.136182
363.997029
312.633185
332.458852
314.774956
224.527115
2695.012164
213.526032
2014.004122
312.633185
2495.410115
314.774956
3004.813096
2695.012164
2109.226284
2014.004122
2938.658417
2495.410115
2346.241510
3004.813096
1980.884495
364.246531
313.102424
332.761591
315.170898
224.738077
2695.013117
213.819904
2014.004799
313.102424
2495.020424
315.170898
3027.386386
2695.013117
2109.626980
2014.004799
2938.711801
2495.020424
2346.091711
3027.386386
1979.690236
364.495993
313.571633
333.066596
315.566611
224.949079
2695.013965
214.113780
2014.005527
313.571633
2494.629332
315.566611
3050.043147
2695.013965
2110.014533
2014.005527
2938.765080
2494.629332
2345.941600
3050.043147
1978.551198
364.745417
314.040812
333.373875
315.962106
225.160118
2695.014699
214.407662
2014.006304
314.040812
2494.236773
315.962106
3072.786833
2695.014699
2110.391485
2014.006304
2938.818272
2494.236773
2345.791187
3072.786833
1977.465862
364.994801
314.509961
333.683437
316.357394
225.371194
2695.015310
214.701549
2014.007131
314.509961
2493.842683
316.357394
3095.620963
2695.015310
2110.759758
2014.007131
2938.871391
2493.842683
2345.640479
3095.620963
1976.433206
365.244145
314.979080
333.995292
316.752486
225.582306
2695.015792
214.995441
2014.008008
314.979080
2493.446993
316.752486
3118.549121
2695.015792
2111.120830
2014.008008
2938.924453
2493.446993
2345.489479
3118.549121
1975.452583
365.493450
315.448168
334.309450
317.147391
225.793454
2695.016139
215.289339
2014.008934
315.448168
2493.049637
317.147391
3141.574962
2695.016139
2111.475849
2014.008934
2938.977472
2493.049637
2345.338191
3141.574962
1974.523623
365.742715
315.917225
334.625921
317.542120
226.004636
2695.016347
215.583242
2014.009909
315.917225
2492.650544
317.542120
3164.702214
2695.016347
2111.825717
2014.009909
2939.030458
2492.650544
2345.186614
3164.702214
1973.646179
365.991939
316.386253
334.944715
317.936684
226.215853
2695.016409
215.877151
2014.010933
316.386253
2492.249645
317.936684
3187.934682
2695.016409
2112.171149
2014.010933
2939.083425
2492.249645
2345.034747
3187.934682
1972.820277
366.241124
316.855250
335.265843
318.331093
226.427105
2695.016324
216.171064
2014.012006
316.855250
2491.846867
318.331093
3211.276253
2695.016324
2112.512720
2014.012006
2939.136382
2491.846867
2344.882589
3211.276253
1972.046083
366.490267
317.324216
335.589316
318.725358
226.638390
2695.016087
216.464983
2014.013128
317.324216
2491.442137
318.725358
3234.730900
2695.016087
2112.850893
2014.013128
2939.189340
2491.442137
2344.730134
3234.730900
1971.323884
366.739371
317.793152
335.915147
319.119488
226.849708
2695.015695
216.758907
2014.014298
317.793152
2491.035381
319.119488
3258.302687
2695.015695
2113.186045
2014.014298
2939.242307
2491.035381
2344.577380
3258.302687
1970.654067
366.988433
318.262057
336.243347
319.513495
227.061060
2695.015145
217.052837
2014.015517
318.262057
2490.626521
319.513495
3281.995771
2695.015145
2113.518486
2014.015517
2939.295293
2490.626521
2344.424320
3281.995771
1970.037108
367.237454
318.730931
336.573929
319.907388
227.272445
2695.014437
217.346772
2014.016784
318.730931
2490.215479
319.907388
3305.814409
2695.014437
2113.848472
2014.016784
2939.348304
2490.215479
2344.270947
3305.814409
1969.473560
367.486434
319.199775
336.906906
320.301180
227.483863
2695.013566
217.640712
2014.018100
319.199775
2489.802176
320.301180
3329.762965
2695.013566
2114.176215
2014.018100
2939.401349
2489.802176
2344.117254
3329.762965
1968.964052
367.735372
319.668587
337.242291
320.694881
227.695313
2695.012532
217.934657
2014.019464
319.668587
2489.386529
320.694881
3353.845908
2695.012532
2114.501892
2014.019464
2939.454435
2489.386529
2343.963233
3353.845908
1968.509278
367.984269
320.137369
337.580098
321.088502
227.906795
2695.011333
218.228608
2014.020876
320.137369
2488.968453
321.088502
3378.067827
2695.011333
2114.825652
2014.020876
2939.507568
2488.968453
2343.808875
3378.067827
1968.109997
368.233123
320.606120
337.920342
321.482054
228.118310
2695.009967
218.522564
2014.022336
320.606120
2488.547863
321.482054
3402.433430
2695.009967
2115.147621
2014.022336
2939.560755
2488.547863
2343.654169
3402.433430
1967.767031
368.481935
321.074839
338.263037
321.875549
228.329857
2695.008434
218.816526
2014.023844
321.074839
2488.124670
321.875549
3426.947550
2695.008434
2115.467904
2014.023844
2939.614001
2488.124670
2343.499104
3426.947550
1967.481262
368.730704
321.543528
338.608199
322.268999
228.541436
2695.006731
219.110492
2014.025401
321.543528
2487.698782
322.268999
3451.615157
2695.006731
2115.786592
2014.025401
2939.667313
2487.698782
2343.343669
3451.615157
1967.253634
368.979431
322.012185
338.955844
322.662415
228.753046
2695.004858
219.404465
2014.027005
322.012185
2487.270107
322.662415
3476.441358
2695.004858
2116.103762
2014.027005
2939.720696
2487.270107
2343.187851
3476.441358
1967.085148
369.228114
322.480811
339.305987
323.055809
228.964688
2695.002814
219.698442
2014.028658
322.480811
2486.838547
323.055809
3501.431409
2695.002814
2116.419478
2014.028658
2939.774155
2486.838547
2343.031637
3501.431409
1966.976871
369.476754
322.949405
339.658647
323.449194
229.176361
2695.000599
219.992425
2014.030358
322.949405
2486.404005
323.449194
3526.590718
2695.000599
2116.733797
2014.030358
2939.827695
2486.404005
2342.875012
3526.590718
1966.929927
369.725350
323.417969
340.013840
323.842581
229.388066
2694.998210
220.286413
2014.032107
323.417969
2485.966377
323.842581
3551.924856
2694.998210
2117.046767
2014.032107
2939.881320
2485.966377
2342.717960
3551.924856
1966.945507
369.973902
323.886500
340.371584
324.235985
229.599802
2694.995649
220.580406
2014.033903
323.886500
2485.525559
324.235985
3577.439566
2694.995649
2117.358429
2014.033903
2939.935036
2485.525559
2342.560466
3577.439566
1967.024865
370.222410
324.355000
340.731899
324.629418
229.811569
2694.992913
220.874405
2014.035747
324.355000
2485.081442
324.629418
3603.140768
2694.992913
2117.668817
2014.035747
2939.988847
2485.081442
2342.402512
3603.140768
1967.169325
370.470873
324.823468
341.094803
325.022892
230.023366
2694.990003
221.168410
2014.037639
324.823468
2484.633914
325.022892
3629.034571
2694.990003
2117.977952
2014.037639
2940.042754
2484.633914
2342.244079
3629.034571
1967.380290
370.719291
325.291904
341.460316
325.416423
230.235195
2694.986919
221.462419
2014.039579
325.291904
2484.182861
325.416423
3655.127281
2694.986919
2118.285879
2014.039579
2940.096767
2484.182861
2342.085148
3655.127281
1967.659203
370.967663
325.760309
341.828459
325.810023
230.447054
2694.983659
221.756434
2014.041567
325.760309
2483.728162
325.810023
3681.425412
2694.983659
2118.592609
2014.041567
2940.150887
2483.728162
2341.925699
3681.425412
1968.007614
371.215989
326.228681
342.199253
326.203707
230.658944
2694.980223
222.050455
2014.043603
326.228681
2483.269694
326.203707
3707.935698
2694.980223
2118.898161
2014.043603
2940.205119
2483.269694
2341.765709
3707.935698
1968.427144
371.464270
326.697021
342.572720
326.597490
230.870864
2694.976612
222.344481
2014.045686
326.697021
2482.807330
326.597490
3734.665103
2694.976612
2119.202549
2014.045686
2940.259466
2482.807330
2341.605155
3734.665103
1968.919494
371.712503
327.165329
342.948883
326.991386
231.082815
2694.972825
222.638512
2014.047818
327.165329
2482.340937
326.991386
3761.620834
2694.972825
2119.505788
2014.047818
2940.313932
2482.340937
2341.444014
3761.620834
1969.486452
371.960690
327.633604
343.327764
327.385410
231.294795
2694.968861
222.932549
2014.049998
327.633604
2481.870379
327.385410
3788.810354
2694.968861
2119.807886
2014.049998
2940.368520
2481.870379
2341.282259
3788.810354
1970.129897
372.208829
328.101847
343.709389
327.779579
231.506806
2694.964720
223.226592
2014.052225
328.101847
2481.395514
327.779579
3816.241394
2694.964720
2120.108852
2014.052225
2940.423235
2481.395514
2341.119862
3816.241394
1970.851803
372.456920
328.570057
344.093782
328.173909
231.718847
2694.960402
223.520639
2014.054501
328.570057
2480.916196
328.173909
3843.921971
2694.960402
2120.408692
2014.054501
2940.478080
2480.916196
2340.956796
3843.921971
1971.654244
372.704962
329.038234
344.480968
328.568415
231.930918
2694.955908
223.814693
2014.056824
329.038234
2480.432270
328.568415
3871.860403
2694.955908
2120.707410
2014.056824
2940.533059
2480.432270
2340.793030
3871.860403
1972.539401
372.952956
329.506379
344.870975
328.963116
232.143018
2694.951237
224.108752
2014.059196
329.506379
2479.943580
328.963116
3900.065322
2694.951237
2121.005011
2014.059196
2940.588175
2479.943580
2340.628531
3900.065322
1973.509564
373.200900
329.974490
345.263830
329.358028
232.355148
2694.946388
224.402816
2014.061616
329.974490
2479.449961
329.358028
3928.545698
2694.946388
2121.301494
2014.061616
2940.643431
2479.449961
2340.463266
3928.545698
1974.567144
373.448795
330.442568
345.659562
329.753170
232.567308
2694.941362
224.696886
2014.064084
330.442568
2478.951241
329.753170
3957.310852
2694.941362
2121.596862
2014.064084
2940.698832
2478.951241
2340.297198
3957.310852
1975.714672
373.696639
330.910612
346.058200
330.148560
232.779497
2694.936159
224.990961
2014.066600
330.910612
2478.447242
330.148560
3986.370481
2694.936159
2121.891111
2014.066600
2940.754380
2478.447242
2340.130291
3986.370481
1976.954815
373.944432
331.378623
346.459774
330.148561
232.991715
2694.930777
225.285042
2014.069164
331.378623
2477.937779
330.148561
4015.740048
2694.930777
2122.182620
2014.069164
2940.808528
2477.937779
2339.962503
4015.740048
-1978.270454
374.192174
331.846598
346.864309
330.148562
233.203962
2694.925216
225.579129
2014.071775
331.846598
2477.423126
330.148562
4045.355900
2694.925216
2122.474612
2014.071775
2940.864374
2477.423126
2339.782671
4045.355900
1976.441428
374.439863
332.314536
347.271829
330.148563
233.416239
2694.919476
225.873221
2014.074434
332.314536
2476.904346
330.148563
4075.201896
2694.919476
2122.763927
2014.074434
2940.918891
2476.904346
2339.597620
4075.201896
-1978.805818
374.687501
332.782434
347.682355
330.148564
233.628544
2694.913557
226.167318
2014.077141
332.782434
2476.380996
330.148564
4105.259360
2694.913557
2123.053666
2014.077141
2940.975049
2476.380996
2339.400165
4105.259360
1975.902400
374.935086
333.250291
348.095906
330.148564
233.840878
2694.907460
226.461421
2014.079896
333.250291
2475.854146
330.148564
4135.510048
2694.907460
2123.340791
2014.079896
2941.029947
2475.854146
2339.196881
4135.510048
-1979.365368
375.182617
333.718106
348.512500
330.148565
234.053241
2694.901184
226.755530
2014.082698
333.718106
2475.323426
330.148565
4165.933266
2694.901184
2123.628287
2014.082698
2941.086431
2475.323426
2338.980868
4165.933266
1975.340303
375.430095
334.185875
348.932151
330.148566
234.265632
2694.894729
227.049644
2014.085549
334.185875
2474.789914
330.148566
4196.508719
2694.894729
2123.913233
2014.085549
2941.141721
2474.789914
2338.758463
4196.508719
-1979.946244
375.677520
334.653598
349.354872
330.148567
234.478052
2694.888096
227.343764
2014.088448
334.653598
2474.253310
330.148567
4227.213772
2694.888096
2124.198500
2014.088448
2941.198542
2474.253310
2338.523052
4227.213772
1974.758313
375.924891
335.121272
349.780674
330.148568
234.690500
2694.881285
227.637889
2014.091395
335.121272
2473.714700
330.148568
4258.026188
2694.881285
2124.481283
2014.091395
2941.254234
2473.714700
2338.280748
4258.026188
-1980.544970
376.172207
335.588895
350.209567
330.148569
234.902976
2694.874296
227.932021
2014.094390
335.588895
2473.173851
330.148569
4288.921519
2694.874296
2124.764344
2014.094390
2941.311407
2473.173851
2338.025217
4288.921519
1974.160221
376.419470
336.056465
350.641554
330.148570
235.115481
2694.867129
228.226157
2014.097433
336.056465
2472.631857
330.148570
4319.875750
2694.867129
2125.044988
2014.097433
2941.367509
2472.631857
2337.762367
4319.875750
-1981.157461
376.666678
336.523980
351.076640
330.148571
235.328013
2694.859784
228.520300
2014.100525
336.523980
2472.088545
330.148571
4350.862816
2694.859784
2125.325873
2014.100525
2941.425043
2472.088545
2337.486139
4350.862816
1973.550423
376.913832
336.991438
351.514826
330.148571
235.540573
2694.852262
228.814448
2014.103665
336.991438
2471.545015
330.148571
4381.857142
2694.852262
2125.604410
2014.103665
2941.481564
2471.545015
2337.202251
4381.857142
-1981.779041
377.160931
337.458836
351.956109
330.148572
235.753162
2694.844562
229.108602
2014.106854
337.458836
2471.001150
330.148572
4412.831298
2694.844562
2125.883159
2014.106854
2941.539470
2471.001150
2336.904915
4412.831298
1972.933885
377.407976
337.926173
352.400485
330.148573
235.965777
2694.836686
229.402762
2014.110092
337.926173
2470.458051
330.148573
4443.758441
2694.836686
2126.159630
2014.110092
2941.596416
2470.458051
2336.599676
4443.758441
-1982.404491
377.654967
338.393447
352.847946
330.148574
236.178421
2694.828632
229.696927
2014.113378
338.393447
2469.915651
330.148574
4474.610089
2694.828632
2126.436290
2014.113378
2941.654703
2469.915651
2336.281012
4474.610089
1972.316083
377.901904
338.860655
353.298482
330.148575
236.391092
2694.820401
229.991099
2014.116713
338.860655
2469.375046
330.148575
4505.358478
2694.820401
2126.710746
2014.116713
2941.712080
2469.375046
2335.954308
4505.358478
-1983.028117
378.148786
339.327795
353.752079
330.148575
236.603790
2694.811993
230.285276
2014.120096
339.327795
2468.836210
330.148575
4535.974446
2694.811993
2126.985374
2014.120096
2941.770754
2468.836210
2335.614304
4535.974446
1971.702920
378.395616
339.794865
354.208722
330.148576
236.816516
2694.803408
230.579459
2014.123529
339.794865
2468.300232
330.148576
4566.429712
2694.803408
2127.257874
2014.123529
2941.828567
2468.300232
2335.266240
4566.429712
-1983.643856
378.642391
340.261864
354.668392
330.148577
237.029269
2694.794648
230.873647
2014.127011
340.261864
2467.767113
330.148577
4596.694860
2694.794648
2127.530538
2014.127011
2941.887636
2467.767113
2334.905107
4596.694860
1971.100609
378.889114
340.728788
355.131066
330.148577
237.242049
2694.785710
231.167842
2014.130542
340.728788
2467.237927
330.148577
4626.741542
2694.785710
2127.801150
2014.130542
2941.945888
2467.237927
2334.536018
4626.741542
-1984.245401
379.135785
341.195636
355.596720
330.148578
237.454856
2694.776597
231.462043
2014.134122
341.195636
2466.712698
330.148578
4656.540558
2694.776597
2128.071925
2014.134122
2942.005356
2466.712698
2334.154206
4656.540558
1970.515534
379.382403
341.662405
356.065326
330.148579
237.667690
2694.767307
231.756249
2014.137751
341.662405
2466.192472
330.148579
4686.063975
2694.767307
2128.340727
2014.137751
2942.064047
2466.192472
2333.764665
4686.063975
-1984.826351
379.628970
342.129095
356.536855
330.148579
237.880551
2694.757842
232.050461
2014.141430
342.129095
2465.677284
330.148579
4715.283302
2694.757842
2128.609697
2014.141430
2942.123918
2465.677284
2333.362863
4715.283302
1969.954089
379.875486
342.595702
357.011272
330.148580
238.093438
2694.748201
232.344680
2014.145158
342.595702
2465.168149
330.148580
4744.171530
2694.748201
2128.876776
2014.145158
2942.183050
2465.168149
2332.953684
4744.171530
-1985.380384
380.121952
343.062226
357.488542
330.148581
238.306353
2694.738384
232.638904
2014.148936
343.062226
2464.665098
330.148581
4772.701380
2694.738384
2129.144033
2014.148936
2942.243325
2464.665098
2332.532819
4772.701380
1969.422500
380.368368
343.528663
357.968627
330.148581
238.519293
2694.728391
232.933135
2014.152763
343.528663
2464.169103
330.148581
4800.847268
2694.728391
2129.409482
2014.152763
2942.302896
2464.169103
2332.105052
4800.847268
-1985.901435
380.614735
343.995013
358.451485
330.148582
238.732261
2694.718223
233.227371
2014.156640
343.995013
2463.680186
330.148582
4828.583623
2694.718223
2129.675126
2014.156640
2942.363577
2463.680186
2331.666282
4828.583623
1968.926642
380.861054
344.461274
358.937074
330.148582
238.945255
2694.707879
233.521613
2014.160567
344.461274
2463.199267
330.148582
4855.886771
2694.707879
2129.939047
2014.160567
2942.423584
2463.199267
2331.221198
4855.886771
-1986.383885
381.107326
344.927443
359.425347
330.148583
239.158275
2694.697360
233.815862
2014.164543
344.927443
2462.726344
330.148583
4882.733312
2694.697360
2130.203185
2014.164543
2942.484670
2462.726344
2330.765893
4882.733312
1968.471854
381.353551
345.393521
359.916257
330.148584
239.371321
2694.686665
234.110116
2014.168570
345.393521
2462.262279
330.148584
4909.101923
2694.686665
2130.465684
2014.168570
2942.545110
2462.262279
2330.304967
4909.101923
-1986.822732
381.599731
345.859504
360.409754
330.148584
239.584394
2694.675796
234.404377
2014.172646
345.859504
2461.807039
330.148584
4934.971787
2694.675796
2130.728427
2014.172646
2942.606598
2461.807039
2329.834688
4934.971787
1968.062776
381.845866
346.325392
360.905787
330.148585
239.797493
2694.664751
234.698644
2014.176773
346.325392
2461.361419
330.148585
4960.324314
2694.664751
2130.989616
2014.176773
2942.667465
2461.361419
2329.359568
4960.324314
-1987.213753
382.091957
346.791184
361.404301
330.148585
240.010618
2694.653531
234.992917
2014.180949
346.791184
2460.925346
330.148585
4985.141611
2694.653531
2131.251081
2014.180949
2942.729351
2460.925346
2328.876035
4985.141611
1967.703200
382.338006
347.256878
361.905242
330.148586
240.223769
2694.642136
235.287196
2014.185176
347.256878
2460.499544
330.148586
5009.408125
2694.642136
2131.511076
2014.185176
2942.790639
2460.499544
2328.388515
5009.408125
-1987.553630
382.584014
347.722473
362.408553
330.148586
240.436946
2694.630565
235.581481
2014.189453
347.722473
2460.083894
330.148586
5033.109143
2694.630565
2131.771382
2014.189453
2942.852920
2460.083894
2327.893575
5033.109143
1967.395963
382.829981
348.187968
362.914176
330.148587
240.650148
2694.618820
235.875773
2014.193781
348.187968
2459.679045
330.148587
5056.232361
2694.618820
2132.030302
2014.193781
2942.914621
2459.679045
2327.395552
5056.232361
-1987.840042
383.075908
348.653362
363.422052
330.148587
240.863377
2694.606899
236.170071
2014.198159
348.653362
2459.284825
330.148587
5078.766407
2694.606899
2132.289571
2014.198159
2942.977289
2459.284825
2326.891136
5078.766407
1967.142874
383.321798
349.118655
363.932123
330.148588
241.076632
2694.594804
236.464375
2014.202587
349.118655
2458.901810
330.148588
5100.702340
2694.594804
2132.547536
2014.202587
2943.039396
2458.901810
2326.384577
5100.702340
-1988.071714
383.567650
349.583846
364.444326
330.148588
241.289912
2694.582533
236.758685
2014.207066
349.583846
2458.529773
330.148588
5122.032191
2694.582533
2132.805889
2014.207066
2943.102445
2458.529773
2325.872665
5122.032191
1966.944687
383.813465
350.048934
364.958601
330.148589
241.503218
2694.570087
237.053002
2014.211595
350.048934
2458.169214
330.148589
5142.750393
2694.570087
2133.063020
2014.211595
2943.164947
2458.169214
2325.359559
5142.750393
-1988.248420
384.059246
350.513918
365.474886
330.148589
241.716550
2694.557466
237.347324
2014.216175
350.513918
2457.819851
330.148589
5162.852344
2694.557466
2133.320580
2014.216175
2943.228369
2457.819851
2324.842137
5162.852344
1966.801123
384.304994
350.978799
365.993120
330.148590
241.929908
2694.544669
237.641654
2014.220806
350.978799
2457.482110
330.148590
5182.335770
2694.544669
2133.576997
2014.220806
2943.291257
2457.482110
2324.324461
5182.335770
-1988.370946
384.550708
351.443576
366.513240
330.148590
242.143291
2694.531697
237.935989
2014.225488
351.443576
2457.155658
330.148590
5201.199305
2694.531697
2133.833886
2014.225488
2943.355043
2457.155658
2323.803480
5201.199305
1966.710926
384.796391
351.908248
367.035184
330.148591
242.356700
2694.518550
238.230331
2014.230220
351.908248
2456.840852
330.148591
5219.443798
2694.518550
2134.089707
2014.230220
2943.418307
2456.840852
2323.283162
5219.443798
-1988.441003
385.042044
352.372816
367.558891
330.148591
242.570134
2694.505227
238.524679
2014.235003
352.372816
2456.537306
330.148591
5237.070910
2694.505227
2134.346042
2014.235003
2943.482448
2456.537306
2322.760507
5237.070910
1966.671965
385.287667
352.837280
368.084300
330.148592
242.783594
2694.491728
238.819034
2014.239837
352.837280
2456.245315
330.148592
5254.084370
2694.491728
2134.601383
2014.239837
2943.546078
2456.245315
2322.239388
5254.084370
-1988.461124
385.533263
353.301639
368.611348
330.148592
242.997080
2694.478054
239.113395
2014.244723
353.301639
2455.964449
330.148592
5270.488589
2694.478054
2134.857281
2014.244723
2943.610564
2455.964449
2321.716845
5270.488589
1966.681355
385.778831
353.765895
369.139977
330.148593
243.210591
2694.464204
239.407763
2014.249659
353.765895
2455.694942
330.148593
5286.289877
2694.464204
2135.112254
2014.249659
2943.674547
2455.694942
2321.196656
5286.289877
-1988.434519
