2266.999958
2449.999897
2196.000007
2276.000017
2266.999874
2449.999692
2196.000021
2276.000050
2266.999748
2449.999383
2196.000041
2276.000101
2266.999581
2449.998972
2196.000068
2276.000168
2266.999371
2449.998458
2196.000103
2276.000252
2266.999119
2449.997842
2196.000144
2276.000352
2266.998826
2449.997122
2196.000192
2276.000470
2266.998490
2449.996300
2196.000246
2276.000604
2266.998113
2449.995375
2196.000308
2276.000755
2266.997694
2449.994348
2196.000377
2276.000923
2266.997232
2449.993217
2196.000452
2276.001107
2266.996729
2449.991984
2196.000534
2276.001309
2266.996184
2449.990648
2196.000623
2276.001527
2266.995597
2449.989209
2196.000719
2276.001762
2266.994968
2449.987667
2196.000822
2276.002013
2266.994297
2449.986023
2196.000931
2276.002282
2266.993584
2449.984276
2196.001048
2276.002567
2266.992829
2449.982426
2196.001171
2276.002869
2266.992032
2449.980473
2196.001301
2276.003188
2266.991193
2449.978418
2196.001438
2276.003524
2266.990313
2449.976259
2196.001582
2276.003876
2266.989390
2449.973998
2196.001732
2276.004245
2266.988425
2449.971634
2196.001890
2276.004631
2266.987419
2449.969167
2196.002054
2276.005034
2266.986370
2449.966598
2196.002225
2276.005453
2266.985280
2449.963925
2196.002403
2276.005890
2266.984147
2449.961150
2196.002588
2276.006343
2266.982973
2449.958272
2196.002780
2276.006813
2266.981757
2449.955291
2196.002978
2276.007299
2266.980499
2449.952208
2196.003184
2276.007803
2266.979198
2449.949021
2196.003396
2276.008323
2266.977856
2449.945732
2196.003615
2276.008860
2266.976472
2449.942340
2196.003841
2276.009414
2266.975046
2449.938844
2196.004074
2276.009985
2266.973578
2449.935247
2196.004314
2276.010572
2266.972068
2449.931546
2196.004560
2276.011176
2266.970515
2449.927742
2196.004814
2276.011797
2266.968921
2449.923836
2196.005074
2276.012435
2266.967285
2449.919826
2196.005341
2276.013090
2266.965607
2449.915714
2196.005615
2276.013761
2266.963888
2449.911499
2196.005896
2276.014449
2266.962126
2449.907181
2196.006184
2276.015154
2266.960322
2449.902760
2196.006478
2276.015876
2266.958476
2449.898236
2196.006779
2276.016614
2266.956588
2449.893610
2196.007088
2276.017370
2266.954658
2449.888880
2196.007403
2276.018142
2266.952686
2449.884047
2196.007725
2276.018931
2266.950672
2449.879112
2196.008054
2276.019737
2266.948616
2449.874073
2196.008389
2276.020559
2266.946518
2449.868932
2196.008732
2276.021399
2266.944378
2449.863688
2196.009081
2276.022255
2266.942196
2449.858340
2196.009437
2276.023128
2266.939972
2449.852890
2196.009800
2276.024018
2266.937706
2449.847337
2196.010170
2276.024925
2266.935399
2449.841681
2196.010547
2276.025848
2266.933049
2449.835922
2196.010931
2276.026788
2266.930656
2449.830060
2196.011321
2276.027745
2266.928222
2449.824094
2196.011719
2276.028719
2266.925746
2449.818026
2196.012123
2276.029710
2266.923228
2449.811855
2196.012534
2276.030718
2266.920668
2449.805581
2196.012952
2276.031742
2266.918066
2449.799204
2196.013377
2276.032783
2266.915422
2449.792723
2196.013809
2276.033841
2266.912735
2449.786140
2196.014247
2276.034916
2266.910007
2449.779453
2196.014693
2276.036008
2266.907236
2449.772664
2196.015145
2276.037116
2266.904424
2449.765771
2196.015604
2276.038241
2266.901569
2449.758776
2196.016070
2276.039384
2266.898673
2449.751677
2196.016543
2276.040543
2266.895734
2449.744475
2196.017023
2276.041718
2266.892753
2449.737170
2196.017510
2276.042911
2266.889730
2449.729762
2196.018003
2276.044120
2266.886666
2449.722251
2196.018504
2276.045347
2266.883558
2449.714636
2196.019011
2276.046590
2266.880409
2449.706919
2196.019525
2276.047850
2266.877218
2449.699098
2196.020046
2276.049127
2266.873985
2449.691174
2196.020574
2276.050421
2266.870709
2449.683147
2196.021109
2276.051731
2266.867392
2449.675017
2196.021650
2276.053059
2266.864032
2449.666783
2196.022199
2276.054403
2266.860630
2449.658446
2196.022754
2276.055764
2266.857186
2449.650006
2196.023316
2276.057142
2266.853700
2449.641463
2196.023886
2276.058537
2266.850172
2449.632816
2196.024462
2276.059948
2266.846602
2449.624067
2196.025045
2276.061377
2266.842989
2449.615214
2196.025634
2276.062822
2266.839335
2449.606257
2196.026231
2276.064285
2266.835638
2449.597197
2196.026835
2276.065764
2266.831899
2449.588034
2196.027445
2276.067260
2266.828118
2449.578768
2196.028062
2276.068773
2266.824295
2449.569398
2196.028687
2276.070302
2266.820429
2449.559925
2196.029318
2276.071849
2266.816522
2449.550349
2196.029956
2276.073412
2266.812572
2449.540669
2196.030601
2276.074993
2266.808580
2449.530886
2196.031252
2276.076590
2266.804546
2449.520999
2196.031911
2276.078204
2266.800469
2449.511009
2196.032576
2276.079835
2266.796351
2449.500915
2196.033249
2276.081483
2266.792190
2449.490718
2196.033928
2276.083148
2266.787987
2449.480418
2196.034614
2276.084830
2266.783741
2449.470014
2196.035308
2276.086528
2266.779454
2449.459507
2196.036008
2276.088244
2266.775124
2449.448896
2196.036714
2276.089976
2266.770752
2449.438181
2196.037428
2276.091726
2266.766338
2449.427363
2196.038149
2276.093492
2266.761881
2449.416441
2196.038877
2276.095275
2266.757383
2449.405416
2196.039611
2276.097075
2266.752841
2449.394288
2196.040352
2276.098892
2266.748258
2449.383055
2196.041101
2276.100726
2266.743633
2449.371719
2196.041856
2276.102576
2266.738965
2449.360280
2196.042618
2276.104444
2266.734254
2449.348736
2196.043387
2276.106329
2266.729502
2449.337089
2196.044163
2276.108230
2266.724707
2449.325339
2196.044946
2276.110149
2266.719870
2449.313484
2196.045736
2276.112084
2266.714991
2449.301526
2196.046532
2276.114037
2266.710069
2449.289464
2196.047336
2276.116006
2266.705105
2449.277299
2196.048146
2276.117992
2266.700098
2449.265030
2196.048964
2276.119995
2266.695050
2449.252657
2196.049788
2276.122015
2266.689958
2449.240180
2196.050619
2276.124052
2266.684825
2449.227599
2196.051457
2276.126106
2266.679649
2449.214914
2196.052302
2276.128177
2266.674431
2449.202126
2196.053154
2276.130265
2266.669170
2449.189234
2196.054013
2276.132370
2266.663867
2449.176237
2196.054879
2276.134492
2266.658522
2449.163137
2196.055752
2276.136631
2266.653134
2449.149933
2196.056631
2276.138786
2266.647703
2449.136625
2196.057518
2276.140959
2266.642231
2449.123213
2196.058411
2276.143149
2266.636716
2449.109698
2196.059312
2276.145356
2266.631158
2449.096078
2196.060219
2276.147579
2266.625558
2449.082354
2196.061133
2276.149820
2266.619916
2449.068526
2196.062055
2276.152077
2266.614231
2449.054594
2196.062983
2276.154352
2266.608503
2449.040558
2196.063918
2276.156644
2266.602734
2449.026417
2196.064860
2276.158952
2266.596921
2449.012173
2196.065809
2276.161278
2266.591066
2448.997825
2196.066765
2276.163620
2266.585169
2448.983372
2196.067728
2276.165980
2266.579229
2448.968815
2196.068697
2276.168357
2266.573247
2448.954154
2196.069674
2276.170750
2266.567222
2448.939389
2196.070658
2276.173161
2266.561154
2448.924519
2196.071648
2276.175589
2266.555044
2448.909546
2196.072646
2276.178033
2266.548892
2448.894468
2196.073650
2276.180495
2266.542697
2448.879285
2196.074662
2276.182974
2266.536459
2448.863999
2196.075680
2276.185470
2266.530179
2448.848608
2196.076705
2276.187982
2266.523856
2448.833112
2196.077738
2276.190512
2266.517491
2448.817512
2196.078777
2276.193059
2266.511083
2448.801808
2196.079823
2276.195623
2266.504632
2448.786000
2196.080876
2276.198204
2266.498139
2448.770087
2196.081937
2276.200802
2266.491603
2448.754069
2196.083004
2276.203417
2266.485024
2448.737947
2196.084078
2276.206049
2266.478403
2448.721720
2196.085159
2276.208699
2266.471739
2448.705389
2196.086247
2276.211365
2266.465033
2448.688954
2196.087342
2276.214048
2266.458284
2448.672413
2196.088443
2276.216749
2266.451492
2448.655768
2196.089552
2276.219466
2266.444657
2448.639019
2196.090668
2276.222201
2266.437780
2448.622165
2196.091791
2276.224953
2266.430860
2448.605206
2196.092921
2276.227722
2266.423897
2448.588142
2196.094058
2276.230507
2266.416892
2448.570974
2196.095201
2276.233310
2266.409843
2448.553701
2196.096352
2276.236130
2266.402752
2448.536323
2196.097510
2276.238968
2266.395619
2448.518840
2196.098675
2276.241822
2266.388442
2448.501253
2196.099846
2276.244693
2266.381223
2448.483560
2196.101025
2276.247582
2266.373961
2448.465763
2196.102210
2276.250488
2266.366656
2448.447861
2196.103403
2276.253410
2266.359308
2448.429854
2196.104603
2276.256350
2266.351918
2448.411742
2196.105809
2276.259307
2266.344484
2448.393524
2196.107023
2276.262282
2266.337008
2448.375202
2196.108244
2276.265273
2266.329489
2448.356775
2196.109471
2276.268282
2266.321927
2448.338243
2196.110706
2276.271307
2266.314322
2448.319606
2196.111947
2276.274350
2266.306674
2448.300863
2196.113196
2276.277410
2266.298984
2448.282016
2196.114452
2276.280487
2266.291250
2448.263063
2196.115714
2276.283582
2266.283473
2448.244005
2196.116984
2276.286693
2266.275654
2448.224842
2196.118261
2276.289822
2266.267792
2448.205574
2196.119544
2276.292968
2266.259886
2448.186200
2196.120835
2276.296131
2266.251938
2448.166721
2196.122133
2276.299311
2266.243947
2448.147137
2196.123437
2276.302508
2266.235912
2448.127447
2196.124749
2276.305723
2266.227835
2448.107652
2196.126068
2276.308955
2266.219715
2448.087752
2196.127394
2276.312204
2266.211551
2448.067746
2196.128726
2276.315470
2266.203345
2448.047634
2196.130066
2276.318754
2266.195096
2448.027418
2196.131413
2276.322054
2266.186803
2448.007095
2196.132767
2276.325372
2266.178468
2447.986667
2196.134128
2276.328707
2266.170089
2447.966134
2196.135496
2276.332060
2266.161667
2447.945494
2196.136871
2276.335430
2266.153202
2447.924749
2196.138253
2276.338816
2266.144694
2447.903899
2196.139642
2276.342221
2266.136143
2447.882943
2196.141038
2276.345642
2266.127549
2447.861881
2196.142441
2276.349081
2266.118912
2447.840713
2196.143851
2276.352537
2266.110231
2447.819439
2196.145268
2276.356010
2266.101507
2447.798060
2196.146693
2276.359500
2266.092740
2447.776575
2196.148124
2276.363008
2266.083930
2447.754984
2196.149562
2276.366533
2266.075077
2447.733286
2196.151008
2276.370076
2266.066180
2447.711483
2196.152460
2276.373635
2266.057240
2447.689574
2196.153920
2276.377212
2266.048257
2447.667559
2196.155387
2276.380807
2266.039231
2447.645438
2196.156860
2276.384418
2266.030161
2447.623211
2196.158341
2276.388047
2266.021048
2447.600878
2196.159829
2276.391693
2266.011892
2447.578438
2196.161324
2276.395357
2266.002692
2447.555893
2196.162826
2276.399038
2265.993449
2447.533241
2196.164335
2276.402736
2265.984163
2447.510483
2196.165851
2276.406452
2265.974833
2447.487619
2196.167374
2276.410185
2265.965460
2447.464648
2196.168905
2276.413935
2265.956043
2447.441571
2196.170442
2276.417703
2265.946583
2447.418388
2196.171986
2276.421488
2265.937080
2447.395098
2196.173538
2276.425290
2265.927533
2447.371702
2196.175097
2276.429110
2265.917943
2447.348199
2196.176662
2276.432947
2265.908310
2447.324590
2196.178235
2276.436802
2265.898633
2447.300874
2196.179815
2276.440674
2265.888912
2447.277052
2196.181402
2276.444563
2265.879148
2447.253123
2196.182996
2276.448470
2265.869340
2447.229087
2196.184598
2276.452394
2265.859489
2447.204945
2196.186206
2276.456336
2265.849594
2447.180696
2196.187821
2276.460295
2265.839656
2447.156340
2196.189444
2276.464271
2265.829674
2447.131878
2196.191074
2276.468265
2265.819649
2447.107308
2196.192710
2276.472276
2265.809580
2447.082632
2196.194354
2276.476305
2265.799467
2447.057849
2196.196005
2276.480351
2265.789311
2447.032959
2196.197664
2276.484415
2265.779111
2447.007962
2196.199329
2276.488496
2265.768867
2446.982858
2196.201001
2276.492595
2265.758580
2446.957647
2196.202681
2276.496711
2265.748249
2446.932329
2196.204368
2276.500844
2265.737874
2446.906903
2196.206061
2276.504995
2265.727456
2446.881371
2196.207762
2276.509164
2265.716994
2446.855731
2196.209470
2276.513350
2265.706488
2446.829984
2196.211186
2276.517554
2265.695938
2446.804130
2196.212908
2276.521775
2265.685345
2446.778169
2196.214638
2276.526013
2265.674707
2446.752100
2196.216374
2276.530269
2265.664026
2446.725924
2196.218118
2276.534543
2265.653302
2446.699640
2196.219869
2276.538834
2265.642533
2446.673249
2196.221627
2276.543143
2265.631720
2446.646751
2196.223393
2276.547469
2265.620864
2446.620145
2196.225165
2276.551813
2265.609963
2446.593431
2196.226945
2276.556175
2265.599019
2446.566610
2196.228732
2276.560553
2265.588031
2446.539681
2196.230526
2276.564950
2265.576999
2446.512644
2196.232327
2276.569364
2265.565922
2446.485500
2196.234135
2276.573796
2265.554802
2446.458248
2196.235951
2276.578245
2265.543638
2446.430888
2196.237773
2276.582712
2265.532430
2446.403420
2196.239603
2276.587197
2265.521178
2446.375845
2196.241440
2276.591699
2265.509882
2446.348161
2196.243285
2276.596219
2265.498542
2446.320369
2196.245136
2276.600756
2265.487157
2446.292470
2196.246995
2276.605311
2265.475729
2446.264462
2196.248861
2276.609884
2265.464256
2446.236346
2196.250734
2276.614474
2265.452740
2446.208123
2196.252614
2276.619082
2265.441179
2446.179790
2196.254501
2276.623708
2265.429574
2446.151350
2196.256396
2276.628351
2265.417925
2446.122802
2196.258298
2276.633012
2265.406231
2446.094145
2196.260207
2276.637691
2265.394494
2446.065379
2196.262123
2276.642387
2265.382712
2446.036506
2196.264047
2276.647101
2265.370886
2446.007524
2196.265978
2276.651833
2265.359016
2445.978433
2196.267916
2276.656582
2265.347101
2445.949234
2196.269861
2276.661350
2265.335142
2445.919926
2196.271813
2276.666134
2265.323139
2445.890510
2196.273773
2276.670937
2265.311092
2445.860985
2196.275740
2276.675758
2265.299000
2445.831352
2196.277714
2276.680596
2265.286864
2445.801609
2196.279696
2276.685452
2265.274683
2445.771758
2196.281684
2276.690325
2265.262458
2445.741798
2196.283680
2276.695217
2265.250188
2445.711729
2196.285684
2276.700126
2265.237874
2445.681551
2196.287694
2276.705053
2265.225516
2445.651265
2196.289712
2276.709998
2265.213113
2445.620869
2196.291737
2276.714960
2265.200666
2445.590364
2196.293769
2276.719941
2265.188174
2445.559750
2196.295808
2276.724939
2265.175637
2445.529027
2196.297855
2276.729955
2265.163056
2445.498195
2196.299909
2276.734989
2265.150431
2445.467253
2196.301970
2276.740040
2265.137761
2445.436202
2196.304039
2276.745110
2265.125046
2445.405042
2196.306115
2276.750197
2265.112287
2445.373773
2196.308198
2276.755302
2265.099482
2445.342394
2196.310289
2276.760426
2265.086634
2445.310905
2196.312386
2276.765566
2265.073740
2445.279307
2196.314491
2276.770725
2265.060802
2445.247600
2196.316604
2276.775902
2265.047819
2445.215782
2196.318723
2276.781097
2265.034792
2445.183856
2196.320850
2276.786309
2265.021719
2445.151819
2196.322985
2276.791540
2265.008602
2445.119673
2196.325126
2276.796788
2264.995440
2445.087416
2196.327275
2276.802054
2264.982233
2445.055050
2196.329431
2276.807339
2264.968982
2445.022574
2196.331595
2276.812641
2264.955685
2444.989989
2196.333766
2276.817961
2264.942344
2444.957293
2196.335944
2276.823299
2264.928957
2444.924487
2196.338129
2276.828655
2264.915526
2444.891571
2196.340322
2276.834029
2264.902050
2444.858544
2196.342523
2276.839421
2264.888528
2444.825408
2196.344730
2276.844831
2264.874962
2444.792161
2196.346945
2276.850259
2264.861351
2444.758804
2196.349167
2276.855705
2264.847695
2444.725336
2196.351397
2276.861170
2264.833993
2444.691759
2196.353634
2276.866652
2264.820247
2444.658070
2196.355878
2276.872152
2264.806456
2444.624271
2196.358130
2276.877670
2264.792619
2444.590362
2196.360389
2276.883206
2264.778737
2444.556342
2196.362655
2276.888761
2264.764810
2444.522211
2196.364929
2276.894333
2264.750838
2444.487970
2196.367210
2276.899923
2264.736821
2444.453617
2196.369499
2276.905532
2264.722758
2444.419154
2196.371795
2276.911158
2264.708651
2444.384580
2196.374098
2276.916803
2264.694498
2444.349896
2196.376409
2276.922466
2264.680299
2444.315100
2196.378727
2276.928147
2264.666056
2444.280193
2196.381052
2276.933846
2264.651767
2444.245175
2196.383385
2276.939563
2264.637432
2444.210045
2196.385725
2276.945299
2264.623053
2444.174805
2196.388073
2276.951052
2264.608627
2444.139453
2196.390428
2276.956824
2264.594157
2444.103990
2196.392791
2276.962614
2264.579641
2444.068416
2196.395161
2276.968422
2264.565080
2444.032730
2196.397538
2276.974248
2264.550473
2443.996933
2196.399923
2276.980093
2264.535820
2443.961024
2196.402315
2276.985955
2264.521122
2443.925003
2196.404715
2276.991836
2264.506379
2443.888871
2196.407122
2276.997735
2264.491589
2443.852628
2196.409536
2277.003653
2264.476755
2443.816272
2196.411958
2277.009588
2264.461874
2443.779805
2196.414388
2277.015542
2264.446948
2443.743225
2196.416825
2277.021514
2264.431977
2443.706534
2196.419269
2277.027505
2264.416959
2443.669731
2196.421721
2277.033513
2264.401896
2443.632816
2196.424180
2277.039540
2264.386787
2443.595788
2196.426647
2277.045586
2264.371633
2443.558649
2196.429121
2277.051649
2264.356432
2443.521397
2196.431603
2277.057731
2264.341186
2443.484033
2196.434092
2277.063831
2264.325894
2443.446557
2196.436589
2277.069950
2264.310556
2443.408968
2196.439093
2277.076087
2264.295172
2443.371266
2196.441605
2277.082242
2264.279742
2443.333453
2196.444124
2277.088416
2264.264267
2443.295526
2196.446650
2277.094608
2264.248745
2443.257487
2196.449185
2277.100818
2264.233177
2443.219336
2196.451726
2277.107047
2264.217564
2443.181071
2196.454275
2277.113294
2264.201904
2443.142694
2196.456832
2277.119560
2264.186198
2443.104204
2196.459396
2277.125844
2264.170446
2443.065601
2196.461968
2277.132147
2264.154648
2443.026885
2196.464547
2277.138468
2264.138804
2442.988055
2196.467134
2277.144807
2264.122914
2442.949113
2196.469728
2277.151165
2264.106978
2442.910058
2196.472330
2277.157542
2264.090995
2442.870889
2196.474940
2277.163937
2264.074966
2442.831607
2196.477557
2277.170350
2264.058891
2442.792211
2196.480181
2277.176782
2264.042769
2442.752703
2196.482813
2277.183232
2264.026602
2442.713080
2196.485453
2277.189701
2264.010388
2442.673344
2196.488100
2277.196189
2263.994127
2442.633495
2196.490755
2277.202695
2263.977820
2442.593532
2196.493417
2277.209219
2263.961467
2442.553455
2196.496087
2277.215763
2263.945067
2442.513264
2196.498765
2277.222324
2263.928621
2442.472959
2196.501450
2277.228905
2263.912129
2442.432540
2196.504142
2277.235504
2263.895589
2442.392008
2196.506843
2277.242121
2263.879004
2442.351361
2196.509550
2277.248757
2263.862371
2442.310600
2196.512266
2277.255412
2263.845692
2442.269725
2196.514989
2277.262086
2263.828967
2442.228736
2196.517720
2277.268778
2263.812195
2442.187632
2196.520458
2277.275489
2263.795376
2442.146414
2196.523204
2277.282218
2263.778510
2442.105081
2196.525958
2277.288966
2263.761598
2442.063634
2196.528719
2277.295733
2263.744639
2442.022073
2196.531488
2277.302519
2263.727633
2441.980396
2196.534264
2277.309323
2263.710580
2441.938605
2196.537048
2277.316146
2263.693481
2441.896699
2196.539840
2277.322988
2263.676334
2441.854678
2196.542639
2277.329848
2263.659141
2441.812542
2196.545446
2277.336728
2263.641901
2441.770292
2196.548261
2277.343626
2263.624613
2441.727926
2196.551084
2277.350543
2263.607279
2441.685445
2196.553914
2277.357478
2263.589898
2441.642849
2196.556751
2277.364433
2263.572470
2441.600137
2196.559597
2277.371406
2263.554994
2441.557310
2196.562450
2277.378398
2263.537472
2441.514368
2196.565311
2277.385409
2263.519902
2441.471310
2196.568179
2277.392439
2263.502286
2441.428136
2196.571055
2277.399488
2263.484622
2441.384847
2196.573939
2277.406556
2263.466911
2441.341443
2196.576831
2277.413642
2263.449152
2441.297922
2196.579730
2277.420747
2263.431346
2441.254286
2196.582637
2277.427872
2263.413494
2441.210533
2196.585552
2277.435015
2263.395593
2441.166665
2196.588475
2277.442177
2263.377646
2441.122681
2196.591405
2277.449358
2263.359650
2441.078580
2196.594343
2277.456558
2263.341608
2441.034363
2196.597288
2277.463777
2263.323518
2440.990030
2196.600242
2277.471015
2263.305381
2440.945581
2196.603203
2277.478273
2263.287196
2440.901015
2196.606172
2277.485549
2263.268963
2440.856333
2196.609149
2277.492844
2263.250683
2440.811534
2196.612133
2277.500158
2263.232356
2440.766618
2196.615126
2277.507491
2263.213980
2440.721586
2196.618126
2277.514843
2263.195557
2440.676436
2196.621133
2277.522214
2263.177087
2440.631170
2196.624149
2277.529605
2263.158568
2440.585787
2196.627173
2277.537014
2263.140002
2440.540287
2196.630204
2277.544443
2263.121388
2440.494670
2196.633243
2277.551891
2263.102727
2440.448936
2196.636290
2277.559357
2263.084017
2440.403084
2196.639344
2277.566843
2263.065260
2440.357115
2196.642407
2277.574349
2263.046454
2440.311029
2196.645477
2277.581873
2263.027601
2440.264825
2196.648555
2277.589416
2263.008700
2440.218503
2196.651641
2277.596979
2262.989750
2440.172064
2196.654735
2277.604561
2262.970753
2440.125508
2196.657836
2277.612162
2262.951708
2440.078833
2196.660946
2277.619782
2262.932614
2440.032040
2196.664063
2277.627422
2262.913473
2439.985130
2196.667188
2277.635081
2262.894283
2439.938101
2196.670321
2277.642759
2262.875045
2439.890955
2196.673462
2277.650456
2262.855758
2439.843690
2196.676611
2277.658173
2262.836424
2439.796307
2196.679768
2277.665909
2262.817041
2439.748805
2196.682932
2277.673664
2262.797610
2439.701185
2196.686104
2277.681439
2262.778130
2439.653447
2196.689285
2277.689233
2262.758603
2439.605589
2196.692473
2277.697047
2262.739026
2439.557614
2196.695669
2277.704879
2262.719401
2439.509519
2196.698873
2277.712732
2262.699728
2439.461306
2196.702085
2277.720603
2262.680006
2439.412973
2196.705305
2277.728494
2262.660236
2439.364522
2196.708533
2277.736405
2262.640417
2439.315951
2196.711769
2277.744334
2262.620549
2439.267262
2196.715012
2277.752284
2262.600633
2439.218453
2196.718264
2277.760253
2262.580668
2439.169524
2196.721524
2277.768241
2262.560654
2439.120477
2196.724791
2277.776249
2262.540592
2439.071309
2196.728067
2277.784276
2262.520480
2439.022022
2196.731350
2277.792323
2262.500320
2438.972616
2196.734642
2277.800389
2262.480111
2438.923089
2196.737941
2277.808475
2262.459853
2438.873443
2196.741248
2277.816581
2262.439546
2438.823677
2196.744564
2277.824706
2262.419191
2438.773791
2196.747887
2277.832850
2262.398786
2438.723785
2196.751219
2277.841015
2262.378332
2438.673658
2196.754558
2277.849199
2262.357829
2438.623411
2196.757906
2277.857402
2262.337277
2438.573044
2196.761261
2277.865625
2262.316675
2438.522556
2196.764624
2277.873868
2262.296025
2438.471948
2196.767996
2277.882131
2262.275325
2438.421219
2196.771376
2277.890413
2262.254576
2438.370369
2196.774763
2277.898715
2262.233778
2438.319399
2196.778159
2277.907037
2262.212930
2438.268308
2196.781562
2277.915378
2262.192033
2438.217095
2196.784974
2277.923740
2262.171087
2438.165762
2196.788394
2277.932121
2262.150091
2438.114307
2196.791822
2277.940521
2262.129045
2438.062731
2196.795258
2277.948942
2262.107951
2438.011034
2196.798702
2277.957382
2262.086806
2437.959215
2196.802154
2277.965842
2262.065612
2437.907275
2196.805614
2277.974322
2262.044368
2437.855213
2196.809083
2277.982822
2262.023075
2437.803029
2196.812559
2277.991342
2262.001732
2437.750724
2196.816044
2277.999882
2261.980339
2437.698296
2196.819536
2278.008441
2261.958897
2437.645747
2196.823037
2278.017021
2261.937404
2437.593075
2196.826546
2278.025620
2261.915862
2437.540281
2196.830063
2278.034240
2261.894270
2437.487365
2196.833589
2278.042879
2261.872628
2437.434327
2196.837122
2278.051538
2261.850936
2437.381166
2196.840664
2278.060218
2261.829193
2437.327882
2196.844213
2278.068917
2261.807401
2437.274476
2196.847771
2278.077637
2261.785559
2437.220947
2196.851337
2278.086376
2261.763667
2437.167296
2196.854912
2278.095135
2261.741724
2437.113521
2196.858494
2278.103915
2261.719731
2437.059623
2196.862085
2278.112715
2261.697688
2437.005602
2196.865684
2278.121534
2261.675595
2436.951458
2196.869291
2278.130374
2261.653451
2436.897190
2196.872906
2278.139234
2261.631257
2436.842799
2196.876529
2278.148114
2261.609013
2436.788285
2196.880161
2278.157015
2261.586718
2436.733646
2196.883801
2278.165935
2261.564372
2436.678884
2196.887449
2278.174876
2261.541976
2436.623999
2196.891106
2278.183837
2261.519530
2436.568989
2196.894771
2278.192818
2261.497033
2436.513855
2196.898444
2278.201820
2261.474485
2436.458597
2196.902125
2278.210841
2261.451887
2436.403215
2196.905814
2278.219883
2261.429237
2436.347708
2196.909512
2278.228946
2261.406537
2436.292077
2196.913218
2278.238028
2261.383786
2436.236322
2196.916933
2278.247131
2261.360985
2436.180442
2196.920656
2278.256254
2261.338132
2436.124437
2196.924387
2278.265398
2261.315229
2436.068307
2196.928126
2278.274562
2261.292274
2436.012052
2196.931874
2278.283747
2261.269269
2435.955672
2196.935630
2278.292951
2261.246212
2435.899167
2196.939394
2278.302177
2261.223104
2435.842537
2196.943167
2278.311423
2261.199945
2435.785781
2196.946948
2278.320689
2261.176735
2435.728900
2196.950737
2278.329975
2261.153474
2435.671893
2196.954535
2278.339283
2261.130161
2435.614761
2196.958341
2278.348610
2261.106797
2435.557503
2196.962156
2278.357959
2261.083382
2435.500119
2196.965978
2278.367328
2261.059915
2435.442608
2196.969810
2278.376717
2261.036397
2435.384972
2196.973650
2278.386127
2261.012827
2435.327210
2196.977498
2278.395558
2260.989206
2435.269321
2196.981354
2278.405009
2260.965533
2435.211305
2196.985219
2278.414481
2260.941808
2435.153164
2196.989093
2278.423973
2260.918032
2435.094895
2196.992974
2278.433487
2260.894204
2435.036500
2196.996865
2278.443020
2260.870324
2434.977978
2197.000763
2278.452575
2260.846393
2434.919328
2197.004671
2278.462150
2260.822409
2434.860552
2197.008586
2278.471747
2260.798374
2434.801649
2197.012510
2278.481363
2260.774287
2434.742618
2197.016443
2278.491001
2260.750147
2434.683460
2197.020384
2278.500660
2260.725956
2434.624174
2197.024334
2278.510339
2260.701713
2434.564760
2197.028292
2278.520039
2260.677417
2434.505219
2197.032258
2278.529760
2260.653069
2434.445550
2197.036234
2278.539502
2260.628669
2434.385753
2197.040217
2278.549265
2260.604217
2434.325827
2197.044209
2278.559049
2260.579712
2434.265774
2197.048210
2278.568853
2260.555155
2434.205592
2197.052220
2278.578679
2260.530546
2434.145282
2197.056237
2278.588525
2260.505884
2434.084843
2197.060264
2278.598393
2260.481170
2434.024275
2197.064299
2278.608282
2260.456403
2433.963579
2197.068342
2278.618191
2260.431583
2433.902753
2197.072395
2278.628122
2260.406711
2433.841799
2197.076455
2278.638074
2260.381786
2433.780715
2197.080525
2278.648046
2260.356808
2433.719502
2197.084603
2278.658040
2260.331778
2433.658160
2197.088689
2278.668055
2260.306695
2433.596688
2197.092785
2278.678092
2260.281558
2433.535087
2197.096888
2278.688149
2260.256369
2433.473356
2197.101001
2278.698228
2260.231127
2433.411495
2197.105122
2278.708327
2260.205832
2433.349503
2197.109252
2278.718448
2260.180484
2433.287382
2197.113390
2278.728591
2260.155082
2433.225131
2197.117538
2278.738754
2260.129627
2433.162749
2197.121693
2278.748939
2260.104120
2433.100237
2197.125858
2278.759145
2260.078558
2433.037594
2197.130031
2278.769372
2260.052944
2432.974820
2197.134213
2278.779621
2260.027276
2432.911915
2197.138404
2278.789891
2260.001554
2432.848880
2197.142603
2278.800183
2259.975780
2432.785713
2197.146812
2278.810496
2259.949951
2432.722415
2197.151028
2278.820830
2259.924069
2432.658986
2197.155254
2278.831186
2259.898133
2432.595425
2197.159488
2278.841563
2259.872144
2432.531733
2197.163732
2278.851962
2259.846101
2432.467909
2197.167984
2278.862382
2259.820004
2432.403953
2197.172244
2278.872824
2259.793853
2432.339865
2197.176514
2278.883287
2259.767648
2432.275645
2197.180792
2278.893772
2259.741389
2432.211293
2197.185079
2278.904279
2259.715077
2432.146808
2197.189375
2278.914807
2259.688710
2432.082191
2197.193680
2278.925357
2259.662289
2432.017441
2197.197994
2278.935928
2259.635814
2431.952558
2197.202316
2278.946521
2259.609285
2431.887542
2197.206647
2278.957136
2259.582701
2431.822394
2197.210988
2278.967772
2259.556063
2431.757112
2197.215337
2278.978431
2259.529371
2431.691697
2197.219695
2278.989111
2259.502624
2431.626149
2197.224061
2278.999812
2259.475823
2431.560466
2197.228437
2279.010536
2259.448967
2431.494651
2197.232822
2279.021282
2259.422056
2431.428701
2197.237215
2279.032049
2259.395091
2431.362617
2197.241618
2279.042838
2259.368071
2431.296400
2197.246029
2279.053649
2259.340997
2431.230048
2197.250450
2279.064482
2259.313867
2431.163562
2197.254879
2279.075337
2259.286683
2431.096941
2197.259317
2279.086214
2259.259443
2431.030185
2197.263764
2279.097113
2259.232149
2430.963295
2197.268221
2279.108033
2259.204800
2430.896270
2197.272686
2279.118976
2259.177395
2430.829110
2197.277160
2279.129941
2259.149936
2430.761814
2197.281643
2279.140928
2259.122421
2430.694383
2197.286135
2279.151937
2259.094851
2430.626817
2197.290637
2279.162969
2259.067225
2430.559115
2197.295147
2279.174022
2259.039544
2430.491278
2197.299666
2279.185098
2259.011808
2430.423304
2197.304195
2279.196195
2258.984016
2430.355194
2197.308732
2279.207315
2258.956169
2430.286949
2197.313279
2279.218457
2258.928266
2430.218566
2197.317834
2279.229622
2258.900307
2430.150048
2197.322399
2279.240809
2258.872292
2430.081393
2197.326973
2279.252018
2258.844222
2430.012600
2197.331556
2279.263249
2258.816096
2429.943672
2197.336148
2279.274503
2258.787914
2429.874606
2197.340749
2279.285779
2258.759676
2429.805402
2197.345359
2279.297077
2258.731382
2429.736062
2197.349979
2279.308398
2258.703031
2429.666584
2197.354607
2279.319741
2258.674625
2429.596968
2197.359245
2279.331107
2258.646162
2429.527215
2197.363892
2279.342496
2258.617643
2429.457323
2197.368548
2279.353906
2258.589068
2429.387294
2197.373213
2279.365340
2258.560436
2429.317126
2197.377888
2279.376796
2258.531748
2429.246820
2197.382572
2279.388274
2258.503004
2429.176375
2197.387265
2279.399776
2258.474202
2429.105791
2197.391967
2279.411299
2258.445344
2429.035069
2197.396678
2279.422846
2258.416430
2428.964208
2197.401399
2279.434415
2258.387458
2428.893207
2197.406129
2279.446007
2258.358430
2428.822068
2197.410869
2279.457622
2258.329345
2428.750788
2197.415617
2279.469259
2258.300203
2428.679370
2197.420375
2279.480919
2258.271003
2428.607811
2197.425142
2279.492602
2258.241747
2428.536112
2197.429919
2279.504308
2258.212434
2428.464274
2197.434705
2279.516037
2258.183063
2428.392295
2197.439500
2279.527789
2258.153635
2428.320176
2197.444305
2279.539563
2258.124150
2428.247916
2197.449118
2279.551361
2258.094607
2428.175515
2197.453942
2279.563181
2258.065007
2428.102974
2197.458774
2279.575025
2258.035349
2428.030291
2197.463617
2279.586891
2258.005633
2427.957468
2197.468468
2279.598781
2257.975860
2427.884503
2197.473329
2279.610693
2257.946029
2427.811396
2197.478199
2279.622629
2257.916141
2427.738148
2197.483079
2279.634588
2257.886194
2427.664758
2197.487968
2279.646570
2257.856190
2427.591226
2197.492867
2279.658575
2257.826127
2427.517551
2197.497775
2279.670604
2257.796007
2427.443735
2197.502693
2279.682656
2257.765828
2427.369776
2197.507620
2279.694730
2257.735591
2427.295674
2197.512557
2279.706829
2257.705296
2427.221429
2197.517503
2279.718950
2257.674942
2427.147042
2197.522458
2279.731095
2257.644530
2427.072511
2197.527424
2279.743264
2257.614060
2426.997837
2197.532398
2279.755455
2257.583531
2426.923019
2197.537383
2279.767670
2257.552943
2426.848058
2197.542377
2279.779909
2257.522297
2426.772952
2197.547380
2279.792171
2257.491591
2426.697703
2197.552393
2279.804457
2257.460827
2426.622310
2197.557416
2279.816766
2257.430005
2426.546772
2197.562448
2279.829098
2257.399123
2426.471089
2197.567490
2279.841455
2257.368182
2426.395262
2197.572542
2279.853835
2257.337182
2426.319290
2197.577603
2279.866238
2257.306122
2426.243173
2197.582674
2279.878666
2257.275004
2426.166911
2197.587754
2279.891117
2257.243826
2426.090503
2197.592845
2279.903591
2257.212589
2426.013950
2197.597945
2279.916090
2257.181292
2425.937251
2197.603054
2279.928612
2257.149936
2425.860406
2197.608174
2279.941158
2257.118520
2425.783415
2197.613303
2279.953728
2257.087044
2425.706278
2197.618442
2279.966322
2257.055509
2425.628994
2197.623590
2279.978940
2257.023914
2425.551563
2197.628749
2279.991582
2256.992258
2425.473986
2197.633917
2280.004247
2256.960543
2425.396261
2197.639095
2280.016937
2256.928768
2425.318389
2197.644283
2280.029651
2256.896933
2425.240370
2197.649480
2280.042389
2256.865037
2425.162204
2197.654688
2280.055150
2256.833081
2425.083889
2197.659905
2280.067936
2256.801065
2425.005427
2197.665132
2280.080747
2256.768988
2424.926816
2197.670369
2280.093581
2256.736851
2424.848057
2197.675616
2280.106440
2256.704653
2424.769150
2197.680873
2280.119322
2256.672395
2424.690094
2197.686140
2280.132230
2256.640075
2424.610889
2197.691416
2280.145161
2256.607695
2424.531535
2197.696703
2280.158117
2256.575254
2424.452032
2197.701999
2280.171097
2256.542752
2424.372379
2197.707306
2280.184101
2256.510189
2424.292576
2197.712622
2280.197130
2256.477565
2424.212624
2197.717949
2280.210184
2256.444880
2424.132522
2197.723285
2280.223262
2256.412133
2424.052269
2197.728631
2280.236364
2256.379325
2423.971866
2197.733988
2280.249491
2256.346455
2423.891313
2197.739354
2280.262643
2256.313524
2423.810608
2197.744731
2280.275819
2256.280531
2423.729753
2197.750117
2280.289020
2256.247477
2423.648746
2197.755514
2280.302246
2256.214361
2423.567588
2197.760921
2280.315496
2256.181182
2423.486278
2197.766338
2280.328771
2256.147942
2423.404816
2197.771765
2280.342071
2256.114640
2423.323203
2197.777202
2280.355395
2256.081276
2423.241437
2197.782649
2280.368745
2256.047850
2423.159519
2197.788106
2280.382119
2256.014361
2423.077448
2197.793574
2280.395519
2255.980810
2422.995224
2197.799051
2280.408943
2255.947196
2422.912847
2197.804539
2280.422392
2255.913520
2422.830317
2197.810037
2280.435867
2255.879782
2422.747634
2197.815546
2280.449366
2255.845980
2422.664797
2197.821064
2280.462890
2255.812116
2422.581806
2197.826593
2280.476440
2255.778189
2422.498661
2197.832132
2280.490015
2255.744199
2422.415362
2197.837682
2280.503614
2255.710146
2422.331908
2197.843241
2280.517240
2255.676030
2422.248299
2197.848811
2280.530890
2255.641851
2422.164536
2197.854392
2280.544566
2255.607608
2422.080617
2197.859982
2280.558267
2255.573302
2421.996543
2197.865583
2280.571993
2255.538933
2421.912314
2197.871195
2280.585745
2255.504500
2421.827928
2197.876816
2280.599522
2255.470003
2421.743387
2197.882449
2280.613325
2255.435442
2421.658690
2197.888091
2280.627153
2255.400818
2421.573836
2197.893744
2280.641006
2255.366130
2421.488825
2197.899407
2280.654886
2255.331378
2421.403658
2197.905081
2280.668791
2255.296561
2421.318333
2197.910766
2280.682721
2255.261681
2421.232851
2197.916460
2280.696677
2255.226736
2421.147212
2197.922166
2280.710659
2255.191727
2421.061415
2197.927881
2280.724667
2255.156653
2420.975460
2197.933608
2280.738700
2255.121515
2420.889346
2197.939345
2280.752760
2255.086312
2420.803074
2197.945092
2280.766845
2255.051044
2420.716644
2197.950850
2280.780956
2255.015712
2420.630055
2197.956618
2280.795093
2254.980315
2420.543306
2197.962398
2280.809256
2254.944852
2420.456398
2197.968187
2280.823445
2254.909325
2420.369331
2197.973988
2280.837660
2254.873732
2420.282104
2197.979799
2280.851901
2254.838074
2420.194716
2197.985621
2280.866169
2254.802351
2420.107169
2197.991453
2280.880462
2254.766562
2420.019461
2197.997296
2280.894782
2254.730707
2419.931592
2198.003150
2280.909128
2254.694787
2419.843562
2198.009014
2280.923500
2254.658801
2419.755371
2198.014890
2280.937899
2254.622749
2419.667019
2198.020776
2280.952323
2254.586631
2419.578505
2198.026672
2280.966775
2254.550447
2419.489829
2198.032580
2280.981252
2254.514197
2419.400990
2198.038498
2280.995757
2254.477881
2419.311989
2198.044428
2281.010287
2254.441498
2419.222826
2198.050368
2281.024845
2254.405049
2419.133500
2198.056319
2281.039429
2254.368533
2419.044010
2198.062280
2281.054039
2254.331950
2418.954357
2198.068253
2281.068676
2254.295301
2418.864541
2198.074237
2281.083340
2254.258585
2418.774561
2198.080231
2281.098031
2254.221802
2418.684416
2198.086236
2281.112748
2254.184952
2418.594107
2198.092253
2281.127493
2254.148034
2418.503633
2198.098280
2281.142264
2254.111050
2418.412995
2198.104318
2281.157062
2254.073998
2418.322191
2198.110368
2281.171887
2254.036878
2418.231222
2198.116428
2281.186739
2253.999691
2418.140087
2198.122499
2281.201618
2253.962436
2418.048787
2198.128582
2281.216525
2253.925113
2417.957320
2198.134675
2281.231458
2253.887723
2417.865687
2198.140780
2281.246419
2253.850264
2417.773887
2198.146896
2281.261406
2253.812737
2417.681920
2198.153022
2281.276421
2253.775142
2417.589785
2198.159160
2281.291464
2253.737479
2417.497484
2198.165310
2281.306533
2253.699747
2417.405014
2198.171470
2281.321630
2253.661947
2417.312377
2198.177641
2281.336755
2253.624078
2417.219571
2198.183824
2281.351907
2253.586140
2417.126597
2198.190018
2281.367086
2253.548133
2417.033454
2198.196223
2281.382293
2253.510058
2416.940142
2198.202440
2281.397528
2253.471913
2416.846660
2198.208667
2281.412790
2253.433699
2416.753009
2198.214906
2281.428080
2253.395416
2416.659188
2198.221157
2281.443398
2253.357063
2416.565197
2198.227418
2281.458743
2253.318641
2416.471035
2198.233691
2281.474117
2253.280149
2416.376703
2198.239976
2281.489518
2253.241587
2416.282199
2198.246272
2281.504947
2253.202955
2416.187525
2198.252579
2281.520404
2253.164254
2416.092678
2198.258897
2281.535889
2253.125482
2415.997660
2198.265227
2281.551402
2253.086640
2415.902470
2198.271569
2281.566944
2253.047728
2415.807107
2198.277922
2281.582513
2253.008745
2415.711572
2198.284287
2281.598111
2252.969691
2415.615863
2198.290663
2281.613737
2252.930567
2415.519982
2198.297050
2281.629391
2252.891372
2415.423927
2198.303449
2281.645073
2252.852106
2415.327698
2198.309860
2281.660784
2252.812770
2415.231294
2198.316283
2281.676523
2252.773361
2415.134717
2198.322717
2281.692291
2252.733882
2415.037964
2198.329162
2281.708087
2252.694331
2414.941037
2198.335619
2281.723912
2252.654709
2414.843934
2198.342088
2281.739766
2252.615015
2414.746656
2198.348569
2281.755648
2252.575249
2414.649202
2198.355061
2281.771559
2252.535411
2414.551571
2198.361566
2281.787499
2252.495501
2414.453764
2198.368081
2281.803467
2252.455520
2414.355780
2198.374609
2281.819464
2252.415465
2414.257619
2198.381149
2281.835491
2252.375339
2414.159281
2198.387700
2281.851546
2252.335140
2414.060765
2198.394263
2281.867630
2252.294868
2413.962071
2198.400838
2281.883744
2252.254523
2413.863198
2198.407425
2281.899886
2252.214106
2413.764147
2198.414024
2281.916058
2252.173615
2413.664917
2198.420634
2281.932258
2252.133052
2413.565507
2198.427257
2281.948489
2252.092415
2413.465918
2198.433891
2281.964748
2252.051705
2413.366149
2198.440538
2281.981037
2252.010921
2413.266200
2198.447197
2281.997355
2251.970063
2413.166070
2198.453867
2282.013703
2251.929132
2413.065759
2198.460550
2282.030080
2251.888126
2412.965267
2198.467245
2282.046487
2251.847047
2412.864594
2198.473952
2282.062923
2251.805893
2412.763739
2198.480670
2282.079390
2251.764665
2412.662701
2198.487402
2282.095886
2251.723363
2412.561481
2198.494145
2282.112411
2251.681986
2412.460078
2198.500900
2282.128967
2251.640534
2412.358492
2198.507668
2282.145552
2251.599008
2412.256723
2198.514448
2282.162168
2251.557406
2412.154769
2198.521240
2282.178813
2251.515729
2412.052632
2198.528044
2282.195489
2251.473977
2411.950310
2198.534861
2282.212194
2251.432149
2411.847803
2198.541690
2282.228930
2251.390246
2411.745111
2198.548531
2282.245696
2251.348268
2411.642233
2198.555385
2282.262493
2251.306213
2411.539170
2198.562251
2282.279319
2251.264082
2411.435920
2198.569129
2282.296176
2251.221875
2411.332484
2198.576020
2282.313064
2251.179592
2411.228860
2198.582924
2282.329982
2251.137233
2411.125050
2198.589840
2282.346931
2251.094797
2411.021052
2198.596768
2282.363910
2251.052284
2410.916866
2198.603709
2282.380920
2251.009695
2410.812491
2198.610662
2282.397961
2250.967028
2410.707928
2198.617628
2282.415032
2250.924284
2410.603176
2198.624607
2282.432135
2250.881464
2410.498235
2198.631598
2282.449268
2250.838565
2410.393103
2198.638602
2282.466432
2250.795589
2410.287782
2198.645618
2282.483627
2250.752535
2410.182270
2198.652647
2282.500854
2250.709404
2410.076567
2198.659689
2282.518111
2250.666194
2409.970673
2198.666744
2282.535400
2250.622906
2409.864588
2198.673811
2282.552720
2250.579540
2409.758310
2198.680891
2282.570072
2250.536096
2409.651840
2198.687984
2282.587455
2250.492572
2409.545178
2198.695090
2282.604869
2250.448970
2409.438322
2198.702209
2282.622315
2250.405290
2409.331273
2198.709340
2282.639792
2250.361529
2409.224030
2198.716485
2282.657301
2250.317690
2409.116593
2198.723642
2282.674842
2250.273771
2409.008961
2198.730813
2282.692415
2250.229773
2408.901134
2198.737996
2282.710019
2250.185695
2408.793112
2198.745193
2282.727655
2250.141537
2408.684894
2198.752402
2282.745323
2250.097299
2408.576480
2198.759625
2282.763024
2250.052981
2408.467869
2198.766860
2282.780756
2250.008582
2408.359061
2198.774109
2282.798521
2249.964103
2408.250056
2198.781371
2282.816317
2249.919544
2408.140853
2198.788646
2282.834146
2249.874903
2408.031452
2198.795934
2282.852008
2249.830181
2407.921853
2198.803236
2282.869902
2249.785378
2407.812054
2198.810550
2282.887828
2249.740494
2407.702056
2198.817878
2282.905787
2249.695529
2407.591859
2198.825220
2282.923778
2249.650481
2407.481461
2198.832574
2282.941802
2249.605352
2407.370863
2198.839943
2282.959859
2249.560141
2407.260063
2198.847324
2282.977949
2249.514847
2407.149062
2198.854719
2282.996071
2249.469471
2407.037859
2198.862127
2283.014227
2249.424013
2406.926454
2198.869549
2283.032416
2249.378472
2406.814847
2198.876984
2283.050637
2249.332848
2406.703036
2198.884433
2283.068892
2249.287141
2406.591021
2198.891895
2283.087180
2249.241351
2406.478803
2198.899371
2283.105502
2249.195477
2406.366380
2198.906861
2283.123856
2249.149520
2406.253752
2198.914364
2283.142245
2249.103479
2406.140919
2198.921881
2283.160666
2249.057354
2406.027881
2198.929412
2283.179122
2249.011145
2405.914636
2198.936956
2283.197610
2248.964851
2405.801184
2198.944514
2283.216133
2248.918473
2405.687526
2198.952086
2283.234690
2248.872011
2405.573660
2198.959672
2283.253280
2248.825463
2405.459586
2198.967271
2283.271904
2248.778831
2405.345304
2198.974885
2283.290563
2248.732113
2405.230812
2198.982512
2283.309255
2248.685310
2405.116112
2198.990153
2283.327982
2248.638421
2405.001202
2198.997809
2283.346743
2248.591447
2404.886081
2199.005478
2283.365538
2248.544386
2404.770750
2199.013161
2283.384367
2248.497240
2404.655207
2199.020859
2283.403231
2248.450007
2404.539453
2199.028570
2283.422130
2248.402687
2404.423487
2199.036296
2283.441063
2248.355281
2404.307308
2199.044036
2283.460031
2248.307788
2404.190917
2199.051790
2283.479034
2248.260208
2404.074311
2199.059558
2283.498072
2248.212540
2403.957492
2199.067340
2283.517144
2248.164785
2403.840458
2199.075137
2283.536252
2248.116942
2403.723210
2199.082948
2283.555394
2248.069011
2403.605745
2199.090774
2283.574572
2248.020992
2403.488065
2199.098614
2283.593785
2247.972885
2403.370168
2199.106468
2283.613034
2247.924689
2403.252055
2199.114336
2283.632318
2247.876405
2403.133724
2199.122220
2283.651637
2247.828031
2403.015175
2199.130117
2283.670992
2247.779569
2402.896407
2199.138030
2283.690382
2247.731017
2402.777421
2199.145956
2283.709809
2247.682375
2402.658215
2199.153898
2283.729271
2247.633644
2402.538789
2199.161854
2283.748769
2247.584823
2402.419143
2199.169825
2283.768303
2247.535911
2402.299275
2199.177810
2283.787873
2247.486909
2402.179187
2199.185811
2283.807480
2247.437817
2402.058876
2199.193826
2283.827122
2247.388634
2401.938342
2199.201856
2283.846801
2247.339360
2401.817585
2199.209900
2283.866517
2247.289994
2401.696605
2199.217960
2283.886269
2247.240537
2401.575401
2199.226035
2283.906057
2247.190988
2401.453972
2199.234124
2283.925882
2247.141348
2401.332317
2199.242229
2283.945744
2247.091615
2401.210437
2199.250349
2283.965643
2247.041790
2401.088330
2199.258483
2283.985579
2246.991872
2400.965997
2199.266633
2284.005552
2246.941862
2400.843436
2199.274798
2284.025561
2246.891758
2400.720647
2199.282978
2284.045609
2246.841561
2400.597630
2199.291174
2284.065693
2246.791271
2400.474383
2199.299384
2284.085815
2246.740887
2400.350907
2199.307610
2284.105974
2246.690409
2400.227200
2199.315852
2284.126171
2246.639837
2400.103263
2199.324108
2284.146406
2246.589171
2399.979094
2199.332380
2284.166679
2246.538409
2399.854693
2199.340668
2284.186989
2246.487553
2399.730060
2199.348971
2284.207337
2246.436602
2399.605193
2199.357289
2284.227724
2246.385555
2399.480093
2199.365624
2284.248148
2246.334413
2399.354759
2199.373973
2284.268611
2246.283175
2399.229189
2199.382339
2284.289112
2246.231841
2399.103384
2199.390720
2284.309652
2246.180410
2398.977343
2199.399117
2284.330230
2246.128883
2398.851066
2199.407529
2284.350846
2246.077259
2398.724550
2199.415958
2284.371502
2246.025538
2398.597797
2199.424402
2284.392196
2245.973720
2398.470806
2199.432862
2284.412930
2245.921804
2398.343575
2199.441338
2284.433702
2245.869790
2398.216105
2199.449830
2284.454514
2245.817678
2398.088394
2199.458338
2284.475364
2245.765468
2397.960442
2199.466862
2284.496254
2245.713159
2397.832248
2199.475403
2284.517184
2245.660751
2397.703812
2199.483959
2284.538153
2245.608244
2397.575133
2199.492532
2284.559162
2245.555638
2397.446210
2199.501120
2284.580211
2245.502932
2397.317044
2199.509725
2284.601299
2245.450126
2397.187632
2199.518347
2284.622427
2245.397219
2397.057975
2199.526985
2284.643596
2245.344213
2396.928071
2199.535639
2284.664805
2245.291106
2396.797921
2199.544309
2284.686054
2245.237897
2396.667523
2199.552996
2284.707343
2245.184588
2396.536877
2199.561700
2284.728673
2245.131176
2396.405982
2199.570420
2284.750044
2245.077663
2396.274837
2199.579157
2284.771455
2245.024048
2396.143442
2199.587910
2284.792907
2244.970331
2396.011796
2199.596681
2284.814401
2244.916511
2395.879899
2199.605468
2284.835935
2244.862587
2395.747749
2199.614271
2284.857510
2244.808561
2395.615346
2199.623092
2284.879127
2244.754431
2395.482690
2199.631930
2284.900785
2244.700197
2395.349779
2199.640784
2284.922485
2244.645859
2395.216613
2199.649656
2284.944226
2244.591417
2395.083191
2199.658544
2284.966010
2244.536870
2394.949512
2199.667450
2284.987835
2244.482218
2394.815576
2199.676373
2285.009702
2244.427461
2394.681382
2199.685313
2285.031611
2244.372598
2394.546930
2199.694270
2285.053562
2244.317629
2394.412217
2199.703244
2285.075556
2244.262554
2394.277245
2199.712236
2285.097593
2244.207372
2394.142011
2199.721245
2285.119672
2244.152084
2394.006516
2199.730272
2285.141793
2244.096689
2393.870758
2199.739316
2285.163958
2244.041186
2393.734737
2199.748378
2285.186165
2243.985575
2393.598452
2199.757457
2285.208416
2243.929856
2393.461902
2199.766554
2285.230710
2243.874029
2393.325086
2199.775669
2285.253047
2243.818094
2393.188004
2199.784801
2285.275428
2243.762049
2393.050655
2199.793951
2285.297852
2243.705895
2392.913038
2199.803119
2285.320320
2243.649631
2392.775151
2199.812305
2285.342832
2243.593257
2392.636996
2199.821509
2285.365388
2243.536773
2392.498570
2199.830731
2285.387989
2243.480178
2392.359873
2199.839971
2285.410633
2243.423472
2392.220903
2199.849229
2285.433322
2243.366655
2392.081661
2199.858505
2285.456055
2243.309726
2391.942146
2199.867800
2285.478833
2243.252685
2391.802355
2199.877113
2285.501656
2243.195532
2391.662290
2199.886444
2285.524524
2243.138266
2391.521948
2199.895793
2285.547437
2243.080887
2391.381329
2199.905161
2285.570395
2243.023395
2391.240433
2199.914548
2285.593399
2242.965789
2391.099257
2199.923953
2285.616448
2242.908069
2390.957802
2199.933377
2285.639543
2242.850234
2390.816066
2199.942819
2285.662683
2242.792284
2390.674049
2199.952280
2285.685870
2242.734220
2390.531750
2199.961760
2285.709102
2242.676040
2390.389167
2199.971259
2285.732381
