2461.999473
2403.000969
2231.000192
2456.999781
2810.999649
2988.999383
2917.998844
2155.001132
2949.996861
2780.002453
2952.998587
2327.999872
2533.999898
2284.000375
2884.999520
2621.999238
2837.996533
2225.014976
2425.000048
2830.999298
2907.998782
2294.000249
2356.000574
2525.000060
2053.001051
2335.999265
2581.996337
2606.000088
2495.001008
2907.999193
2144.000072
2860.999572
2637.995845
2747.994674
2175.000258
2632.999932
2963.998900
2822.998592
2539.018537
2600.980848
2416.000522
2509.000100
2343.000033
2217.000891
2080.003235
2270.000806
2158.000894
2205.001346
2390.996662
2699.995624
2403.999022
2196.000391
2746.000782
2186.001221
2724.999848
2361.000558
2676.998729
2678.000441
2207.000095
2569.000561
2217.000574
2984.999375
2871.999571
2680.999308
2404.999663
2113.001218
2274.000463
2271.004738
2100.981990
2661.978100
2188.999793
2066.000626
2787.000715
2165.002620
2835.996362
2241.997069
2167.001184
2271.000471
2673.000088
2478.999426
2131.994162
2048.002180
2099.997000
2271.999949
2285.999765
2029.001047
2095.005469
2655.005623
2107.999843
2756.999696
2821.999303
2297.997502
2435.001268
2436.998921
2235.002405
2274.000542
2747.998805
2440.999461
2939.000518
2466.000381
2051.000266
2950.000258
2148.994248
2050.000586
2280.001194
2688.999502
2524.000267
2783.999329
2039.000557
2891.999771
2567.999814
2066.000792
2515.999979
2502.000719
2628.010784
2737.010994
2335.000406
2836.999102
2664.998830
2775.998792
2825.999395
2179.002909
2386.998114
2681.001636
2571.999965
2960.994299
2786.999114
2837.999409
2658.000339
2229.000344
2285.000810
2797.999499
2563.000174
2665.998231
2278.999723
2293.994330
2267.999004
2980.999439
2051.000374
2997.999278
2651.000315
2176.001499
2554.002941
2915.001665
2155.000669
2487.999961
2797.004405
2274.999839
2574.997261
2932.996795
2892.999473
2571.000106
2981.997692
2485.999151
2220.999858
2116.999838
2900.999547
2385.999766
2066.000736
2788.999386
2710.997038
2791.999730
2184.000725
2345.998812
2688.999396
2852.998096
2155.999964
2002.002403
2461.001099
2577.000167
2995.997036
2822.999378
2679.999473
2804.997436
2031.001292
2378.998972
2028.001972
2280.000409
2358.000984
2698.998705
2687.000719
2410.000375
2544.972856
2594.034861
2317.997311
2283.999492
2931.002033
2791.999146
2819.007424
2253.995837
2992.998712
2250.000606
2738.000860
2282.000350
2322.000630
2665.001130
2023.001183
2692.999860
2110.004374
2052.000031
2461.998418
2403.002908
2231.000577
2456.999343
2810.998948
2988.998150
2917.996531
2155.003396
2949.990580
2780.007360
2952.995760
2327.999615
2533.999694
2284.001124
2884.998560
2621.997713
2837.989593
2225.044959
2425.000143
2830.997895
2907.996345
2294.000746
2356.001722
2525.000181
2053.003154
2335.997795
2581.989010
2606.000264
2495.003023
2907.997580
2144.000215
2860.998717
2637.987521
2747.984004
2175.000774
2632.999795
2963.996700
2822.995777
2539.055877
2600.942239
2416.001566
2509.000300
2343.000098
2217.002672
2080.009707
2270.002418
2158.002683
2205.004038
2390.989985
2699.986869
2403.997065
2196.001173
2746.002346
2186.003664
2724.999543
2361.001674
2676.996187
2678.001322
2207.000285
2569.001682
2217.001721
2984.998124
2871.998713
2680.997924
2404.998988
2113.003654
2274.001391
2271.014216
2100.945822
2661.934127
2188.999379
2066.001879
2787.002144
2165.007861
2835.989087
2241.991196
2167.003552
2271.001412
2673.000263
2478.998279
2131.982477
2048.006540
2099.990998
2271.999846
2285.999295
2029.003140
2095.016445
2655.016913
2107.999528
2756.999089
2821.997909
2297.992506
2435.003803
2436.996764
2235.007217
2274.001625
2747.996415
2440.998384
2939.001556
2466.001144
2051.000799
2950.000774
2148.982742
2050.001759
2280.003583
2688.998505
2524.000800
2783.997987
2039.001670
2891.999312
2567.999443
2066.002376
2515.999938
2502.002158
2628.032383
2737.033016
2335.001218
2836.997305
2664.996489
2775.996378
2825.998184
2179.008726
2386.994343
2681.004910
2571.999893
2960.982897
2786.997343
2837.998228
2658.001018
2229.001033
2285.002430
2797.998496
2563.000523
2665.994694
2278.999167
2293.982988
2267.997011
2980.998317
2051.001123
2997.997834
2651.000944
2176.004498
2554.008824
2915.004996
2155.002006
2487.999883
2797.013215
2274.999517
2574.991782
2932.990383
2892.998418
2571.000319
2981.993075
2485.997452
2220.999574
2116.999515
2900.998640
2385.999299
2066.002207
2788.998157
2710.991115
2791.999191
2184.002176
2345.996437
2688.998187
2852.994288
2155.999891
2002.007210
2461.003297
2577.000502
2995.991106
2822.998133
2679.998420
2804.992309
2031.003875
2378.996916
2028.005915
2280.001227
2358.002952
2698.996115
2687.002156
2410.001125
2544.918115
2594.105105
2317.991931
2283.998477
2931.006101
2791.997438
2819.022278
2253.987503
2992.996136
2250.001817
2738.002581
2282.001051
2322.001890
2665.003389
2023.003549
2692.999580
2110.013126
2052.000092
2461.996836
2403.005816
2231.001154
2456.998685
2810.997896
2988.996300
2917.993063
2155.006792
2949.981156
2780.014724
2952.991521
2327.999231
2533.999387
2284.002248
2884.997120
2621.995425
2837.979167
2225.090009
2425.000287
2830.995791
2907.992691
2294.001493
2356.003444
2525.000363
2053.006309
2335.995590
2581.978016
2606.000530
2495.006047
2907.995160
2144.000431
2860.997434
2637.974995
2747.967957
2175.001547
2632.999590
2963.993400
2822.991553
2539.112571
2600.883538
2416.003133
2509.000600
2343.000195
2217.005345
2080.019419
2270.004837
2158.005367
2205.008076
2390.979967
2699.973730
2403.994129
2196.002347
2746.004693
2186.007328
2724.999087
2361.003348
2676.992374
2678.002645
2207.000569
2569.003363
2217.003443
2984.996249
2871.997427
2680.995848
2404.997976
2113.007307
2274.002785
2271.028443
2100.891191
2661.867730
2188.998758
2066.003759
2787.004288
2165.015723
2835.978173
2241.982360
2167.007104
2271.002824
2673.000527
2478.996558
2131.964932
2048.013083
2099.981987
2271.999691
2285.998589
2029.006280
2095.033003
2655.033959
2107.999056
2756.998178
2821.995817
2297.985010
2435.007606
2436.993528
2235.014436
2274.003250
2747.992831
2440.996768
2939.003112
2466.002288
2051.001598
2950.001549
2148.965478
2050.003519
2280.007166
2688.997010
2524.001601
2783.995974
2039.003340
2891.998624
2567.998885
2066.004752
2515.999877
2502.004315
2628.064861
2737.066136
2335.002435
2836.994609
2664.992980
2775.992756
2825.996367
2179.017452
2386.988684
2681.009822
2571.999785
2960.965791
2786.994687
2837.996456
2658.002035
2229.002065
2285.004860
2797.996992
2563.001047
2665.989387
2278.998330
2293.965964
2267.994021
2980.996634
2051.002247
2997.995669
2651.001887
2176.008996
2554.017654
2915.009997
2155.004012
2487.999765
2797.026431
2274.999036
2574.983560
2932.980762
2892.996836
2571.000637
2981.986149
2485.994904
2220.999147
2116.999029
2900.997281
2385.998598
2066.004413
2788.996314
2710.982229
2791.998382
2184.004351
2345.992873
2688.996374
2852.988576
2155.999781
2002.014420
2461.006594
2577.001004
2995.982212
2822.996266
2679.996840
2804.984617
2031.007751
2378.993832
2028.011829
2280.002454
2358.005905
2698.992230
2687.004311
2410.002250
2544.834832
2594.211822
2317.983860
2283.996954
2931.012205
2791.994875
2819.044577
2253.974980
2992.992273
2250.003634
2738.005163
2282.002103
2322.003780
2665.006779
2023.007097
2692.999161
2110.026262
2052.000182
2461.994727
2403.009693
2231.001924
2456.997809
2810.996494
2988.993833
2917.988438
2155.011320
2949.968584
2780.024548
2952.985868
2327.998718
2533.998978
2284.003746
2884.995201
2621.992375
2837.965238
2225.150219
2425.000478
2830.992985
2907.987817
2294.002488
2356.005740
2525.000605
2053.010514
2335.992651
2581.963350
2606.000886
2495.010078
2907.991933
2144.000718
2860.995723
2637.958224
2747.946482
2175.002578
2632.999317
2963.989000
2822.985921
2539.189514
2600.803718
2416.005221
2509.001000
2343.000325
2217.008908
2080.032375
2270.008062
2158.008944
2205.013461
2390.966603
2699.956202
2403.990216
2196.003911
2746.007821
2186.012213
2724.998478
2361.005580
2676.987290
2678.004408
2207.000949
2569.005606
2217.005738
2984.993748
2871.995712
2680.993080
2404.996626
2113.012179
2274.004649
2271.047428
2100.817628
2661.778360
2188.997930
2066.006265
2787.007147
2165.026205
2835.963622
2241.970531
2167.011840
2271.004708
2673.000878
2478.994264
2131.941505
2048.021813
2099.969959
2271.999483
2285.997649
2029.010466
2095.055265
2655.056899
2107.998426
2756.996964
2821.993029
2297.975015
2435.012677
2436.989212
2235.024063
2274.005418
2747.988051
2440.994613
2939.005187
2466.003813
2051.002663
2950.002582
2148.942451
2050.005868
2280.011944
2688.995016
2524.002668
2783.993290
2039.005566
2891.997707
2567.998142
2066.007920
2515.999795
2502.007192
2628.108314
2737.110463
2335.004059
2836.991016
2664.988301
2775.987928
2825.993944
2179.029086
2386.981137
2681.016375
2571.999640
2960.942978
2786.991145
2837.994093
2658.003392
2229.003442
2285.008100
2797.994987
2563.001745
2665.982309
2278.997210
2293.943248
2267.990035
2980.994390
2051.003744
2997.992782
2651.003145
2176.014994
2554.029434
2915.016671
2155.006687
2487.999608
2797.044054
2274.998398
2574.972590
2932.967928
2892.994727
2571.001062
2981.976913
2485.991506
2220.998579
2116.998382
2900.995468
2385.997663
2066.007356
2788.993856
2710.970379
2791.997303
2184.007252
2345.988122
2688.993956
2852.980959
2155.999635
2002.024033
2461.010990
2577.001674
2995.970351
2822.993775
2679.994735
2804.974361
2031.012918
2378.989719
2028.019716
2280.004091
2358.009844
2698.987049
2687.007186
2410.003751
2544.721483
2594.356770
2317.973097
2283.994924
2931.020349
2791.991455
2819.074340
2253.958240
2992.987121
2250.006057
2738.008605
2282.003504
2322.006301
2665.011298
2023.011829
2692.998601
2110.043791
2052.000300
2461.992089
2403.014541
2231.002886
2456.996713
2810.994740
2988.990749
2917.982657
2155.016981
2949.952857
2780.036836
2952.978801
2327.998076
2533.998468
2284.005619
2884.992801
2621.988562
2837.947780
2225.225714
2425.000717
2830.989477
2907.981726
2294.003732
2356.008610
2525.000907
2053.015772
2335.988975
2581.945008
2606.001337
2495.015116
2907.987900
2144.001077
2860.993584
2637.937142
2747.919509
2175.003867
2632.998976
2963.983499
2822.978879
2539.288029
2600.701257
2416.007832
2509.001499
2343.000488
2217.013362
2080.048582
2270.012094
2158.013416
2205.020191
2390.949889
2699.934274
2403.985323
2196.005867
2746.011733
2186.018321
2724.997717
2361.008370
2676.980935
2678.006614
2207.001423
2569.008409
2217.008608
2984.990622
2871.993567
2680.989620
2404.994939
2113.018268
2274.006988
2271.071185
2100.724468
2661.665247
2188.996894
2066.009398
2787.010721
2165.039310
2835.945432
2241.955665
2167.017760
2271.007062
2673.001317
2478.991395
2131.912165
2048.032733
2099.954902
2271.999222
2285.996473
2029.015699
2095.083397
2655.085928
2107.997639
2756.995446
2821.989544
2297.962518
2435.019018
2436.983816
2235.036101
2274.008128
2747.982076
2440.991920
2939.007783
2466.005721
2051.003995
2950.003874
2148.913654
2050.008806
2280.017917
2688.992524
2524.004002
2783.989935
2039.008349
2891.996561
2567.997213
2066.011881
2515.999692
2502.010788
2628.162874
2737.166139
2335.006088
2836.986523
2664.982456
2775.981894
2825.990913
2179.043627
2386.971699
2681.024571
2571.999455
2960.914452
2786.986717
2837.991140
2658.005088
2229.005163
2285.012150
2797.992480
2563.002617
2665.973461
2278.995802
2293.914824
2267.985051
2980.991586
2051.005617
2997.989172
2651.004718
2176.022492
2554.044172
2915.025025
2155.010030
2487.999413
2797.066087
2274.997606
2574.958866
2932.951877
2892.992090
2571.001593
2981.965367
2485.987258
2220.997868
2116.997572
2900.993202
2385.996494
2066.011034
2788.990784
2710.955565
2791.995955
2184.010878
2345.982182
2688.990935
2852.971439
2155.999452
2002.036050
2461.016485
2577.002510
2995.955523
2822.990662
2679.992103
2804.961540
2031.019377
2378.984578
2028.029574
2280.006136
2358.014770
2698.980571
2687.010779
2410.005626
2544.575804
2594.542559
2317.959638
2283.992385
2931.030538
2791.987175
2819.111594
2253.937248
2992.980682
2250.009086
2738.012907
2282.005256
2322.009452
2665.016947
2023.017743
2692.997902
2110.065725
2052.000444
2461.988923
2403.020360
2231.004040
2456.995399
2810.992637
2988.987049
2917.975720
2155.023773
2949.933969
2780.051593
2952.970321
2327.997307
2533.997855
2284.007867
2884.989921
2621.983986
2837.926761
2225.316652
2425.001004
2830.985268
2907.974416
2294.005224
2356.012054
2525.001270
2053.022081
2335.984565
2581.922983
2606.001883
2495.021163
2907.983061
2144.001508
2860.991018
2637.911670
2747.886948
2175.005414
2632.998566
2963.976897
2822.970427
2539.410029
2600.573952
2416.010965
2509.002099
2343.000682
2217.018707
2080.068048
2270.016934
2158.018783
2205.028268
2390.929819
2699.907934
2403.979452
2196.008214
2746.016427
2186.025650
2724.996803
2361.011719
2676.973309
2678.009261
2207.001993
2569.011773
2217.012052
2984.986871
2871.990994
2680.985468
2404.992915
2113.025576
2274.009807
2271.099731
2100.610823
2661.527360
2188.995653
2066.013158
2787.015010
2165.055036
2835.923605
2241.937709
2167.024864
2271.009886
2673.001845
2478.987953
2131.876874
2048.045850
2099.936800
2271.998907
2285.995062
2029.021979
2095.117624
2655.121308
2107.996694
2756.993625
2821.985362
2297.947519
2435.026628
2436.977338
2235.050552
2274.011383
2747.974906
2440.988688
2939.010900
2466.008011
2051.005593
2950.005425
2148.879078
2050.012335
2280.025085
2688.989534
2524.005604
2783.985909
2039.011689
2891.995185
2567.996098
2066.016633
2515.999568
2502.015104
2628.228708
2737.233353
2335.008523
2836.981133
2664.975444
2775.974655
2825.987274
2179.061077
2386.960368
2681.034415
2571.999228
2960.880209
2786.981403
2837.987596
2658.007124
2229.007228
2285.017011
2797.989473
2563.003665
2665.962840
2278.994101
2293.880672
2267.979070
2980.988220
2051.007863
2997.984841
2651.006606
2176.031489
2554.061876
2915.035065
2155.014043
2487.999178
2797.092532
2274.996662
2574.942382
2932.932600
2892.988926
2571.002231
2981.951510
2485.982159
2220.997014
2116.996601
2900.990483
2385.995092
2066.015447
2788.987097
2710.937785
2791.994337
2184.015230
2345.975054
2688.987308
2852.960014
2155.999231
2002.050471
2461.023080
2577.003513
2995.937726
2822.986925
2679.988946
2804.946153
2031.027128
2378.978409
2028.041404
2280.008592
2358.020685
2698.972796
2687.015091
2410.007877
2544.394523
2594.772962
2317.943480
2283.989337
2931.042776
2791.982034
2819.156373
2253.911958
2992.972954
2250.012720
2738.018070
2282.007357
2322.013234
2665.023727
2023.024841
2692.997062
2110.092080
2052.000612
2461.985228
2403.027150
2231.005387
2456.993865
2810.990182
2988.982732
2917.967626
2155.031698
2949.911910
2780.068827
2952.960428
2327.996408
2533.997140
2284.010489
2884.986562
2621.978648
2837.902142
2225.423228
2425.001338
2830.980357
2907.965887
2294.006964
2356.016072
2525.001693
2053.029442
2335.979419
2581.897267
2606.002529
2495.028217
2907.977416
2144.002011
2860.988024
2637.881708
2747.848690
2175.007218
2632.998088
2963.969193
2822.960565
2539.558296
2600.418604
2416.014620
2509.002799
2343.000909
2217.024943
2080.090783
2270.022582
2158.025045
2205.037692
2390.906383
2699.877170
2403.972602
2196.010952
2746.021905
2186.034202
2724.995738
2361.015626
2676.964411
2678.012350
2207.002657
2569.015698
2217.016070
2984.982494
2871.987992
2680.980623
2404.990553
2113.034102
2274.013112
2271.133088
2100.475529
2661.363348
2188.994204
2066.017545
2787.020014
2165.073386
2835.898140
2241.916595
2167.033152
2271.013183
2673.002460
2478.983936
2131.835589
2048.061170
2099.915636
2271.998536
2285.993416
2029.029306
2095.158242
2655.163381
2107.995591
2756.991501
2821.980484
2297.930015
2435.035508
2436.969778
2235.067420
2274.015183
2747.966539
2440.984916
2939.014539
2466.010684
2051.007458
2950.007236
2148.838712
2050.016457
2280.033448
2688.986045
2524.007472
2783.981212
2039.015585
2891.993581
2567.994798
2066.022177
2515.999423
2502.020139
2628.306026
2737.312334
2335.011364
2836.974843
2664.967268
2775.966213
2825.983026
2179.081434
2386.947142
2681.045910
2571.998959
2960.840241
2786.975205
2837.983461
2658.009499
2229.009637
2285.022681
2797.985964
2563.004887
2665.950446
2278.992100
2293.840770
2267.972091
2980.984294
2051.010484
2997.979788
2651.008808
2176.041987
2554.082556
2915.046799
2155.018723
2487.998904
2797.123390
2274.995572
2574.923127
2932.910092
2892.985235
2571.002975
2981.935340
2485.976209
2220.996019
2116.995467
2900.987310
2385.993455
2066.020597
2788.982795
2710.917037
2791.992449
2184.020307
2345.966738
2688.983078
2852.946685
2155.998972
2002.067297
2461.030774
2577.004683
2995.916958
2822.982564
2679.985264
2804.928199
2031.036172
2378.971212
2028.055205
2280.011456
2358.027590
2698.963723
2687.020123
2410.010503
2544.172883
2595.053465
2317.924620
2283.985781
2931.057071
2791.976028
2819.208719
2253.882314
2992.963938
2250.016961
2738.024094
2282.009809
2322.017647
2665.031637
2023.033122
2692.996083
2110.122876
2052.000800
2461.981004
2403.034913
2231.006926
2456.992112
2810.987377
2988.977798
2917.958377
2155.040755
2949.886669
2780.088545
2952.949121
2327.995382
2533.996323
2284.013486
2884.982722
2621.972546
2837.873876
2225.545674
2425.001720
2830.974745
2907.956138
2294.008953
2356.020663
2525.002177
2053.037855
2335.973537
2581.867850
2606.003277
2495.036278
2907.970964
2144.002585
2860.984603
2637.847134
2747.804599
2175.009280
2632.997541
2963.960387
2822.949291
2539.736994
2600.230420
2416.018797
2509.003600
2343.001168
2217.032069
2080.116798
2270.029040
2158.032201
2205.048463
2390.879575
2699.841963
2403.964773
2196.014081
2746.028167
2186.043976
2724.994519
2361.020092
2676.954242
2678.015881
2207.003415
2569.020184
2217.020663
2984.977493
2871.984561
2680.975087
2404.987853
2113.043846
2274.016913
2271.171281
2100.317073
2661.171452
2188.992549
2066.022560
2787.025733
2165.094359
2835.869039
2241.892243
2167.042625
2271.016950
2673.003165
2478.979345
2131.788253
2048.078702
2099.891388
2271.998108
2285.991535
2029.037679
2095.205632
2655.212590
2107.994330
2756.989073
2821.974910
2297.910005
2435.045660
2436.961135
2235.086708
2274.019528
2747.956977
2440.980606
2939.018701
2466.013741
2051.009590
2950.009308
2148.792544
2050.021175
2280.043008
2688.982058
2524.009607
2783.975845
2039.020038
2891.991747
2567.993311
2066.028514
2515.999258
2502.025894
2628.395079
2737.403360
2335.014611
2836.967655
2664.957930
2775.956569
2825.978166
2179.104698
2386.932016
2681.059062
2571.998643
2960.794541
2786.968120
2837.978736
2658.012213
2229.012390
2285.029162
2797.981953
2563.006285
2665.936276
2278.989791
2293.795090
2267.964113
2980.979807
2051.013480
2997.974013
2651.011326
2176.053985
2554.106223
2915.060239
2155.024073
2487.998590
2797.158666
2274.994339
2574.901092
2932.884343
2892.981016
2571.003826
2981.916856
2485.969407
2220.994880
2116.994171
2900.983685
2385.991584
2066.026482
2788.977878
2710.893320
2791.990292
2184.026110
2345.957232
2688.978243
2852.931451
2155.998675
2002.086527
2461.039569
2577.006020
2995.893218
2822.977578
2679.981058
2804.907678
2031.046507
2378.962985
2028.070979
2280.014731
2358.035488
2698.953351
2687.025874
2410.013505
2543.903754
2595.392286
2317.903053
2283.981716
2931.073430
2791.969152
2819.268679
2253.848252
2992.953635
2250.021807
2738.030979
2282.012609
2322.022692
2665.040678
2023.042586
2692.994964
2110.158133
2052.001004
2461.976249
2403.043649
2231.008658
2456.990139
2810.984221
2988.972248
2917.947972
2155.050944
2949.858235
2780.110757
2952.936400
2327.994226
2533.995403
2284.016857
2884.978403
2621.965681
2837.841907
2225.684263
2425.002150
2830.968431
2907.945171
2294.011189
2356.025829
2525.002721
2053.047320
2335.966919
2581.834722
2606.004133
2495.045346
2907.963707
2144.003231
2860.980753
2637.807803
2747.754516
2175.011599
2632.996926
2963.950478
2822.936604
2539.952733
2600.001792
2416.023496
2509.004500
2343.001458
2217.040086
2080.146106
2270.036308
2158.040251
2205.060580
2390.849383
2699.802296
2403.955965
2196.017602
2746.035213
2186.054973
2724.993148
2361.025118
2676.942801
2678.019857
2207.004269
2569.025231
2217.025831
2984.971865
2871.980701
2680.968859
2404.984816
2113.054809
2274.021218
2271.214337
2100.133483
2660.949382
2188.990687
2066.028202
2787.032169
2165.117957
2835.836304
2241.864559
2167.053282
2271.021188
2673.003957
2478.974180
2131.734807
2048.098455
2099.864031
2271.997622
2285.989418
2029.047099
2095.260294
2655.269517
2107.992911
2756.986342
2821.968640
2297.887485
2435.057083
2436.951406
2235.108421
2274.024421
2747.946219
2440.975756
2939.023388
2466.017182
2051.011988
2950.011640
2148.740559
2050.026491
2280.053763
2688.977572
2524.012010
2783.969806
2039.025048
2891.989683
2567.991639
2066.035642
2515.999071
2502.032368
2628.496168
2737.506767
2335.018264
2836.959569
2664.947433
2775.945724
2825.972694
2179.130867
2386.914987
2681.073876
2571.998277
2960.743098
2786.960150
2837.973419
2658.015267
2229.015486
2285.036454
2797.977442
2563.007858
2665.920328
2278.987167
2293.743599
2267.955136
2980.974759
2051.016850
2997.967516
2651.014158
2176.067484
2554.132893
2915.075395
2155.030091
2487.998238
2797.198363
2274.992969
2574.876264
2932.855342
2892.976270
2571.004784
2981.896057
2485.961753
2220.993599
2116.992713
2900.979606
2385.989479
2066.033104
2788.972347
2710.866630
2791.987866
2184.032639
2345.946538
2688.972803
2852.914312
2155.998339
2002.108162
2461.049463
2577.007523
2995.866503
2822.971967
2679.976329
2804.884589
2031.058135
2378.953730
2028.088725
2280.018416
2358.044381
2698.941679
2687.032344
2410.016882
2543.575816
2595.802466
2317.878775
2283.977142
2931.091864
2791.961403
2819.336309
2253.809696
2992.942042
2250.027259
2738.038724
2282.015759
2322.028368
2665.050850
2023.053234
2692.993705
2110.197880
2052.001222
2461.970964
2403.053358
2231.010582
2456.987948
2810.980715
2988.966081
2917.936411
2155.062266
2949.826594
2780.135472
2952.922266
2327.992943
2533.994382
2284.020604
2884.973604
2621.958053
2837.806170
2225.839315
2425.002627
2830.961415
2907.932984
2294.013674
2356.031569
2525.003325
2053.057837
2335.959565
2581.797872
2606.005101
2495.055422
2907.955645
2144.003949
2860.976476
2637.763546
2747.698251
2175.014176
2632.996242
2963.939465
2822.922502
2540.217085
2599.719411
2416.028718
2509.005500
2343.001780
2217.048994
2080.178722
2270.044387
2158.049197
2205.074045
2390.815796
2699.758146
2403.946178
2196.021514
2746.043044
2186.067193
2724.991624
2361.030702
2676.930089
2678.024275
2207.005217
2569.030839
2217.031574
2984.965613
2871.976412
2680.961938
2404.981440
2113.066990
2274.026039
2271.262291
2099.922153
2660.694113
2188.988620
2066.034473
2787.039320
2165.144182
2835.799937
2241.833431
2167.065124
2271.025898
2673.004839
2478.968439
2131.675178
2048.120440
2099.833539
2271.997076
2285.987066
2029.057567
2095.322887
2655.334927
2107.991334
2756.983309
2821.961674
2297.862453
2435.069781
2436.940592
2235.132563
2274.029862
2747.934264
2440.970367
2939.028601
2466.021009
2051.014653
2950.014233
2148.682741
2050.032408
2280.065715
2688.972587
2524.014680
2783.963096
2039.030614
2891.987391
2567.989781
2066.043563
2515.998863
2502.039563
2628.609651
2737.622947
2335.022322
2836.950583
2664.935778
2775.933680
2825.966607
2179.159943
2386.896051
2681.090359
2571.997859
2960.685904
2786.951295
2837.967513
2658.018660
2229.018926
2285.044555
2797.972429
2563.009606
2665.902601
2278.984216
2293.686261
2267.945160
2980.969151
2051.020594
2997.960296
2651.017306
2176.082484
2554.162580
2915.092281
2155.036778
2487.997846
2797.242486
2274.991469
2574.848629
2932.823078
2892.970996
2571.005850
2981.872940
2485.953244
2220.992175
2116.991092
2900.975075
2385.987139
2066.040461
2788.966200
2710.836966
2791.985170
2184.039893
2345.934653
2688.966758
2852.895269
2155.997964
2002.132202
2461.060459
2577.009192
2995.836811
2822.965730
2679.971077
2804.858930
2031.071055
2378.943446
2028.108443
2280.022511
2358.054271
2698.928704
2687.039534
2410.020634
2543.169240
2596.306827
2317.851780
2283.972057
2931.112381
2791.952776
2819.411673
2253.766558
2992.929161
2250.033317
2738.047330
2282.019259
2322.034677
2665.062153
2023.065065
2692.992306
2110.242144
2052.001447
