2872.999933
2840.999104
2455.000432
2894.998786
2627.001479
2257.996896
2441.999846
2362.999525
2700.999037
2276.998815
2145.999889
2084.999890
2225.000337
2568.000096
2353.999527
2266.000561
2601.000796
2217.000943
2008.000757
2493.000077
2965.999253
2718.000259
2148.000176
2526.000498
2842.999234
2153.000730
2754.991321
2594.987747
2344.999415
2648.999321
2666.999741
2794.998994
2583.000532
2020.001555
2062.998561
2725.999251
2590.001703
2679.001024
2652.997964
2040.004595
2700.999030
2006.001416
2943.000760
2507.002166
2080.000497
2349.999165
2827.000065
2456.998225
2584.999527
2154.000790
2972.999236
2821.998937
2797.000398
2405.000276
2541.999850
2820.001183
2553.000231
2409.999497
2133.001473
2063.002799
2558.000823
2116.002170
2053.998325
2059.997979
2075.000475
2492.000425
2602.000201
2319.998691
2723.996684
2257.001837
2846.999233
2230.000485
2765.000717
2380.000817
2055.002908
2274.000686
2072.000372
2828.000241
2473.001319
2312.997071
2561.000683
2224.002313
2655.999234
2277.997388
2610.000659
2704.998118
2914.998792
2307.000755
2381.000664
2382.999392
2648.998208
2230.001049
2091.999139
2994.994960
2291.000369
2051.000729
2663.001966
2475.001783
2092.000649
2948.002203
2289.000056
2861.999829
2953.989248
2517.991385
2678.998881
2129.000837
2895.997889
2396.000706
2785.998695
2776.998471
2933.000300
2778.000130
2661.983903
2222.010164
2771.999415
2865.999003
2508.000336
2528.999783
2072.004541
2972.997632
2301.000884
2614.000529
2107.001046
2567.999397
2542.001209
2246.999518
2682.998917
2495.998802
2484.000869
2281.999968
2668.001645
2567.000093
2081.999659
2229.001268
2843.999600
2353.001729
2656.999550
2860.998598
2298.001077
2284.999614
2238.999759
2938.999387
2042.002391
2046.002752
2715.004108
2587.999714
2869.999251
2623.999324
2420.001144
2108.000879
2451.999455
2776.000140
2262.000796
2210.000823
2646.002278
2054.994840
2896.998909
2064.000604
2028.001891
2714.000368
2132.997316
2952.999746
2205.000625
2346.999771
2844.999121
2415.001113
2083.998101
2284.999039
2819.999401
2057.000760
2540.999916
2860.997457
2478.000992
2123.000829
2995.998464
2770.000547
2219.000648
2666.999485
2655.999698
2695.000148
2026.996351
2181.006746
2687.999427
2737.998817
2748.007810
2583.017724
2396.000258
2019.001057
2020.010698
2190.986384
2751.998917
2732.999355
2963.998671
2562.998657
2034.001662
2911.000670
2511.999991
2130.000315
2406.001877
2786.999351
2872.999800
2840.997312
2455.001295
2894.996359
2627.004438
2257.990687
2441.999538
2362.998574
2700.997110
2276.996443
2145.999667
2084.999670
2225.001012
2568.000289
2353.998580
2266.001683
2601.002388
2217.002830
2008.002270
2493.000232
2965.997760
2718.000776
2148.000527
2526.001495
2842.997701
2153.002189
2754.973926
2594.963184
2344.998245
2648.997962
2666.999222
2794.996982
2583.001596
2020.004665
2062.995682
2725.997752
2590.005111
2679.003071
2652.993889
2040.013792
2700.997092
2006.004248
2943.002285
2507.006505
2080.001492
2349.997495
2827.000194
2456.994676
2584.998581
2154.002370
2972.997707
2821.996810
2797.001195
2405.000827
2541.999551
2820.003549
2553.000694
2409.998492
2133.004420
2063.008398
2558.002470
2116.006509
2053.994974
2059.993934
2075.001424
2492.001274
2602.000604
2319.996072
2723.990050
2257.005512
2846.997700
2230.001454
2765.002151
2380.002450
2055.008724
2274.002057
2072.001117
2828.000724
2473.003957
2312.991212
2561.002047
2224.006940
2655.997701
2277.992162
2610.001978
2704.994352
2914.996376
2307.002264
2381.001991
2382.998176
2648.994625
2230.003148
2091.997417
2994.984878
2291.001108
2051.002187
2663.005900
2475.005349
2092.001946
2948.006610
2289.000168
2861.999487
2953.967723
2517.974132
2678.996643
2129.002512
2895.993666
2396.002118
2785.996085
2776.995414
2933.000899
2778.000389
2661.951679
2222.030508
2771.998244
2865.997010
2508.001007
2528.999349
2072.013624
2972.992896
2301.002652
2614.001587
2107.003137
2567.998191
2542.003627
2246.998553
2682.996751
2495.996404
2484.002607
2281.999903
2668.004934
2567.000279
2081.998976
2229.003806
2843.998799
2353.005187
2656.998650
2860.995795
2298.003232
2284.998841
2238.999278
2938.998161
2042.007173
2046.008259
2715.012327
2587.999143
2869.997753
2623.997973
2420.003433
2108.002636
2451.998365
2776.000419
2262.002387
2210.002469
2646.006836
2054.984514
2896.996728
2064.001813
2028.005674
2714.001105
2132.991948
2952.999239
2205.001875
2346.999313
2844.997363
2415.003340
2083.994303
2284.997115
2819.998204
2057.002281
2540.999749
2860.992372
2478.002975
2123.002486
2995.995391
2770.001641
2219.001943
2666.998456
2655.999094
2695.000444
2026.989035
2181.020264
2687.998280
2737.996452
2748.023502
2583.053298
2396.000774
2019.003171
2020.032148
2190.959076
2751.996751
2732.998064
2963.996011
2562.995970
2034.004987
2911.002009
2511.999973
2130.000944
2406.005632
2786.998053
2872.999601
2840.994625
2455.002590
2894.992717
2627.008877
2257.981372
2441.999076
2362.997148
2700.994220
2276.992886
2145.999334
2084.999339
2225.002023
2568.000577
2353.997161
2266.003366
2601.004776
2217.005660
2008.004541
2493.000464
2965.995520
2718.001551
2148.001053
2526.002990
2842.995402
2153.004377
2754.947743
2594.926194
2344.996490
2648.995923
2666.998443
2794.993964
2583.003191
2020.009330
2062.991362
2725.995504
2590.010222
2679.006143
2652.987769
2040.027604
2700.994183
2006.008495
2943.004586
2507.013026
2080.002984
2349.994989
2827.000388
2456.989351
2584.997162
2154.004741
2972.995415
2821.993620
2797.002390
2405.001654
2541.999102
2820.007099
2553.001387
2409.996984
2133.008840
2063.016798
2558.004941
2116.013018
2053.989944
2059.987862
2075.002847
2492.002548
2602.001207
2319.992144
2723.980099
2257.011026
2846.995400
2230.002909
2765.004302
2380.004899
2055.017450
2274.004115
2072.002234
2828.001448
2473.007915
2312.982422
2561.004092
2224.013882
2655.995402
2277.984323
2610.003956
2704.988704
2914.992752
2307.004527
2381.003981
2382.996352
2648.989252
2230.006294
2091.994834
2994.969751
2291.002217
2051.004374
2663.011801
2475.010700
2092.003893
2948.013224
2289.000336
2861.998973
2953.935387
2517.948200
2678.993286
2129.005023
2895.987332
2396.004236
2785.992170
2776.990827
2933.001798
2778.000778
2661.903266
2222.061071
2771.996489
2865.994020
2508.002014
2528.998698
2072.027254
2972.985791
2301.005304
2614.003174
2107.006275
2567.996383
2542.007255
2246.997105
2682.993501
2495.992807
2484.005214
2281.999806
2668.009868
2567.000557
2081.997952
2229.007612
2843.997599
2353.010375
2656.997301
2860.991590
2298.006464
2284.997681
2238.998556
2938.996322
2042.014352
2046.016523
2715.024660
2587.998288
2869.995506
2623.995946
2420.006867
2108.005272
2451.996729
2776.000839
2262.004775
2210.004939
2646.013684
2054.969004
2896.993456
2064.003626
2028.011349
2714.002210
2132.983895
2952.998478
2205.003750
2346.998626
2844.994726
2415.006681
2083.988602
2284.994230
2819.996408
2057.004563
2540.999499
2860.984743
2478.005950
2123.004972
2995.990782
2770.003283
2219.003886
2666.996912
2655.998187
2695.000888
2026.978016
2181.040606
2687.996561
2737.992905
2748.047205
2583.106939
2396.001548
2019.006343
2020.064445
2190.917941
2751.993502
2732.996129
2963.992023
2562.991941
2034.009974
2911.004019
2511.999945
2130.001888
2406.011264
2786.996106
2872.999334
2840.991041
2455.004318
2894.987862
2627.014798
2257.968948
2441.998461
2362.995247
2700.990368
2276.988142
2145.998890
2084.998897
2225.003372
2568.000962
2353.995268
2266.005610
2601.007962
2217.009435
2008.007568
2493.000774
2965.992533
2718.002586
2148.001756
2526.004983
2842.992337
2153.007296
2754.912661
2594.876597
2344.994149
2648.993205
2666.997405
2794.989940
2583.005319
2020.015549
2062.985601
2725.992505
2590.017038
2679.010240
2652.979593
2040.046050
2700.990306
2006.014159
2943.007674
2507.021743
2080.004974
2349.991648
2827.000647
2456.982250
2584.995270
2154.007900
2972.992358
2821.989366
2797.003983
2405.002757
2541.998502
2820.011836
2553.002312
2409.994974
2133.014737
2063.028001
2558.008235
2116.021697
2053.983229
2059.979758
2075.004745
2492.004247
2602.002012
2319.986906
2723.966827
2257.018378
2846.992334
2230.004848
2765.007171
2380.008166
2055.029089
2274.006860
2072.003723
2828.002413
2473.013193
2312.970700
2561.006817
2224.023139
2655.992337
2277.973869
2610.006592
2704.981172
2914.987920
2307.007546
2381.006635
2382.993920
2648.982091
2230.010488
2091.991387
2994.949575
2291.003695
2051.007290
2663.019671
2475.017837
2092.006488
2948.022046
2289.000559
2861.998289
2953.892176
2517.913521
2678.988810
2129.008372
2895.978886
2396.007060
2785.986950
2776.984712
2933.002997
2778.001298
2661.838566
2222.101910
2771.994148
2865.990033
2508.003357
2528.997829
2072.045436
2972.976316
2301.008841
2614.005291
2107.010459
2567.993971
2542.012092
2246.995175
2682.989165
2495.988007
2484.008690
2281.999678
2668.016445
2567.000929
2081.996586
2229.012687
2843.995998
2353.017292
2656.995501
2860.985983
2298.010774
2284.996135
2238.997594
2938.993870
2042.023930
2046.027550
2715.041112
2587.997154
2869.992510
2623.993243
2420.011445
2108.008787
2451.994547
2776.001398
2262.007958
2210.008232
2646.022832
2054.948288
2896.989094
2064.006043
2028.018916
2714.003684
2132.973154
2952.997464
2205.006251
2346.997710
2844.991209
2415.011137
2083.980997
2284.990380
2819.994013
2057.007605
2540.999164
2860.974569
2478.009917
2123.008287
2995.984637
2770.005472
2219.006477
2666.994853
2655.996977
2695.001480
2026.963239
2181.067852
2687.994268
2737.988174
2748.079103
2583.178959
2396.002580
2019.010571
2020.107730
2190.862781
2751.989169
2732.993548
2963.986704
2562.986568
2034.016624
2911.006698
2511.999907
2130.003147
2406.018774
2786.993510
2872.999002
2840.986562
2455.006476
2894.981793
2627.022203
2257.953412
2441.997691
2362.992871
2700.985555
2276.982211
2145.998334
2084.998343
2225.005058
2568.001443
2353.992900
2266.008414
2601.011946
2217.014155
2008.011351
2493.001161
2965.988800
2718.003879
2148.002633
2526.007475
2842.988505
2153.010943
2754.868526
2594.814148
2344.991223
2648.989808
2666.996108
2794.984909
2583.007979
2020.023324
2062.978395
2725.988756
2590.025560
2679.015362
2652.969351
2040.069154
2700.985459
2006.021238
2943.011565
2507.032673
2080.007460
2349.987472
2827.000971
2456.973371
2584.992904
2154.011849
2972.988536
2821.984049
2797.005976
2405.004136
2541.997753
2820.017759
2553.003468
2409.992460
2133.022110
2063.042009
2558.012354
2116.032547
2053.974824
2059.969613
2075.007118
2492.006371
2602.003018
2319.980358
2723.950232
2257.027571
2846.988501
2230.007272
2765.010757
2380.012250
2055.043643
2274.010294
2072.005585
2828.003620
2473.019793
2312.956042
2561.010219
2224.034712
2655.988503
2277.960798
2610.009886
2704.971756
2914.981880
2307.011319
2381.009953
2382.990879
2648.973148
2230.015727
2091.987077
2994.924343
2291.005542
2051.010935
2663.029513
2475.026762
2092.009731
2948.033081
2289.000839
2861.997433
2953.838010
2517.870007
2678.983215
2129.012558
2895.968328
2396.010590
2785.980424
2776.977068
2933.004497
2778.001947
2661.757448
2222.153104
2771.991222
2865.985049
2508.005035
2528.996744
2072.068176
2972.964468
2301.013263
2614.007937
2107.015688
2567.990957
2542.018141
2246.992761
2682.983740
2495.982002
2484.013035
2281.999517
2668.024667
2567.001393
2081.994878
2229.019033
2843.993997
2353.025939
2656.993251
2860.978975
2298.016161
2284.994203
2238.996391
2938.990804
2042.035913
2046.041347
2715.061691
2587.995744
2869.988765
2623.989865
2420.017168
2108.013180
2451.991819
2776.002098
2262.011937
2210.012348
2646.034295
2054.922334
2896.983640
2064.009064
2028.028377
2714.005527
2132.959724
2952.996198
2205.009376
2346.996565
2844.986812
2415.016707
2083.971483
2284.985564
2819.991020
2057.011407
2540.998746
2860.961850
2478.014876
2123.012430
2995.976955
2770.008209
2219.009716
2666.992279
2655.995465
2695.002220
2026.944628
2181.102110
2687.991401
2737.982261
2748.119448
2583.269778
2396.003870
2019.015857
2020.162189
2190.793329
2751.983754
2732.990321
2963.980055
2562.979852
2034.024937
2911.010048
2511.999858
2130.004721
2406.028164
2786.990265
2872.998603
2840.981186
2455.009067
2894.974510
2627.031095
2257.934760
2441.996766
2362.990020
2700.979780
2276.975091
2145.997665
2084.997677
2225.007081
2568.002021
2353.990059
2266.011780
2601.016729
2217.019820
2008.015892
2493.001625
2965.984320
2718.005431
2148.003686
2526.010466
2842.983907
2153.015321
2754.815139
2594.738525
2344.987711
2648.985730
2666.994551
2794.978873
2583.011172
2020.032654
2062.969744
2725.984254
2590.035790
2679.021510
2652.957028
2040.096943
2700.979642
2006.029734
2943.016279
2507.045837
2080.010444
2349.982460
2827.001362
2456.962715
2584.990065
2154.016587
2972.983950
2821.977667
2797.008368
2405.005793
2541.996854
2820.024872
2553.004855
2409.989444
2133.030961
2063.058824
2558.017296
2116.045569
2053.964720
2059.957420
2075.009965
2492.008920
2602.004224
2319.972501
2723.930312
2257.038606
2846.983901
2230.010181
2765.015060
2380.017150
2055.061117
2274.014418
2072.007819
2828.005068
2473.027716
2312.938447
2561.014296
2224.048602
2655.983902
2277.945109
2610.013838
2704.960454
2914.974632
2307.015846
2381.013935
2382.987231
2648.962425
2230.022009
2091.981900
2994.894048
2291.007759
2051.015309
2663.041329
2475.037478
2092.013622
2948.046333
2289.001174
2861.996406
2953.772783
2517.817546
2678.976501
2129.017582
2895.955658
2396.014827
2785.972593
2776.967895
2933.006297
2778.002727
2661.659741
2222.214755
2771.987711
2865.979069
2508.007049
2528.995442
2072.095482
2972.950247
2301.018569
2614.011113
2107.021964
2567.987339
2542.025401
2246.989864
2682.977224
2495.974789
2484.018248
2281.999326
2668.034533
2567.001951
2081.992828
2229.026649
2843.991595
2353.036316
2656.990552
2860.970564
2298.022626
2284.991883
2238.994948
2938.987126
2042.050309
2046.057921
2715.086407
2587.994064
2869.984271
2623.985810
2420.024035
2108.018453
2451.988545
2776.002938
2262.016712
2210.017287
2646.048093
2054.891102
2896.977096
2064.012689
2028.039734
2714.007740
2132.943601
2952.994680
2205.013126
2346.995191
2844.981535
2415.023393
2083.960057
2284.979782
2819.987428
2057.015970
2540.998245
2860.946583
2478.020827
2123.017403
2995.967736
2770.011494
2219.013603
2666.989191
2655.993650
2695.003107
2026.922084
2181.143522
2687.987960
2737.975165
2748.168562
2583.379933
2396.005419
2019.022200
2020.228063
2190.709243
2751.977255
2732.986450
2963.972075
2562.971792
2034.034914
2911.014067
2511.999798
2130.006610
2406.039434
2786.986371
2872.998137
2840.974915
2455.012089
2894.966013
2627.041475
2257.912987
2441.995688
2362.986694
2700.973045
2276.966781
2145.996883
2084.996897
2225.009441
2568.002694
2353.986743
2266.015708
2601.022313
2217.026433
2008.021189
2493.002167
2965.979093
2718.007242
2148.004914
2526.013955
2842.978543
2153.020428
2754.752248
2594.649319
2344.983613
2648.980971
2666.992734
2794.971830
2583.014897
2020.043539
2062.959645
2725.979001
2590.047727
2679.028685
2652.942606
2040.129454
2700.972856
2006.039646
2943.021841
2507.061262
2080.013924
2349.976612
2827.001819
2456.950278
2584.986752
2154.022113
2972.978600
2821.970221
2797.011160
2405.007726
2541.995805
2820.033177
2553.006473
2409.985926
2133.041294
2063.078452
2558.023064
2116.060762
2053.952907
2059.943166
2075.013286
2492.011893
2602.005632
2319.963333
2723.907062
2257.051486
2846.978534
2230.013575
2765.020082
2380.022868
2055.081515
2274.019235
2072.010426
2828.006757
2473.036965
2312.917911
2561.019044
2224.064813
2655.978532
2277.926799
2610.018445
2704.947265
2914.966176
2307.021128
2381.018580
2382.982974
2648.949930
2230.029331
2091.975855
2994.858680
2291.010345
2051.020412
2663.055121
2475.049989
2092.018160
2948.061808
2289.001566
2861.995208
2953.696367
2517.755999
2678.968667
2129.023443
2895.940876
2396.019770
2785.963456
2776.957193
2933.008397
2778.003637
2661.545237
2222.286986
2771.983614
2865.972092
2508.009399
2528.993922
2072.127364
2972.933649
2301.024761
2614.014819
2107.029287
2567.983117
2542.033873
2246.986482
2682.969615
2495.966366
2484.024330
2281.999103
2668.046042
2567.002601
2081.990436
2229.035536
2843.988794
2353.048424
2656.987402
2860.960752
2298.030170
2284.989177
2238.993264
2938.982835
2042.067126
2046.077282
2715.115270
2587.992120
2869.979028
2623.981080
2420.032047
2108.024604
2451.984722
2776.003918
2262.022283
2210.023050
2646.064249
2054.854544
2896.969461
2064.016919
2028.052987
2714.010322
2132.924781
2952.992911
2205.017502
2346.993588
2844.975376
2415.031197
2083.946712
2284.973029
2819.983237
2057.021294
2540.997660
2860.928767
2478.027770
2123.023204
2995.956979
2770.015328
2219.018137
2666.985588
2655.991532
2695.004143
2026.895485
2181.192266
2687.983945
2737.966885
2748.226849
2583.510101
2396.007225
2019.029600
2020.305649
2190.610099
2751.969672
2732.981933
2963.962764
2562.962390
2034.046553
2911.018758
2511.999724
2130.008816
2406.052585
2786.981826
2872.997605
2840.967747
2455.015544
2894.956301
2627.053348
2257.888088
2441.994454
2362.982893
2700.965352
2276.957279
2145.995988
2084.996002
2225.012138
2568.003464
2353.982952
2266.020196
2601.028700
2217.033993
2008.027244
2493.002786
2965.973120
2718.009312
2148.006317
2526.017944
2842.972412
2153.026264
2754.679536
2594.546024
2344.978928
2648.975532
2666.990658
2794.963781
2583.019155
2020.055979
2062.948094
2725.972994
2590.061375
2679.036889
2652.926066
2040.166727
2700.965100
2006.050974
2943.028278
2507.078976
2080.017901
2349.969928
2827.002343
2456.936060
2584.982965
2154.028428
2972.972485
2821.961711
2797.014353
2405.009938
2541.994606
2820.042676
2553.008322
2409.981904
2133.053110
2063.100894
2558.029656
2116.078128
2053.939376
2059.926839
2075.017082
2492.015291
2602.007241
2319.952854
2723.880478
2257.066211
2846.972401
2230.017453
2765.025823
2380.029404
2055.104844
2274.024746
2072.013405
2828.008689
2473.047541
2312.894430
2561.024460
2224.083345
2655.972391
2277.905866
2610.023709
2704.932188
2914.956511
2307.027165
2381.023888
2382.978109
2648.935667
2230.037690
2091.968939
2994.818229
2291.013300
2051.026244
2663.070894
2475.064298
2092.023343
2948.079512
2289.002013
2861.993839
2953.608608
2517.685201
2678.959715
2129.030141
2895.923980
2396.025421
2785.953013
2776.944961
2933.010799
2778.004678
2661.413684
2222.369948
2771.978933
2865.964118
2508.012085
2528.992186
2072.163833
2972.914672
2301.031839
2614.019056
2107.037656
2567.978292
2542.043559
2246.982616
2682.960909
2495.956728
2484.031281
2281.998849
2668.059194
2567.003343
2081.987701
2229.045696
2843.985592
2353.062264
2656.983803
2860.949538
2298.038792
2284.986084
2238.991340
2938.977930
2042.086373
2046.099442
2715.148295
2587.989920
2869.973037
2623.975674
2420.041204
2108.031634
2451.980352
2776.005039
2262.028650
2210.029636
2646.082791
2054.812602
2896.960735
2064.021754
2028.068138
2714.013276
2132.903260
2952.990893
2205.022503
2346.991755
2844.968336
2415.040118
2083.931444
2284.965305
2819.978448
2057.027378
2540.996992
2860.908399
2478.035706
2123.029835
2995.944685
2770.019711
2219.023320
2666.981470
2655.989109
2695.005327
2026.864678
2181.248558
2687.979356
2737.957422
2748.294815
2583.661118
2396.009289
2019.038057
2020.395313
2190.495375
2751.961006
2732.976772
2963.952122
2562.951643
2034.059857
2911.024119
2511.999638
2130.011337
2406.067619
2786.976633
2872.997007
2840.959684
2455.019430
2894.945375
2627.066718
2257.860055
2441.993067
2362.978617
2700.956701
2276.946585
2145.994978
2084.994992
2225.015173
2568.004330
2353.978686
2266.025246
2601.035892
2217.042502
2008.034055
2493.003483
2965.966400
2718.011642
2148.007895
2526.022431
2842.965515
2153.032831
2754.596618
2594.428013
2344.973656
2648.969412
2666.988322
2794.954726
2583.023946
2020.069974
2062.935090
2725.966232
2590.076735
2679.046122
2652.907384
2040.208810
2700.956376
2006.063719
2943.035623
2507.099016
2080.022375
2349.962408
2827.002935
2456.920058
2584.978704
2154.035529
2972.965605
2821.952137
2797.017946
2405.012428
2541.993257
2820.053373
2553.010402
2409.977380
2133.066413
2063.126157
2558.037073
2116.097668
2053.924111
2059.908423
2075.021353
2492.019114
2602.009051
2319.941064
2723.850556
2257.082786
2846.965501
2230.021816
2765.032283
2380.036758
2055.131109
2274.030954
2072.016756
2828.010862
2473.059447
2312.867999
2561.030540
2224.104202
2655.965479
2277.882306
2610.029626
2704.915220
2914.945639
2307.033957
2381.029861
2382.972636
2648.919647
2230.047081
2091.961150
2994.772681
2291.016626
2051.032805
2663.088652
2475.080409
2092.029171
2948.099453
2289.002516
2861.992298
2953.509326
2517.604958
2678.949643
2129.037677
2895.904971
2396.031779
2785.941264
2776.931200
2933.013502
2778.005851
2661.264786
2222.463819
2771.973665
2865.955147
2508.015106
2528.990232
2072.204901
2972.893310
2301.039804
2614.023824
2107.047072
2567.972863
2542.054460
2246.978265
2682.951102
2495.945870
2484.039099
2281.998565
2668.073989
2567.004179
2081.984623
2229.057129
2843.981991
2353.077836
2656.979753
2860.936921
2298.048494
2284.982603
2238.989176
2938.972413
2042.108061
2046.124413
2715.185495
2587.987472
2869.966297
2623.969591
2420.051506
2108.039543
2451.975432
2776.006301
2262.035814
2210.037046
2646.103752
2054.765208
2896.950919
2064.027192
2028.085190
2714.016601
2132.879033
2952.988626
2205.028129
2346.989694
2844.960414
2415.050158
2083.914244
2284.956605
2819.973059
2057.034222
2540.996241
2860.885477
2478.044634
2123.037294
2995.930853
2770.024643
2219.029150
2666.976837
2655.986383
2695.006659
2026.829481
2181.312664
2687.974192
2737.946775
2748.373080
2583.834016
2396.011612
2019.047571
2020.497498
2190.364437
2751.951256
2732.970965
2963.940148
2562.939553
2034.074825
2911.030152
2511.999536
2130.014175
2406.084537
2786.970789
2872.996343
2840.950725
2455.023749
2894.933235
2627.081588
2257.828881
2441.991524
2362.973867
2700.947095
2276.934695
2145.993852
2084.993863
2225.018544
2568.005292
2353.973943
2266.030857
2601.043890
2217.051963
2008.041623
2493.004257
2965.958933
2718.014231
2148.009647
2526.027417
2842.957851
2153.040127
2754.503014
2594.294515
2344.967796
2648.962610
2666.985726
2794.944664
2583.029271
2020.085525
2062.920627
2725.958714
2590.093809
2679.056386
2652.886533
2040.255756
2700.946683
2006.077880
2943.043913
2507.121421
2080.027345
2349.954052
2827.003595
2456.902271
2584.973968
2154.043417
2972.957960
2821.941497
2797.021941
2405.015197
2541.991757
2820.065271
2553.012713
2409.972352
2133.081206
2063.154245
2558.045317
2116.119383
2053.907098
2059.887900
2075.026098
2492.023362
2602.011061
2319.927962
2723.817289
2257.101213
2846.957835
2230.026665
2765.039462
2380.044931
2055.160318
2274.037863
2072.020480
2828.013276
2473.072685
2312.838613
2561.037278
2224.127386
2655.957794
2277.856116
2610.036197
2704.896361
2914.933558
2307.041503
2381.036498
2382.966554
2648.901879
2230.057499
2091.952484
2994.722023
2291.020320
2051.040095
2663.108398
2475.098328
2092.035643
2948.121639
2289.003075
2861.990587
2953.398308
2517.515042
2678.938451
2129.046051
2895.883848
2396.038845
2785.928208
2776.915909
2933.016508
2778.007155
2661.098196
2222.568804
2771.967813
2865.945179
2508.018463
2528.988062
2072.250582
2972.869562
2301.048656
2614.029123
2107.057536
2567.966831
2542.066578
2246.973427
2682.940190
2495.933787
2484.047786
2281.998251
2668.090426
2567.005107
2081.981201
2229.069837
2843.977989
2353.095141
2656.975253
2860.922903
2298.059274
2284.978736
2238.986771
2938.966282
2042.132204
2046.152210
2715.226888
2587.984787
2869.958808
2623.962832
2420.062953
2108.048331
2451.969961
2776.007703
2262.043774
2210.045280
2646.127169
2054.712287
2896.940011
2064.033235
2028.104144
2714.020298
2132.852095
2952.986112
2205.034380
2346.987404
2844.951607
2415.061320
2083.895106
2284.946928
2819.967072
2057.041827
2540.995406
2860.859999
2478.054556
2123.045584
2995.915482
2770.030125
2219.035629
2666.971689
2655.983352
2695.008138
2026.789668
2181.384906
2687.968453
2737.934943
2748.462413
2584.030069
2396.014192
2019.058143
2020.612739
2190.216522
2751.940422
2732.964513
2963.926841
2562.926120
2034.091458
2911.036856
2511.999418
2130.017330
2406.103341
2786.964294
