2181.000568
2815.001605
2989.998999
2904.999642
2523.999986
2628.000515
2935.998097
2317.000844
2890.995793
2902.999976
2786.001625
2333.001768
2148.001937
2270.001101
2674.000105
2862.001547
2646.000833
2903.001064
2141.001734
2319.999077
2978.998474
2502.000290
2183.000407
2843.998892
2661.000208
2720.999434
2489.999307
2656.999933
2803.000704
2900.001676
2980.999132
2685.999755
2532.000449
2834.999680
2772.000296
2861.000005
2318.999908
2860.000263
2812.998492
2352.999372
2344.999515
2331.999367
2691.999978
2515.000455
2296.005116
2176.001297
2527.999539
2018.000728
2078.000900
2172.999894
2884.001985
2506.002381
2023.000872
2039.000524
2783.999510
2811.000135
2407.999599
2130.000651
2286.995331
2942.996718
2486.999860
2288.000679
2891.973659
2332.017395
2789.999117
2628.000726
2761.004131
2157.000054
2741.000223
2587.000516
2621.000261
2823.001195
2540.000065
2198.000773
2292.999411
2982.997267
2611.999932
2391.000069
2438.999832
2031.000828
2619.001244
2870.000450
2483.000451
2761.999331
2861.999210
2905.000350
2122.000252
2018.000840
2048.000647
2759.999951
2850.998571
2380.999112
2808.998972
2920.992436
2158.000358
2567.000318
2318.994407
2178.999966
2610.000964
2970.997789
2843.998878
2941.996851
2071.001406
2425.999392
2279.000166
2639.999839
2818.998542
2762.000193
2164.000766
2162.000181
2448.000550
2365.999104
2907.998623
2526.999049
2567.000268
2685.998624
2855.999702
2005.000552
2241.002087
2966.998633
2009.001283
2163.000177
2647.001410
2235.003362
2048.000724
2865.999900
2705.001491
2685.000060
2732.999198
2201.001402
2169.000360
2648.999439
2338.999218
2910.000154
2781.999675
2477.000275
2791.998462
2684.999045
2332.999953
2279.001193
2198.012738
2288.011787
2653.000044
2935.997096
2886.016693
2335.988657
2111.000696
2392.999740
2099.000433
2127.001080
2601.999509
2647.999901
2470.000035
2338.999892
2218.000287
2121.000968
2652.000663
2264.997408
2091.000095
2950.999485
2848.999215
2149.000622
2770.989941
2154.004092
2279.000353
2391.999245
2302.000187
2502.999759
2360.999204
2954.999181
2622.000229
2557.000408
2532.000102
2378.999924
2056.000928
2597.999911
2704.998835
2250.000123
2743.000510
2693.999240
2708.999077
2894.998639
2315.000050
2018.000957
2208.993173
2297.993708
2439.000863
2600.000774
2062.003335
2960.998391
2517.000554
2934.999082
2268.000131
2819.000081
2709.998683
2875.007865
2274.006139
2932.005485
2456.000975
2675.999322
2181.001704
2815.004814
2989.996997
2904.998927
2523.999959
2628.001546
2935.994291
2317.002531
2890.987378
2902.999928
2786.004874
2333.005304
2148.005811
2270.003302
2674.000314
2862.004642
2646.002500
2903.003194
2141.005201
2319.997231
2978.995421
2502.000870
2183.001221
2843.996676
2661.000623
2720.998302
2489.997920
2656.999799
2803.002112
2900.005031
2980.997395
2685.999264
2532.001348
2834.999039
2772.000889
2861.000015
2318.999724
2860.000790
2812.995477
2352.998116
2344.998545
2331.998100
2691.999933
2515.001364
2296.015352
2176.003892
2527.998617
2018.002183
2078.002701
2172.999681
2884.005955
2506.007143
2023.002617
2039.001571
2783.998531
2811.000406
2407.998798
2130.001954
2286.985985
2942.990146
2486.999581
2288.002036
2891.920611
2332.052427
2789.997351
2628.002177
2761.012407
2157.000159
2741.000668
2587.001549
2621.000783
2823.003584
2540.000196
2198.002319
2292.998233
2982.991800
2611.999797
2391.000208
2438.999495
2031.002485
2619.003731
2870.001351
2483.001353
2761.997994
2861.997631
2905.001050
2122.000757
2018.002519
2048.001941
2759.999853
2850.995712
2380.997336
2808.996913
2920.977301
2158.001074
2567.000954
2318.983217
2178.999898
2610.002891
2970.993367
2843.996634
2941.990553
2071.004219
2425.998175
2279.000497
2639.999517
2818.995625
2762.000578
2164.002298
2162.000542
2448.001650
2365.997311
2907.995868
2526.997147
2567.000805
2685.995871
2855.999107
2005.001656
2241.006261
2966.995899
2009.003849
2163.000530
2647.004230
2235.010087
2048.002172
2865.999699
2705.004472
2685.000181
2732.997594
2201.004206
2169.001080
2648.998316
2338.997655
2910.000462
2781.999025
2477.000824
2791.995385
2684.997136
2332.999858
2279.003579
2198.038261
2288.035404
2653.000133
2935.991289
2886.050343
2335.965796
2111.002089
2392.999220
2099.001299
2127.003240
2601.998527
2647.999702
2470.000104
2338.999676
2218.000862
2121.002905
2652.001988
2264.992223
2091.000285
2950.998456
2848.997646
2149.001867
2770.969796
2154.012285
2279.001060
2391.997735
2302.000560
2502.999276
2360.997613
2954.997543
2622.000686
2557.001224
2532.000307
2378.999771
2056.002785
2597.999732
2704.996506
2250.000369
2743.001531
2693.997719
2708.997230
2894.995917
2315.000149
2018.002870
2208.979492
2297.981101
2439.002588
2600.002322
2062.010005
2960.995172
2517.001662
2934.997246
2268.000394
2819.000242
2709.996049
2875.023602
2274.018426
2932.016464
2456.002924
2675.997967
2181.003408
2815.009629
2989.993993
2904.997854
2523.999919
2628.003093
2935.988582
2317.005063
2890.974753
2902.999856
2786.009750
2333.010610
2148.011621
2270.006605
2674.000629
2862.009284
2646.005001
2903.006389
2141.010402
2319.994462
2978.990841
2502.001741
2183.002443
2843.993352
2661.001246
2720.996604
2489.995840
2656.999599
2803.004225
2900.010067
2980.994789
2685.998528
2532.002697
2834.998078
2772.001778
2861.000030
2318.999447
2860.001581
2812.990953
2352.996231
2344.997089
2331.996199
2691.999866
2515.002727
2296.030719
2176.007785
2527.997234
2018.004366
2078.005401
2172.999362
2884.011912
2506.014289
2023.005233
2039.003142
2783.997061
2811.000811
2407.997596
2130.003908
2286.971947
2942.980272
2486.999162
2288.004072
2891.840097
2332.105604
2789.994701
2628.004355
2761.024856
2157.000305
2741.001337
2587.003098
2621.001566
2823.007169
2540.000392
2198.004638
2292.996466
2982.983600
2611.999593
2391.000417
2438.998989
2031.004971
2619.007463
2870.002703
2483.002705
2761.995988
2861.995262
2905.002099
2122.001515
2018.005038
2048.003881
2759.999705
2850.991423
2380.994673
2808.993819
2920.954584
2158.002148
2567.001908
2318.966418
2178.999794
2610.005782
2970.986734
2843.993269
2941.981105
2071.008439
2425.996350
2279.000995
2639.999035
2818.991251
2762.001156
2164.004597
2162.001084
2448.003301
2365.994622
2907.991735
2526.994293
2567.001610
2685.991742
2855.998213
2005.003312
2241.012522
2966.991797
2009.007698
2163.001060
2647.008460
2235.020177
2048.004343
2865.999398
2705.008944
2685.000361
2732.995187
2201.008412
2169.002160
2648.996632
2338.995310
2910.000924
2781.998050
2477.001647
2791.990770
2684.994272
2332.999717
2279.007159
2198.076665
2288.070936
2653.000266
2935.982577
2886.101496
2335.931052
2111.004178
2392.998441
2099.002598
2127.006480
2601.997054
2647.999405
2470.000209
2338.999353
2218.001723
2121.005811
2652.003976
2264.984442
2091.000570
2950.996912
2848.995292
2149.003734
2770.939510
2154.024596
2279.002121
2391.995469
2302.001119
2502.998552
2360.995225
2954.995086
2622.001371
2557.002449
2532.000614
2378.999543
2056.005569
2597.999463
2704.993011
2250.000737
2743.003061
2693.995437
2708.994460
2894.991832
2315.000298
2018.005739
2208.958909
2297.962134
2439.005176
2600.004644
2062.020012
2960.990343
2517.003324
2934.994491
2268.000787
2819.000484
2709.992097
2875.047227
2274.036882
2932.032955
2456.005848
2675.995935
2181.005679
2815.016050
2989.989989
2904.996423
2523.999865
2628.005154
2935.980971
2317.008438
2890.957918
2902.999760
2786.016253
2333.017686
2148.019367
2270.011008
2674.001048
2862.015474
2646.008337
2903.010654
2141.017338
2319.990769
2978.984736
2502.002901
2183.004071
2843.988918
2661.002077
2720.994340
2489.993065
2656.999333
2803.007048
2900.016791
2980.991316
2685.997547
2532.004495
2834.996796
2772.002963
2861.000050
2318.999079
2860.002635
2812.984919
2352.993717
2344.995148
2331.993665
2691.999777
2515.004546
2296.051231
2176.012980
2527.995389
2018.007277
2078.009002
2172.998936
2884.019860
2506.023819
2023.008722
2039.005238
2783.995102
2811.001352
2407.995994
2130.006514
2286.953193
2942.967075
2486.998603
2288.006787
2891.730894
2332.177737
2789.991169
2628.007258
2761.041520
2157.000478
2741.002228
2587.005163
2621.002610
2823.011948
2540.000654
2198.007730
2292.994108
2982.972665
2611.999322
2391.000695
2438.998315
2031.008284
2619.012438
2870.004505
2483.004509
2761.993313
2861.992105
2905.003499
2122.002525
2018.008397
2048.006469
2759.999509
2850.985705
2380.991122
2808.989683
2920.924267
2158.003581
2567.003181
2318.943996
2178.999651
2610.009637
2970.977889
2843.988782
2941.968507
2071.014065
2425.993917
2279.001658
2639.998392
2818.985418
2762.001927
2164.007662
2162.001807
2448.005501
2365.991037
2907.986223
2526.990487
2567.002683
2685.986237
2855.997022
2005.005521
2241.020872
2966.986328
2009.012829
2163.001767
2647.014103
2235.033636
2048.007239
2865.998997
2705.014907
2685.000602
2732.991979
2201.014020
2169.003599
2648.994386
2338.992183
2910.001540
2781.996750
2477.002745
2791.984617
2684.990452
2332.999528
2279.011932
2198.128095
2288.118512
2653.000443
2935.970959
2886.171031
2335.883841
2111.006963
2392.997401
2099.004330
2127.010800
2601.995089
2647.999008
2470.000348
2338.998921
2218.002872
2121.009684
2652.006627
2264.974063
2091.000949
2950.994853
2848.992153
2149.006224
2770.899001
2154.041050
2279.003535
2391.992448
2302.001866
2502.997586
2360.992042
2954.991810
2622.002286
2557.004081
2532.001023
2378.999238
2056.009282
2597.999105
2704.988350
2250.001229
2743.005103
2693.992395
2708.990766
2894.986382
2315.000497
2018.009566
2208.931344
2297.936737
2439.008627
2600.007740
2062.033357
2960.983903
2517.005540
2934.990818
2268.001312
2819.000807
2709.986825
2875.078762
2274.061535
2932.054982
2456.009746
2675.993224
2181.008519
2815.024079
2989.984983
2904.994635
2523.999797
2628.007732
2935.971459
2317.012656
2890.936867
2902.999642
2786.024385
2333.026533
2148.029050
2270.016513
2674.001573
2862.023214
2646.012509
2903.015989
2141.026009
2319.986153
2978.977103
2502.004352
2183.006106
2843.983375
2661.003115
2720.991510
2489.989596
2656.999001
2803.010581
2900.025210
2980.986973
2685.996321
2532.006742
2834.995194
2772.004444
2861.000074
2318.998618
2860.003953
2812.977373
2352.990572
2344.992722
2331.990496
2691.999665
2515.006818
2296.076910
2176.019479
2527.993084
2018.010915
2078.013503
2172.998403
2884.029801
2506.035737
2023.013084
2039.007856
2783.992653
2811.002029
2407.993991
2130.009771
2286.929692
2942.950528
2486.997904
2288.010180
2891.591205
2332.270023
2789.986753
2628.010888
2761.062454
2157.000662
2741.003342
2587.007745
2621.003915
2823.017923
2540.000981
2198.011595
2292.991159
2982.958996
2611.998984
2391.001042
2438.997473
2031.012427
2619.018658
2870.006758
2483.006763
2761.989969
2861.988160
2905.005249
2122.003787
2018.012596
2048.009703
2759.999263
2850.978556
2380.986683
2808.984498
2920.886327
2158.005371
2567.004771
2318.915929
2178.999468
2610.014456
2970.966833
2843.983175
2941.952757
2071.021097
2425.990875
2279.002487
2639.997587
2818.978127
2762.002890
2164.011493
2162.002711
2448.008253
2365.986554
2907.979331
2526.985727
2567.004025
2685.979355
2855.995533
2005.008281
2241.031312
2966.979491
2009.019244
2163.002651
2647.021158
2235.050467
2048.010858
2865.998495
2705.022362
2685.000903
2732.987968
2201.021030
2169.005399
2648.991579
2338.988273
2910.002311
2781.995126
2477.004118
2791.976924
2684.985678
2332.999292
2279.017899
2198.192751
2288.178312
2653.000665
2935.956434
2886.260243
2335.823301
2111.010445
2392.996102
2099.006495
2127.016201
2601.992634
2647.998512
2470.000522
2338.998381
2218.004308
2121.014527
2652.009939
2264.961081
2091.001423
2950.992280
2848.988229
2149.009336
2770.848158
2154.061684
2279.005302
2391.988672
2302.002798
2502.996379
2360.988062
2954.987715
2622.003429
2557.006122
2532.001535
2378.998857
2056.013923
2597.998658
2704.982523
2250.001843
2743.007655
2693.988592
2708.986148
2894.979564
2315.000746
2018.014349
2208.896691
2297.904815
2439.012940
2600.011611
2062.050044
2960.975852
2517.008311
2934.986227
2268.001968
2819.001211
2709.980230
2875.118239
2274.092425
2932.082583
2456.014620
2675.989836
2181.011928
2815.033718
2989.978977
2904.992488
2523.999715
2628.010824
2935.960047
2317.017719
2890.911599
2902.999501
2786.034150
2333.037154
2148.040667
2270.023120
2674.002204
2862.032504
2646.017518
2903.022400
2141.036416
2319.980613
2978.967944
2502.006092
2183.008548
2843.976721
2661.004361
2720.988115
2489.985430
2656.998604
2803.014830
2900.035335
2980.981763
2685.994849
2532.009439
2834.993272
2772.006221
2861.000103
2318.998065
2860.005534
2812.968313
2352.986795
2344.989810
2331.986694
2691.999531
2515.009546
2296.107781
2176.027286
2527.990317
2018.015282
2078.018905
2172.997764
2884.041740
2506.050046
2023.018317
2039.010999
2783.989715
2811.002840
2407.991587
2130.013679
2286.901403
2942.930597
2486.997066
2288.014253
2891.418457
2332.384176
2789.981454
2628.015245
2761.087734
2157.000832
2741.004679
2587.010843
2621.005482
2823.025094
2540.001373
2198.016233
2292.987618
2982.942592
2611.998577
2391.001459
2438.996462
2031.017397
2619.026123
2870.009463
2483.009469
2761.985956
2861.983428
2905.007350
2122.005302
2018.017634
2048.013585
2759.998968
2850.969978
2380.981357
2808.978252
2920.840733
2158.007520
2567.006680
2318.882190
2178.999241
2610.020238
2970.953565
2843.976447
2941.933853
2071.029536
2425.987225
2279.003482
2639.996622
2818.969378
2762.004047
2164.016090
2162.003795
2448.011555
2365.981175
2907.971057
2526.980013
2567.005635
2685.971095
2855.993746
2005.011593
2241.043844
2966.971286
2009.026942
2163.003711
2647.029629
2235.070676
2048.015202
2865.997893
2705.031310
2685.001263
2732.983153
2201.029444
2169.007559
2648.988210
2338.983582
2910.003235
2781.993176
2477.005765
2791.967692
2684.979948
2332.999009
2279.025060
2198.270888
2288.250563
2653.000930
2935.939000
2886.370984
2335.748199
2111.014623
2392.994543
2099.009092
2127.022682
2601.989687
2647.997917
2470.000730
2338.997734
2218.006031
2121.020337
2652.013913
2264.945491
2091.001991
2950.989192
2848.983521
2149.013071
2770.786835
2154.086541
2279.007423
2391.984141
2302.003918
2502.994931
2360.983287
2954.982801
2622.004800
2557.008570
2532.002148
2378.998400
2056.019492
2597.998121
2704.975529
2250.002580
2743.010719
2693.984027
2708.980606
2894.971374
2315.001044
2018.020088
2208.854815
2297.866246
2439.018117
2600.016256
2062.070075
2960.966188
2517.011635
2934.980718
2268.002756
2819.001695
2709.972311
2875.165696
2274.129603
2932.115800
2456.020468
2675.985769
2181.015904
2815.044968
2989.971969
2904.989984
2523.999620
2628.014433
2935.946735
2317.023625
2890.882108
2902.999339
2786.045550
2333.049551
2148.054219
2270.030830
2674.002940
2862.043344
2646.023365
2903.029890
2141.048560
2319.974149
2978.957257
2502.008123
2183.011397
2843.968955
2661.005814
2720.984153
2489.980567
2656.998144
2803.019800
2900.047177
2980.975684
2685.993132
2532.012585
2834.991030
2772.008294
2861.000136
2318.997420
2860.007380
2812.957738
2352.982384
2344.986413
2331.982256
2691.999375
2515.012728
2296.143873
2176.036405
2527.987089
2018.020376
2078.025207
2172.997018
2884.055682
2506.066751
2023.024423
2039.014665
2783.986287
2811.003787
2407.988783
2130.018239
2286.868279
2942.907239
2486.996087
2288.019004
2891.208967
2332.522645
2789.975271
2628.020329
2761.117448
2157.000961
2741.006239
2587.014459
2621.007311
2823.033460
2540.001831
2198.021644
2292.983484
2982.923451
2611.998103
2391.001946
2438.995282
2031.023196
2619.034833
2870.012619
2483.012625
2761.981275
2861.977912
2905.009802
2122.007070
2018.023512
2048.018113
2759.998624
2850.959969
2380.975145
2808.970932
2920.787448
2158.010026
2567.008907
2318.842749
2178.998965
2610.026985
2970.938085
2843.968600
2941.911795
2071.039383
2425.982966
2279.004643
2639.995496
2818.959170
2762.005397
2164.021454
2162.005060
2448.015407
2365.974899
2907.961400
2526.973343
2567.007514
2685.961458
2855.991661
2005.015458
2241.058470
2966.961711
2009.035923
2163.004948
2647.039515
2235.094268
2048.020269
2865.997191
2705.041752
2685.001684
2732.977536
2201.039261
2169.010078
2648.984279
2338.978107
2910.004314
2781.990901
2477.007687
2791.956921
2684.973262
2332.998680
2279.033417
2198.362826
2288.335552
2653.001238
2935.918655
2886.505904
2335.656772
2111.019498
2392.992724
2099.012123
2127.030243
2601.986248
2647.997223
2470.000974
2338.996978
2218.008041
2121.027116
2652.018549
2264.927287
2091.002652
2950.985590
2848.978028
2149.017428
2770.714856
2154.115678
2279.009897
2391.978855
2302.005223
2502.993241
2360.977715
2954.977067
2622.006400
2557.011427
2532.002865
2378.997867
2056.025990
2597.997494
2704.967367
2250.003439
2743.014294
2693.978701
2708.974139
2894.961809
2315.001392
2018.026784
2208.805545
2297.820878
2439.024157
2600.021675
2062.093454
2960.954909
2517.015514
2934.974291
2268.003674
2819.002260
2709.963063
2875.221179
2274.173130
2932.154690
2456.027292
2675.981025
2181.020450
2815.057832
2989.963960
2904.987123
2523.999511
2628.018557
2935.931525
2317.030374
2890.848390
2902.999156
2786.058588
2333.063726
2148.069705
2270.039643
2674.003783
2862.055737
2646.030052
2903.038464
2141.062441
2319.966760
2978.945044
2502.010444
2183.014653
2843.960075
2661.007476
2720.979625
2489.975006
2656.997620
2803.025495
2900.060750
2980.968736
2685.991169
2532.016181
2834.988467
2772.010662
2861.000173
2318.996682
2860.009489
2812.945643
2352.977337
2344.982530
2331.977184
2691.999196
2515.016365
2296.185225
2176.046840
2527.983401
2018.026197
2078.032409
2172.996165
2884.071633
2506.085856
2023.031402
2039.018855
2783.982369
2811.004869
2407.985578
2130.023450
2286.830261
2942.880404
2486.994969
2288.024435
2890.957335
2332.689027
2789.968204
2628.026140
2761.151706
2157.001014
2741.008022
2587.018592
2621.009401
2823.043023
2540.002354
2198.027828
2292.978755
2982.901573
2611.997561
2391.002502
2438.993934
2031.029824
2619.044788
2870.016227
2483.016232
2761.975924
2861.971611
2905.012605
2122.009090
2018.030230
2048.023288
2759.998231
2850.948530
2380.968046
2808.962521
2920.726431
2158.012891
2567.011452
2318.797567
2178.998635
2610.034696
2970.920392
2843.959634
2941.886579
2071.050636
2425.978098
2279.005969
2639.994209
2818.947505
2762.006941
2164.027585
2162.006505
2448.019812
2365.967725
2907.950357
2526.965715
2567.009662
2685.950444
2855.989279
2005.019874
2241.075192
2966.950766
2009.046188
2163.006362
2647.050821
2235.121252
2048.026061
2865.996388
2705.053687
2685.002165
2732.971116
2201.050482
2169.012957
2648.979787
2338.971849
2910.005548
2781.988301
2477.009883
2791.944609
2684.965619
2332.998303
2279.042968
2198.468954
2288.433626
2653.001590
2935.895395
2886.668891
2335.546430
2111.025069
2392.990646
2099.015585
2127.038886
2601.982318
2647.996430
2470.001252
2338.996114
2218.010338
2121.034864
2652.023845
2264.906460
2091.003405
2950.981474
2848.971750
2149.022408
2770.632006
2154.149162
2279.012726
2391.972813
2302.006716
2502.991310
2360.971346
2954.970514
2622.008229
2557.014692
2532.003683
2378.997258
2056.033416
2597.996779
2704.958037
2250.004421
2743.018381
2693.972613
2708.966746
2894.950863
2315.001790
2018.034437
2208.748672
2297.768524
2439.031060
2600.027870
2062.120186
2960.942015
2517.019946
2934.966945
2268.004724
2819.002905
2709.952484
2875.284745
2274.223080
2932.199316
2456.035091
2675.975601
2181.025564
2815.072312
2989.954951
2904.983903
2523.999388
2628.023197
2935.914418
2317.037968
2890.810439
2902.998954
2786.073269
2333.079682
2148.087123
2270.049559
2674.004732
2862.069684
2646.037581
2903.048128
2141.078061
2319.958445
2978.931303
2502.013054
2183.018315
2843.950080
2661.009345
2720.974532
2489.968745
2656.997034
2803.031923
2900.076070
2980.960920
2685.988962
2532.020226
2834.985584
2772.013325
2861.000214
2318.995853
2860.011863
2812.932025
2352.971651
2344.978162
2331.971476
2691.998995
2515.020456
2296.231879
2176.058599
2527.979250
2018.032747
2078.040511
2172.995205
2884.089601
2506.107366
2023.039252
2039.023569
2783.977961
2811.006086
2407.981973
2130.029312
2286.787281
2942.850033
2486.993711
2288.030544
2890.655254
2332.888847
2789.960254
2628.032680
2761.190637
2157.000949
2741.010028
2587.023243
2621.011754
2823.053783
2540.002942
2198.034785
2292.973430
2982.876956
2611.996951
2391.003127
2438.992417
2031.037280
2619.055989
2870.020287
2483.020290
2761.969904
2861.964528
2905.015759
2122.011362
2018.037788
2048.029111
2759.997789
2850.935660
2380.960061
2808.953003
2920.657630
2158.016113
2567.014316
2318.746601
2178.998246
2610.043371
2970.900485
2843.949550
2941.858204
2071.063296
2425.972621
2279.007461
2639.992762
2818.934381
2762.008678
2164.034482
2162.008130
2448.024767
2365.959654
2907.937927
2526.957128
2567.012079
2685.938050
2855.986599
2005.024842
2241.094012
2966.938451
2009.057735
2163.007952
2647.063549
2235.151635
2048.032576
2865.995486
2705.067118
2685.002705
2732.963891
2201.063106
2169.016196
2648.974734
2338.964807
2910.006936
2781.985376
2477.012354
2791.930756
2684.957020
2332.997879
2279.053717
2198.589743
2288.545206
2653.001986
2935.869219
2886.865921
2335.413197
2111.031336
2392.988308
2099.019481
2127.048611
2601.977896
2647.995538
2470.001565
2338.995142
2218.012922
2121.043580
2652.029801
2264.883002
2091.004251
2950.976844
2848.964688
2149.028010
2770.538030
2154.187073
2279.015907
2391.966016
2302.008395
2502.989138
2360.964181
2954.963141
2622.010286
2557.018366
2532.004604
2378.996572
2056.041770
2597.995973
2704.947536
2250.005525
2743.022981
2693.965762
2708.958428
2894.938531
2315.002237
2018.043047
2208.683947
2297.708960
2439.038827
2600.034839
2062.150277
2960.927503
2517.024934
2934.958681
2268.005905
2819.003632
2709.940568
2875.356456
2274.279536
2932.249755
2456.043866
2675.969499
2181.031247
2815.088412
2989.944940
2904.980326
2523.999251
2628.028353
2935.895416
2317.046404
2890.768248
2902.998733
2786.089597
2333.097422
2148.106474
2270.060581
2674.005789
2862.085186
2646.045955
2903.058888
2141.095421
2319.949205
2978.916035
2502.015955
2183.022383
2843.938969
2661.011421
2720.968872
2489.961782
2656.996388
2803.039091
2900.093155
2980.952235
2685.986508
2532.024721
2834.982382
2772.016283
2861.000258
2318.994931
2860.014501
2812.916882
2352.965325
2344.973307
2331.965132
2691.998772
2515.025002
2296.283882
2176.071687
2527.974639
2018.040024
2078.049515
2172.994137
2884.109593
2506.131289
2023.047976
2039.028807
2783.973064
2811.007439
2407.977967
2130.035825
2286.739261
2942.816059
2486.992313
2288.037333
2890.288892
2333.131314
2789.951419
2628.039948
2761.234395
2157.000718
2741.012258
2587.028412
2621.014369
2823.065740
2540.003595
2198.042515
2292.967506
2982.849600
2611.996273
2391.003822
2438.990732
2031.045565
2619.068436
2870.024801
2483.024800
2761.963216
2861.956665
2905.019265
2122.013887
2018.046185
2048.035580
2759.997297
2850.921358
2380.951191
2808.942356
2920.580991
2158.019694
2567.017498
2318.689801
2178.997791
2610.053010
2970.878365
2843.938349
2941.826666
2071.077364
2425.966534
2279.009119
2639.991153
2818.919799
2762.010609
2164.042147
2162.009936
2448.030275
2365.950685
2907.924107
2526.947579
2567.014765
2685.924278
2855.983620
2005.030363
2241.114934
2966.924764
2009.070566
2163.009719
2647.077702
2235.185428
2048.039815
2865.994483
2705.082046
2685.003304
2732.955862
2201.077136
2169.019795
2648.969118
2338.956981
2910.008478
2781.982125
2477.015100
2791.915362
2684.947464
2332.997409
2279.065662
2198.725755
2288.670796
2653.002423
2935.840122
2887.106952
2335.250444
2111.038300
2392.985710
2099.023808
2127.059417
2601.972981
2647.994547
2470.001912
2338.994062
2218.015794
2121.053264
2652.036417
2264.856903
2091.005188
2950.971701
2848.956842
2149.034236
2770.432626
2154.229505
2279.019443
2391.958463
2302.010260
2502.986724
2360.956219
2954.954949
2622.012571
2557.022447
2532.005627
2378.995810
2056.051053
2597.995078
2704.935863
2250.006751
2743.028095
2693.958148
2708.949183
2894.924804
2315.002735
2018.052613
2208.611068
2297.641917
2439.047457
2600.042584
2062.183731
2960.911371
2517.030475
2934.949499
2268.007217
2819.004439
2709.927310
2875.436387
2274.342600
2932.306094
2456.053617
2675.962718
