2385.000028
2992.998394
2548.000355
2182.999370
2045.001576
2133.001551
2282.999076
2588.998371
2377.001468
2041.998677
2881.999207
2553.000006
2415.001600
2416.999719
2107.000184
2796.999538
2944.999369
2897.999616
2433.999632
2669.999489
2727.000928
2407.000375
2628.000649
2307.000042
2768.999748
2704.999355
2215.999795
2987.997856
2367.999959
2716.999496
2173.002066
2600.003228
2667.999484
2015.000990
2145.000932
2122.002379
2586.000205
2419.999427
2264.000573
2854.000729
2417.999037
2932.999926
2268.999373
2561.000212
2303.000266
2681.999658
2822.999308
2250.000237
2932.998888
2617.999535
2437.000320
2144.000012
2845.996659
2812.000353
2671.998037
2309.000180
2296.001540
2895.999969
2170.000561
2160.000666
2714.999646
2929.999013
2667.000113
2550.999534
2925.999063
2207.000243
2243.000371
2030.000832
2547.000560
2314.999950
2568.999330
2104.000592
2190.999043
2949.999282
2180.000856
2622.998986
2292.000011
2270.999934
2822.998191
2441.999657
2560.999304
2157.000485
2230.999425
2176.000261
2815.001087
2101.997550
2081.000385
2697.000186
2597.000077
2245.000666
2084.000561
2166.000385
2066.998234
2357.997690
2215.000302
2538.000571
2671.999371
2182.000519
2025.001924
2357.998671
2242.000207
2918.999745
2741.999715
2501.999361
2793.998964
2669.000670
2051.999233
2749.999716
2693.000215
2699.999736
2002.001841
2136.000671
2415.000371
2203.999492
2778.000130
2419.000674
2116.999064
2443.000561
2079.001185
2467.998981
2482.999033
2062.004730
2748.000327
2804.999657
2836.999936
2598.999486
2380.000849
2003.001282
2620.999834
2049.000661
2458.998823
2403.000531
2815.999825
2817.999729
2178.014000
2948.001433
2783.000858
2065.001545
2922.998717
2496.000458
2067.996877
2331.000410
2484.997839
2078.988583
2108.000898
2915.999588
2048.000516
2297.003875
2090.999747
2270.000918
2833.996514
2082.002658
2713.999939
2898.003300
2148.997784
2428.001006
2356.000004
2563.999958
2005.001514
2486.999290
2475.007929
2555.004403
2007.002187
2391.998499
2696.000499
2499.999738
2335.999468
2900.999819
2331.001113
2991.998649
2375.999602
2827.000217
2822.999566
2892.999246
2441.001325
2042.001535
2007.001473
2749.999738
2989.999333
2755.999822
2470.002583
2582.994258
2634.000450
2941.999395
2876.999658
2989.999289
2036.001913
2326.001699
2196.999655
2656.997971
2627.999936
2384.999269
2492.991316
2560.998316
2608.000963
2353.999550
2150.999450
2361.000370
2611.000227
2702.999624
2385.000083
2992.995183
2548.001065
2182.998111
2045.004727
2133.004652
2282.997227
2588.995114
2377.004405
2041.996031
2881.997622
2553.000018
2415.004802
2416.999157
2107.000552
2796.998613
2944.998108
2897.998847
2433.998897
2669.998468
2727.002783
2407.001125
2628.001947
2307.000126
2768.999245
2704.998065
2215.999386
2987.993568
2367.999878
2716.998487
2173.006198
2600.009684
2667.998451
2015.002970
2145.002797
2122.007136
2586.000614
2419.998281
2264.001718
2854.002186
2417.997111
2932.999777
2268.998119
2561.000635
2303.000798
2681.998974
2822.997923
2250.000712
2932.996665
2617.998606
2437.000961
2144.000036
2845.989977
2812.001059
2671.994111
2309.000540
2296.004622
2895.999907
2170.001683
2160.001997
2714.998938
2929.997040
2667.000338
2550.998603
2925.997188
2207.000730
2243.001113
2030.002495
2547.001681
2314.999850
2568.997989
2104.001776
2190.997124
2949.997845
2180.002569
2622.996959
2292.000034
2270.999802
2822.994574
2441.998972
2560.997912
2157.001455
2230.998275
2176.000782
2815.003262
2101.992649
2081.001155
2697.000559
2597.000232
2245.001999
2084.001682
2166.001156
2066.994703
2357.993069
2215.000907
2538.001712
2671.998113
2182.001558
2025.005772
2357.996012
2242.000620
2918.999234
2741.999145
2501.998084
2793.996893
2669.002010
2051.997699
2749.999147
2693.000646
2699.999208
2002.005524
2136.002014
2415.001113
2203.998477
2778.000390
2419.002021
2116.997191
2443.001684
2079.003555
2467.996942
2482.997100
2062.014198
2748.000982
2804.998972
2836.999808
2598.998457
2380.002546
2003.003846
2620.999502
2049.001984
2458.996469
2403.001593
2815.999476
2817.999186
2178.042030
2948.004303
2783.002574
2065.004634
2922.996152
2496.001373
2067.990630
2331.001229
2484.993512
2078.965725
2108.002695
2915.998764
2048.001547
2297.011627
2090.999241
2270.002755
2833.989541
2082.007976
2713.999816
2898.009901
2148.993351
2428.003017
2356.000012
2563.999875
2005.004541
2486.997870
2475.023803
2555.013215
2007.006560
2391.995496
2696.001496
2499.999215
2335.998405
2900.999457
2331.003340
2991.995948
2375.998807
2827.000652
2822.998697
2892.997739
2441.003974
2042.004605
2007.004418
2749.999215
2989.998000
2755.999466
2470.007752
2582.982770
2634.001349
2941.998186
2876.998973
2989.997868
2036.005739
2326.005097
2196.998964
2656.993912
2627.999807
2384.997806
2492.973934
2560.994944
2608.002888
2353.998649
2150.998350
2361.001110
2611.000682
2702.998872
2385.000166
2992.990365
2548.002131
2182.996221
2045.009455
2133.009303
2282.994454
2588.990227
2377.008811
2041.992060
2881.995244
2553.000037
2415.009604
2416.998314
2107.001104
2796.997227
2944.996216
2897.997694
2433.997794
2669.996936
2727.005567
2407.002250
2628.003895
2307.000251
2768.998490
2704.996129
2215.998772
2987.987136
2367.999755
2716.996973
2173.012397
2600.019373
2667.996903
2015.005941
2145.005595
2122.014273
2586.001228
2419.996562
2264.003435
2854.004373
2417.994222
2932.999555
2268.996238
2561.001271
2303.001596
2681.997948
2822.995845
2250.001423
2932.993330
2617.997213
2437.001923
2144.000071
2845.979952
2812.002119
2671.988221
2309.001081
2296.009244
2895.999814
2170.003367
2160.003993
2714.997876
2929.994079
2667.000677
2550.997206
2925.994376
2207.001460
2243.002226
2030.004991
2547.003363
2314.999700
2568.995978
2104.003551
2190.994234
2949.995688
2180.005137
2622.993915
2292.000068
2270.999604
2822.989148
2441.997944
2560.995825
2157.002911
2230.996550
2176.001565
2815.006526
2101.985294
2081.002309
2697.001118
2597.000464
2245.003998
2084.003364
2166.002312
2066.989403
2357.986135
2215.001813
2538.003424
2671.996227
2182.003116
2025.011545
2357.992023
2242.001240
2918.998468
2741.998289
2501.996168
2793.993786
2669.004021
2051.995398
2749.998294
2693.001291
2699.998415
2002.011048
2136.004029
2415.002226
2203.996955
2778.000780
2419.004042
2116.994381
2443.003368
2079.007111
2467.993883
2482.994204
2062.028422
2748.001964
2804.997945
2836.999616
2598.996914
2380.005092
2003.007692
2620.999004
2049.003967
2458.992937
2403.003185
2815.998952
2817.998373
2178.084154
2948.008622
2783.005149
2065.009268
2922.992304
2496.002746
2067.981256
2331.002459
2484.987013
2078.931384
2108.005389
2915.997527
2048.003094
2297.023257
2090.998481
2270.005511
2833.979079
2082.015954
2713.999632
2898.019804
2148.986702
2428.006035
2356.000023
2563.999750
2005.009082
2486.995741
2475.047652
2555.026448
2007.013121
2391.990991
2696.002992
2499.998429
2335.996810
2900.998914
2331.006679
2991.991896
2375.997613
2827.001303
2822.997395
2892.995478
2441.007949
2042.009210
2007.008836
2749.998431
2989.996001
2755.998932
2470.015511
2582.965529
2634.002698
2941.996371
2876.997947
2989.995736
2036.011478
2326.010195
2196.997927
2656.987823
2627.999613
2384.995612
2492.947824
2560.989878
2608.005776
2353.997298
2150.996700
2361.002221
2611.001364
2702.997744
2385.000277
2992.983942
2548.003551
2182.993702
2045.015758
2133.015506
2282.990756
2588.983711
2377.014685
2041.986766
2881.992073
2553.000061
2415.016008
2416.997190
2107.001840
2796.995378
2944.993694
2897.996157
2433.996323
2669.994893
2727.009278
2407.003751
2628.006493
2307.000419
2768.997483
2704.993549
2215.997952
2987.978559
2367.999592
2716.994955
2173.020664
2600.032297
2667.994838
2015.009901
2145.009325
2122.023789
2586.002047
2419.994269
2264.005725
2854.007288
2417.990370
2932.999258
2268.993730
2561.002119
2303.002661
2681.996579
2822.993075
2250.002372
2932.988884
2617.995355
2437.003204
2144.000118
2845.966583
2812.003532
2671.980368
2309.001801
2296.015409
2895.999691
2170.005611
2160.006656
2714.996461
2929.990131
2667.001128
2550.995344
2925.990626
2207.002434
2243.003710
2030.008318
2547.005604
2314.999500
2568.993297
2104.005919
2190.990359
2949.992808
2180.008561
2622.989853
2292.000113
2270.999341
2822.981913
2441.996572
2560.993041
2157.004852
2230.994250
2176.002608
2815.010884
2101.975482
2081.003848
2697.001864
2597.000773
2245.006663
2084.005606
2166.003854
2066.982335
2357.976888
2215.003022
2538.005707
2671.993711
2182.005193
2025.019245
2357.986702
2242.002066
2918.997446
2741.997149
2501.993613
2793.989643
2669.006702
2051.992330
2749.997156
2693.002152
2699.997359
2002.018413
2136.006715
2415.003710
2203.994925
2778.001301
2419.006737
2116.990634
2443.005614
2079.011852
2467.989805
2482.990347
2062.047426
2748.003273
2804.996575
2836.999360
2598.994856
2380.008487
2003.012820
2620.998340
2049.006612
2458.988227
2403.005309
2815.998253
2817.997288
2178.140464
2948.014403
2783.008584
2065.015448
2922.987173
2496.004576
2067.968754
2331.004098
2484.978332
2078.885489
2108.008982
2915.995879
2048.005156
2297.038766
2090.997469
2270.009185
2833.965123
2082.026598
2713.999386
2898.033014
2148.977836
2428.010059
2356.000038
2563.999583
2005.015137
2486.992901
2475.079523
2555.044122
2007.021869
2391.984984
2696.004986
2499.997382
2335.994682
2900.998190
2331.011133
2991.986494
2375.996022
2827.002173
2822.995658
2892.992464
2441.013249
2042.015351
2007.014726
2749.997385
2989.993334
2755.998220
2470.025869
2582.942521
2634.004497
2941.993952
2876.996578
2989.992893
2036.019132
2326.016994
2196.996545
2656.979703
2627.999355
2384.992686
2492.912942
2560.983106
2608.009626
2353.995497
2150.994499
2361.003701
2611.002274
2702.996240
2385.000416
2992.975912
2548.005327
2182.990551
2045.023638
2133.023260
2282.986133
2588.975565
2377.022028
2041.980145
2881.988109
2553.000092
2415.024014
2416.995783
2107.002760
2796.993067
2944.990541
2897.994235
2433.994485
2669.992339
2727.013917
2407.005626
2628.009741
2307.000628
2768.996224
2704.990323
2215.996928
2987.967837
2367.999388
2716.992433
2173.031001
2600.048463
2667.992257
2015.014852
2145.013989
2122.035685
2586.003071
2419.991404
2264.008588
2854.010932
2417.985554
2932.998888
2268.990595
2561.003179
2303.003991
2681.994869
2822.989613
2250.003558
2932.983326
2617.993032
2437.004806
2144.000177
2845.949866
2812.005300
2671.970549
2309.002701
2296.023116
2895.999537
2170.008417
2160.009984
2714.994691
2929.985195
2667.001692
2550.993016
2925.985939
2207.003650
2243.005564
2030.012477
2547.008407
2314.999251
2568.989945
2104.008878
2190.985478
2949.989203
2180.012838
2622.984770
2292.000169
2270.999011
2822.972868
2441.994858
2560.989561
2157.007279
2230.991375
2176.003912
2815.016339
2101.963208
2081.005772
2697.002796
2597.001160
2245.009995
2084.008409
2166.005781
2066.973496
2357.965325
2215.004534
2538.008561
2671.990567
2182.007789
2025.028872
2357.980047
2242.003099
2918.996169
2741.995724
2501.990419
2793.984463
2669.010054
2051.988492
2749.995734
2693.003228
2699.996039
2002.027620
2136.010072
2415.005565
2203.992387
2778.001952
2419.010106
2116.985948
2443.008422
2079.017780
2467.984707
2482.985536
2062.071245
2748.004910
2804.994862
2836.999041
2598.992283
2380.012731
2003.019230
2620.997510
2049.009918
2458.982338
2403.007965
2815.997381
2817.995932
2178.211089
2948.021669
2783.012879
2065.023174
2922.980760
2496.006864
2067.953117
2331.006149
2484.967453
2078.827951
2108.013473
2915.993818
2048.007732
2297.058159
2090.996203
2270.013778
2833.947669
2082.039911
2713.999080
2898.049533
2148.966751
2428.015089
2356.000058
2563.999374
2005.022705
2486.989351
2475.119480
2555.066261
2007.032804
2391.977475
2696.007480
2499.996073
2335.992023
2900.997285
2331.016700
2991.979740
2375.994032
2827.003259
2822.993487
2892.988695
2441.019875
2042.023029
2007.022091
2749.996077
2989.990002
2755.997330
2470.038835
2582.913733
2634.006746
2941.990928
2876.994867
2989.989340
2036.028702
2326.025494
2196.994817
2656.969553
2627.999033
2384.989028
2492.869229
2560.974614
2608.014440
2353.993246
2150.991749
2361.005552
2611.003411
2702.994360
2385.000583
2992.966275
2548.007458
2182.986770
2045.033095
2133.032564
2282.980583
2588.965787
2377.030839
2041.972198
2881.983352
2553.000129
2415.033623
2416.994095
2107.003865
2796.990294
2944.986757
2897.991929
2433.992279
2669.989275
2727.019486
2407.007878
2628.013640
2307.000880
2768.994714
2704.986451
2215.995697
2987.954970
2367.999143
2716.989405
2173.043410
2600.067877
2667.989159
2015.020792
2145.019586
2122.049961
2586.004300
2419.987965
2264.012024
2854.015305
2417.979775
2932.998443
2268.986832
2561.004451
2303.005588
2681.992816
2822.985458
2250.004981
2932.976656
2617.990244
2437.006728
2144.000247
2845.929800
2812.007423
2671.958764
2309.003781
2296.032368
2895.999352
2170.011784
2160.013977
2714.992567
2929.979270
2667.002369
2550.990222
2925.980314
2207.005111
2243.007790
2030.017467
2547.011770
2314.998951
2568.985923
2104.012430
2190.979568
2949.984868
2180.017969
2622.978662
2292.000236
2270.998616
2822.962012
2441.992799
2560.985385
2157.010193
2230.987924
2176.005476
2815.022896
2101.948465
2081.008081
2697.003914
2597.001624
2245.013993
2084.011772
2166.008093
2066.962882
2357.951441
2215.006348
2538.011986
2671.986793
2182.010905
2025.040428
2357.972056
2242.004338
2918.994637
2741.994013
2501.986586
2793.978247
2669.014077
2051.983886
2749.994028
2693.004520
2699.994454
2002.038669
2136.014102
2415.007792
2203.989341
2778.002735
2419.014150
2116.980324
2443.011792
2079.024894
2467.978587
2482.979777
2062.099923
2748.006874
2804.992807
2836.998657
2598.989196
2380.017824
2003.026922
2620.996514
2049.013885
2458.975270
2403.011152
2815.996334
2817.994304
2178.296192
2948.030446
2783.018035
2065.032446
2922.973064
2496.009610
2067.934342
2331.008611
2484.954359
2078.758651
2108.018862
2915.991345
2048.010821
2297.081438
2090.994684
2270.019290
2833.926710
2082.055900
2713.998711
2898.069368
2148.953448
2428.021127
2356.000081
2563.999124
2005.031788
2486.985091
2475.167603
2555.092896
2007.045927
2391.968463
2696.010473
2499.994502
2335.988830
2900.996199
2331.023381
2991.971636
2375.991645
2827.004563
2822.990882
2892.984173
2441.027828
2042.032245
2007.030929
2749.994508
2989.986002
2755.996262
2470.054422
2582.879143
2634.009444
2941.987299
2876.992814
2989.985076
2036.040189
2326.035697
2196.992742
2656.957370
2627.998647
2384.984639
2492.816610
2560.964383
2608.020217
2353.990544
2150.988448
2361.007772
2611.004775
2702.992104
2385.000777
2992.955032
2548.009944
2182.982357
2045.044129
2133.043421
2282.974106
2588.954379
2377.041120
2041.962923
2881.977803
2553.000172
2415.044838
2416.992125
2107.005153
2796.987059
2944.982343
2897.989239
2433.989705
2669.985700
2727.025982
2407.010505
2628.018191
2307.001174
2768.992953
2704.981934
2215.994261
2987.939957
2367.998857
2716.985874
2173.057893
2600.090547
2667.985545
2015.027723
2145.026117
2122.066617
2586.005733
2419.983953
2264.016032
2854.020407
2417.973033
2932.997926
2268.982442
2561.005936
2303.007451
2681.990422
2822.980611
2250.006641
2932.968874
2617.986992
2437.008970
2144.000329
2845.906379
2812.009901
2671.945013
2309.005041
2296.043165
2895.999137
2170.015713
2160.018636
2714.990089
2929.972357
2667.003158
2550.986963
2925.973752
2207.006814
2243.010387
2030.023290
2547.015694
2314.998601
2568.981231
2104.016573
2190.972597
2949.979799
2180.023951
2622.971524
2292.000315
2270.998154
2822.949345
2441.990397
2560.980512
2157.013594
2230.983898
2176.007302
2815.030561
2101.931248
2081.010774
2697.005218
2597.002166
2245.018658
2084.015695
2166.010790
2066.950491
2357.935235
2215.008464
2538.015983
2671.982391
2182.014540
2025.053916
2357.962725
2242.005783
2918.992850
2741.992017
2501.982115
2793.970993
2669.018773
2051.978509
2749.992037
2693.006027
2699.992605
2002.051559
2136.018803
2415.010389
2203.985788
2778.003650
2419.018868
2116.973761
2443.015725
2079.033196
2467.971447
2482.973077
2062.133514
2748.009166
2804.990410
2836.998210
2598.985595
2380.023765
2003.035896
2620.995352
2049.018513
2458.967021
2403.014871
2815.995114
2817.992405
2178.395972
2948.040767
2783.024055
2065.043266
2922.964085
2496.012814
2067.912422
2331.011484
2484.939026
2078.677449
2108.025149
2915.988460
2048.014422
2297.108610
2090.992913
2270.025721
2833.902240
2082.074570
2713.998281
2898.092524
2148.937924
2428.028172
2356.000107
2563.998832
2005.042384
2486.980122
2475.223989
2555.124068
2007.061238
2391.957948
2696.013964
2499.992669
2335.985105
2900.994932
2331.031176
2991.962180
2375.988860
2827.006084
2822.987843
2892.978898
2441.037109
2042.043001
2007.041241
2749.992678
2989.981336
2755.995015
2470.072645
2582.838727
2634.012593
2941.983064
2876.990418
2989.980101
2036.053595
2326.047605
2196.990321
2656.943154
2627.998195
2384.979517
2492.754992
2560.952390
2608.026957
2353.987392
2150.984596
2361.010363
2611.006366
2702.989472
2385.001000
2992.942182
2548.012786
2182.977311
2045.056741
2133.055829
2282.966700
2588.941337
2377.052869
2041.952317
2881.971461
2553.000222
2415.057658
2416.989872
2107.006625
2796.983362
2944.977298
2897.986164
2433.986764
2669.981615
2727.033408
2407.013508
2628.023395
2307.001510
2768.990940
2704.976771
2215.992619
2987.922798
2367.998530
2716.981838
2173.074455
2600.116483
2667.981415
2015.035644
2145.033582
2122.085655
2586.007372
2419.979368
2264.020613
2854.026239
2417.965327
2932.997334
2268.977425
2561.007634
2303.009580
2681.987685
2822.975071
2250.008539
2932.959980
2617.983275
2437.011533
2144.000422
2845.879601
2812.012737
2671.929293
2309.006480
2296.055510
2895.998892
2170.020204
2160.023960
2714.987257
2929.964452
2667.004061
2550.983238
2925.966253
2207.008761
2243.013355
2030.029944
2547.020178
2314.998200
2568.975868
2104.021308
2190.964529
2949.973990
2180.030782
2622.963351
2292.000405
2270.997627
2822.934866
2441.987651
2560.974942
2157.017483
2230.979295
2176.009387
2815.039343
2101.911546
2081.013852
2697.006710
2597.002785
2245.023989
2084.020178
2166.013871
2066.936319
2357.916701
2215.010884
2538.020550
2671.977360
2182.018694
2025.069339
2357.952052
2242.007434
2918.990808
2741.989736
2501.977004
2793.962702
2669.024142
2051.972360
2749.989762
2693.007749
2699.990492
2002.066292
2136.024177
2415.013358
2203.981726
2778.004697
2419.024262
2116.966256
2443.020222
2079.042687
2467.963284
2482.965445
2062.172081
2748.011785
2804.987670
2836.997699
2598.981478
2380.030555
2003.046152
2620.994025
2049.023802
2458.957591
2403.019123
2815.993720
2817.990235
2178.510670
2948.052670
2783.030938
2065.055634
2922.953823
2496.016476
2067.887348
2331.014770
2484.921428
2078.584173
2108.032335
2915.985162
2048.018535
2297.139678
2090.990888
2270.033072
2833.874248
2082.095930
2713.997789
2898.119008
2148.920179
2428.036225
2356.000138
2563.998499
2005.054495
2486.974442
2475.288757
2555.159822
2007.078737
2391.945928
2696.017956
2499.990574
2335.980845
2900.993484
2331.040086
2991.951372
2375.985677
2827.007823
2822.984369
2892.972868
2441.047719
2042.055297
2007.053027
2749.990585
2989.976004
2755.993591
2470.093524
2582.792458
2634.016192
2941.978225
2876.987681
2989.974415
2036.068922
2326.061219
2196.987554
2656.926903
2627.997680
2384.973663
2492.684266
2560.938609
2608.034661
2353.983790
2150.980194
2361.013324
2611.008185
2702.986464
2385.001251
2992.927724
2548.015984
2182.971633
2045.070931
2133.069790
2282.958365
2588.926662
2377.066088
2041.940380
2881.964325
2553.000278
2415.072085
2416.987336
2107.008281
2796.979202
2944.971623
2897.982706
2433.983454
2669.977019
2727.041764
2407.016888
2628.029253
2307.001889
2768.988676
2704.970962
2215.990769
2987.903492
2367.998163
2716.977297
2173.093097
2600.145696
2667.976768
2015.044556
2145.041983
2122.107075
2586.009215
2419.974209
2264.025767
2854.032800
2417.956656
2932.996670
2268.971780
2561.009546
2303.011975
2681.984606
2822.968839
2250.010673
2932.949975
2617.979094
2437.014415
2144.000527
2845.849458
2812.015929
2671.911602
2309.008099
2296.069404
2895.998617
2170.025257
2160.029950
2714.984071
2929.955557
2667.005077
2550.979047
2925.957816
2207.010951
2243.016693
2030.037431
2547.025224
2314.997750
2568.969835
2104.026635
2190.955321
2949.967434
2180.038462
2622.954137
2292.000506
2270.997034
2822.918574
2441.984559
2560.968676
2157.021862
2230.974117
2176.011734
2815.049248
2101.889351
2081.017314
2697.008387
2597.003483
2245.029987
2084.025221
2166.017338
2066.920360
2357.895834
2215.013607
2538.025690
2671.971699
2182.023368
2025.086699
2357.940033
2242.009292
2918.988511
2741.987171
2501.971253
2793.953373
2669.030184
2051.965439
2749.987202
2693.009687
2699.988115
2002.082867
2136.030223
2415.016698
2203.977157
2778.005878
2419.030331
2116.957809
2443.025283
2079.053367
2467.954100
2482.956893
2062.215700
2748.014732
2804.984587
2836.997125
2598.976846
2380.038194
2003.057691
2620.992532
2049.029751
2458.946977
2403.023908
2815.992154
2817.987794
2178.640568
2948.066203
2783.038688
2065.069551
2922.942278
2496.020596
2067.859114
2331.018469
2484.901534
2078.478624
2108.040418
2915.981453
2048.023157
2297.174650
2090.988610
2270.041343
2833.842724
2082.119989
2713.997236
2898.148829
2148.900210
2428.045287
2356.000172
2563.998124
2005.068120
2486.968052
2475.362044
2555.200211
2007.098426
2391.932404
2696.022447
2499.988216
2335.976052
2900.991855
2331.050111
2991.939214
2375.982096
2827.009780
2822.980462
2892.966084
2441.059659
2042.069136
2007.066289
2749.988232
2989.970005
2755.991989
2470.117077
2582.740302
2634.020241
2941.972781
2876.984601
2989.968019
2036.086172
2326.076541
2196.984439
2656.908616
2627.997100
2384.967077
2492.604302
2560.923006
2608.043329
2353.979737
2150.975242
2361.016655
2611.010232
2702.983080
2385.001529
2992.911659
2548.019537
2182.965321
2045.086700
2133.085304
2282.949100
2588.910351
2377.080776
2041.927109
2881.956397
2553.000341
2415.088122
2416.984515
2107.010121
2796.974580
2944.965316
2897.978862
2433.979777
2669.971913
2727.051050
2407.020644
2628.035767
2307.002310
2768.986161
2704.964506
2215.988712
2987.882039
2367.997755
2716.972251
2173.113824
2600.178199
2667.971605
2015.054458
2145.051319
2122.130878
2586.011263
2419.968477
2264.031494
2854.040091
2417.947022
2932.995933
2268.965507
2561.011671
2303.014637
2681.981185
2822.961914
2250.013045
2932.938857
2617.974447
2437.017617
2144.000642
2845.815947
2812.019481
2671.891940
2309.009896
2296.084850
2895.998312
2170.030872
2160.036606
2714.980531
2929.945669
2667.006206
2550.974391
2925.948441
2207.013385
2243.020403
2030.045749
2547.030830
2314.997249
2568.963132
2104.032554
2190.944921
2949.960124
2180.046988
2622.943874
2292.000619
2270.996374
2822.900468
2441.981122
2560.961712
2157.026730
2230.968362
2176.014341
2815.060287
2101.864651
2081.021160
2697.010251
2597.004258
2245.036653
2084.030824
2166.021189
2066.902610
2357.872629
2215.016633
2538.031401
2671.965410
2182.028562
2025.105999
2357.926662
2242.011355
2918.985959
2741.984320
2501.964863
2793.943004
2669.036900
2051.957743
2749.984358
2693.011840
2699.985474
2002.101285
2136.036941
2415.020410
2203.972079
2778.007192
2419.037076
2116.948419
2443.030910
2079.065237
2467.943891
2482.947432
2062.264457
2748.018006
2804.981162
2836.996487
2598.971698
2380.046682
2003.070512
2620.990873
2049.036362
2458.935179
2403.029226
2815.990415
2817.985080
2178.785998
2948.081419
2783.047307
2065.085019
2922.929451
2496.025174
2067.827708
2331.022583
2484.879307
2078.360570
2108.049400
2915.977331
2048.028288
2297.213533
2090.986080
2270.050535
2833.807658
2082.146758
2713.996621
2898.181996
2148.878017
2428.055359
2356.000210
2563.997707
2005.083259
2486.960951
2475.444009
2555.245299
2007.120304
2391.917374
2696.027437
2499.985597
2335.970723
2900.990045
2331.061252
2991.925703
2375.978116
2827.011955
2822.976120
2892.958547
2441.072930
2042.084520
2007.081027
2749.985616
2989.963339
2755.990209
2470.143331
2582.682223
2634.024740
2941.966732
2876.981179
2989.960911
2036.105348
2326.093575
2196.980976
2656.888291
2627.996456
2384.959758
2492.514951
2560.905546
2608.052961
2353.975234
2150.969738
2361.020356
2611.012506
2702.979321
