2113.000542
2283.000588
2198.001629
2601.000285
2094.140620
2506.045727
2155.000610
2716.000637
2008.001103
2592.999455
2243.998363
2616.000685
2145.001493
2192.999645
2466.001956
2357.001099
2436.000779
2311.000944
2340.999406
2658.999812
2208.999753
2772.000103
2501.999658
2970.998754
2617.999551
2416.999092
2719.999538
2923.998887
2859.999460
2932.005502
2188.009706
2528.009046
2256.999757
2026.001037
2446.999809
2491.999305
2222.000671
2929.000016
2440.000014
2270.001278
2748.999612
2831.000105
2342.000271
2333.998802
2536.000181
2304.001739
2588.000138
2024.000634
2708.999785
2884.999892
2069.999603
2425.000798
2752.000977
2034.003377
2626.999432
2832.999507
2211.001118
2056.000344
2106.001387
2847.999896
2660.991324
2597.997739
2339.971915
2292.006017
2341.999633
2828.000009
2113.001406
2767.999992
2807.999063
2829.000190
2139.000496
2899.999090
2646.999494
2004.000939
2533.000057
2630.999871
2263.999961
2194.000414
2570.999768
2300.001421
2853.005198
2960.998207
2966.999393
2301.000214
2413.999726
2642.999849
2517.999974
2108.000233
2998.999280
2915.999909
2364.000157
2407.999735
2154.999513
2407.000714
2333.032981
2292.997279
2991.999439
2556.999466
2059.002930
2480.000204
2973.999182
2333.999044
2839.999038
2300.999819
2996.999414
2067.000218
2334.999972
2937.999220
2441.000029
2936.999275
2727.999243
2652.999767
2267.999580
2808.999615
2810.999408
2493.999962
2337.999957
2485.999697
2410.001294
2896.999639
2430.999461
2871.001006
2765.999198
2063.000149
2402.000451
2061.000363
2033.002391
2396.001851
2772.999422
2189.000049
2781.999639
2269.000137
2197.993265
2536.994321
2373.999602
2700.999956
2490.999383
2390.997067
2165.000701
2800.998840
2671.994598
2585.004288
2511.997928
2351.001547
2653.999400
2753.000407
2567.000349
2786.000285
2066.001442
2911.999143
2853.999102
2046.000677
2647.006732
2596.000598
2249.999839
2970.998280
2697.999047
2461.999648
2632.999423
2979.999020
2464.000111
2004.000935
2870.999401
2515.999926
2989.999503
2522.000973
2169.001192
2089.000895
2097.000000
2507.000000
2212.999744
2713.000323
2598.999905
2361.000620
2874.991533
2962.997660
2850.999346
2660.999907
2219.001094
2645.997941
2740.000228
2110.999488
2197.999994
2334.000439
2654.998862
2324.000761
2216.998879
2494.001722
2564.999507
2942.999553
2178.000491
2156.000688
2835.999136
2107.999444
2443.000423
2982.997376
2668.999902
2186.000257
2709.999146
2757.000135
2113.001625
2283.001763
2198.004888
2601.000854
2094.000000
2506.000000
2155.001831
2716.001912
2008.003310
2592.998364
2243.995088
2616.002056
2145.004478
2192.998934
2466.005869
2357.003297
2436.002337
2311.002833
2340.998217
2658.999437
2208.999259
2772.000310
2501.998973
2970.996261
2617.998654
2416.997276
2719.998613
2923.996660
2859.998382
2932.016510
2188.029152
2528.027169
2256.999271
2026.003110
2446.999427
2491.997916
2222.002014
2929.000048
2440.000042
2270.003835
2748.998835
2831.000314
2342.000812
2333.996405
2536.000544
2304.005217
2588.000414
2024.001902
2708.999354
2884.999675
2069.998808
2425.002392
2752.002931
2034.010133
2626.998296
2832.998521
2211.003353
2056.001031
2106.004160
2847.999689
2660.973952
2597.993213
2339.915243
2292.018122
2341.998898
2828.000027
2113.004217
2767.999975
2807.997188
2829.000569
2139.001488
2899.997269
2646.998483
2004.002818
2533.000171
2630.999614
2263.999882
2194.001243
2570.999304
2300.004262
2853.015599
2960.994622
2966.998180
2301.000642
2413.999177
2642.999548
2517.999921
2108.000700
2998.997838
2915.999726
2364.000471
2407.999204
2154.998538
2407.002141
2333.099793
2292.991727
2991.998316
2556.998397
2059.008798
2480.000622
2973.997546
2333.997132
2839.997114
2300.999456
2996.998243
2067.000653
2334.999917
2937.997661
2441.000086
2936.997824
2727.997730
2652.999301
2267.998739
2808.998845
2810.998223
2493.999885
2337.999871
2485.999091
2410.003883
2896.998916
2430.998384
2871.003017
2765.997594
2063.000448
2402.001352
2061.001089
2033.007174
2396.005555
2772.998267
2189.000147
2781.998918
2269.000412
2197.979762
2536.982930
2373.998806
2700.999868
2490.998148
2390.991199
2165.002102
2800.996521
2671.983788
2585.012862
2511.993783
2351.004643
2653.998199
2753.001220
2567.001046
2786.000854
2066.004326
2911.997428
2853.997306
2046.002032
2647.020219
2596.001796
2249.999517
2970.994840
2697.997142
2461.998944
2632.998270
2979.997060
2464.000332
2004.002804
2870.998202
2515.999778
2989.998510
2522.002918
2169.003576
2089.002685
2096.653168
2506.883373
2212.999232
2713.000970
2598.999714
2361.001861
2874.974585
2962.992978
2850.998039
2660.999721
2219.003281
2645.993824
2740.000685
2110.998465
2197.999983
2334.001316
2654.996585
2324.002283
2216.996637
2494.005167
2564.998522
2942.998660
2178.001472
2156.002065
2835.997408
2107.998333
2443.001269
2982.992128
2668.999706
2186.000770
2709.997439
2757.000405
2113.003250
2283.003526
2198.009777
2601.001708
2094.140620
2506.045727
2155.003661
2716.003825
2008.006619
2592.996727
2243.990176
2616.004113
2145.008956
2192.997867
2466.011740
2357.006595
2436.004673
2311.005667
2340.996434
2658.998873
2208.998518
2772.000620
2501.997947
2970.992523
2617.997307
2416.994553
2719.997227
2923.993319
2859.996764
2932.033032
2188.058444
2528.054465
2256.998543
2026.006220
2446.998854
2491.995832
2222.004029
2929.000096
2440.000084
2270.007670
2748.997669
2831.000629
2342.001623
2333.992807
2536.001088
2304.010434
2588.000828
2024.003804
2708.998709
2884.999351
2069.997616
2425.004786
2752.005863
2034.020267
2626.996592
2832.997042
2211.006707
2056.002062
2106.008319
2847.999378
2660.947844
2597.986419
2339.828923
2292.036468
2341.997796
2828.000053
2113.008435
2767.999949
2807.994377
2829.001138
2139.002977
2899.994538
2646.996966
2004.005637
2533.000342
2630.999227
2263.999763
2194.002486
2570.998609
2300.008525
2853.031217
2960.989244
2966.996361
2301.001284
2413.998354
2642.999095
2517.999842
2108.001401
2998.995677
2915.999451
2364.000942
2407.998407
2154.997075
2407.004281
2333.201968
2292.983138
2991.996632
2556.996794
2059.017604
2480.001251
2973.995092
2333.994263
2839.994227
2300.998913
2996.996486
2067.001306
2334.999834
2937.995323
2441.000172
2936.995647
2727.995460
2652.998601
2267.997479
2808.997690
2810.996446
2493.999770
2337.999742
2485.998182
2410.007765
2896.997832
2430.996768
2871.006035
2765.995188
2063.000894
2402.002705
2061.002177
2033.014348
2396.011110
2772.996533
2189.000294
2781.997835
2269.000825
2197.959471
2536.965813
2373.997611
2700.999735
2490.996296
2390.982395
2165.004205
2800.993041
2671.967561
2585.025723
2511.987564
2351.009287
2653.996399
2753.002439
2567.002092
2786.001708
2066.008652
2911.994857
2853.994613
2046.004064
2647.040499
2596.003599
2249.999034
2970.989681
2697.994283
2461.997889
2632.996540
2979.994120
2464.000664
2004.005607
2870.996404
2515.999557
2989.997020
2522.005837
2169.007152
2089.005371
2097.000000
2507.000000
2212.998464
2713.001941
2598.999427
2361.003723
2874.949135
2962.985947
2850.996079
2660.999442
2219.006563
2645.987647
2740.001370
2110.996929
2197.999966
2334.002633
2654.993170
2324.004565
2216.993273
2494.010336
2564.997044
2942.997321
2178.002943
2156.004129
2835.994816
2107.996666
2443.002538
2982.984256
2668.999413
2186.001539
2709.994879
2757.000809
2113.005416
2283.005877
2198.016296
2601.002848
2094.000000
2506.000000
2155.006102
2716.006374
2008.011033
2592.994546
2243.983625
2616.006857
2145.014928
2192.996444
2466.019570
2357.010994
2436.007789
2311.009444
2340.994057
2658.998122
2208.997530
2772.001033
2501.996578
2970.987538
2617.995512
2416.990921
2719.995378
2923.988865
2859.994609
2932.055077
2188.097644
2528.090988
2256.997571
2026.010367
2446.998090
2491.993054
2222.006715
2929.000161
2440.000140
2270.012784
2748.996115
2831.001048
2342.002701
2333.988007
2536.001813
2304.017390
2588.001380
2024.006340
2708.997848
2884.998918
2069.996027
2425.007976
2752.009774
2034.033783
2626.994319
2832.995070
2211.011178
2056.003436
2106.013865
2847.998963
2660.912938
2597.977348
2339.711224
2292.061304
2341.996327
2828.000089
2113.014058
2767.999915
2807.990628
2829.001897
2139.004961
2899.990896
2646.994943
2004.009394
2533.000569
2630.998712
2263.999605
2194.004143
2570.997681
2300.014208
2853.052072
2960.982069
2966.993935
2301.002140
2413.997256
2642.998492
2517.999737
2108.002334
2998.992795
2915.999085
2364.001570
2407.997346
2154.995125
2407.007135
2333.341894
2292.971188
2991.994386
2556.994656
2059.029349
2480.002094
2973.991820
2333.990438
2839.990379
2300.998188
2996.994143
2067.002177
2334.999724
2937.992204
2441.000287
2936.992746
2727.992434
2652.997669
2267.995797
2808.996151
2810.994077
2493.999617
2337.999570
2485.996971
2410.012943
2896.996386
2430.994612
2871.010060
2765.991980
2063.001488
2402.004508
2061.003629
2033.023914
2396.018518
2772.994222
2189.000491
2781.996392
2269.001375
2197.932271
2536.942857
2373.996019
2700.999559
2490.993825
2390.970654
2165.007008
2800.988401
2671.945902
2585.042872
2511.979268
2351.015480
2653.993997
2753.004066
2567.003487
2786.002847
2066.014421
2911.991428
2853.991021
2046.006773
2647.067627
2596.006011
2249.998390
2970.982801
2697.990472
2461.996481
2632.994234
2979.990200
2464.001106
2004.009345
2870.994007
2515.999261
2989.995033
2522.009729
2169.011920
2089.008951
2096.999999
2506.999999
2212.997439
2713.003235
2598.999046
2361.006206
2874.915150
2962.976560
2850.993464
2660.999070
2219.010940
2645.979408
2740.002284
2110.994882
2197.999944
2334.004388
2654.988616
2324.007609
2216.988788
2494.017229
2564.995074
2942.995535
2178.004906
2156.006882
2835.991359
2107.994442
2443.004231
2982.973759
2668.999021
2186.002565
2709.991465
2757.001349
2113.008124
2283.008815
2198.024446
2601.004275
2094.140620
2506.045727
2155.009153
2716.009562
2008.016549
2592.991819
2243.975434
2616.010288
2145.022392
2192.994666
2466.029360
2357.016495
2436.011684
2311.014166
2340.991085
2658.997183
2208.996294
2772.001549
2501.994867
2970.981307
2617.993268
2416.986381
2719.993067
2923.983297
2859.991917
2932.082661
2188.146886
2528.136862
2256.996356
2026.015551
2446.997135
2491.989580
2222.010074
2929.000243
2440.000211
2270.019175
2748.994173
2831.001572
2342.004048
2333.982003
2536.002720
2304.026085
2588.002071
2024.009510
2708.996772
2884.998378
2069.994038
2425.011965
2752.014664
2034.050681
2626.991479
2832.992605
2211.016768
2056.005154
2106.020798
2847.998445
2660.869153
2597.965990
2339.559524
2292.093005
2341.994491
2828.000134
2113.021087
2767.999873
2807.985942
2829.002845
2139.007442
2899.986344
2646.992415
2004.014092
2533.000854
2630.998068
2263.999407
2194.006215
2570.996522
2300.021313
2853.078191
2960.973095
2966.990903
2301.003210
2413.995884
2642.997738
2517.999605
2108.003501
2998.989193
2915.998627
2364.002356
2407.996019
2154.992688
2407.010702
2333.523135
2292.955389
2991.991579
2556.991983
2059.044024
2480.003143
2973.987729
2333.985656
2839.985569
2300.997282
2996.991214
2067.003265
2334.999586
2937.988306
2441.000431
2936.989119
2727.988650
2652.996503
2267.993696
2808.994226
2810.991116
2493.999425
2337.999354
2485.995456
2410.019417
2896.994577
2430.991918
2871.015092
2765.987967
2063.002229
2402.006762
2061.005443
2033.035873
2396.027780
2772.991333
2189.000736
2781.994588
2269.002062
2197.898053
2536.913967
2373.994029
2700.999338
2490.990735
2390.955973
2165.010513
2800.982601
2671.918792
2585.064310
2511.968895
2351.023225
2653.990996
2753.006099
2567.005231
2786.004271
2066.021631
2911.987142
2853.986532
2046.010159
2647.101672
2596.009041
2249.997585
2970.974201
2697.985708
2461.994721
2632.991350
2979.985300
2464.001659
2004.014018
2870.991010
2515.998891
2989.992550
2522.014595
2169.017880
2089.013427
2097.000000
2507.000000
2212.996158
2713.004853
2598.998569
2361.009309
2874.872588
2962.964809
2850.990196
2660.998605
2219.016414
2645.969106
2740.003427
2110.992321
2197.999916
2334.006582
2654.982924
2324.011414
2216.983180
2494.025849
2564.992610
2942.993302
2178.007358
2156.010323
2835.987039
2107.991663
2443.006346
2982.960637
2668.998531
2186.003848
2709.987197
2757.002023
2113.011374
2283.012341
2198.034228
2601.005988
2094.000000
2506.000000
2155.012814
2716.013388
2008.023169
2592.988547
2243.965603
2616.014407
2145.031351
2192.992530
2466.041114
2357.023098
2436.016358
2311.019832
2340.987520
2658.996057
2208.994811
2772.002169
2501.992813
2970.973829
2617.990575
2416.980932
2719.990293
2923.976615
2859.988691
2932.115801
2188.206351
2528.192247
2256.994898
2026.021771
2446.995990
2491.985412
2222.014105
2929.000342
2440.000297
2270.026846
2748.991842
2831.002201
2342.005661
2333.974791
2536.003808
2304.036519
2588.002900
2024.013313
2708.995481
2884.997729
2069.991652
2425.016750
2752.020536
2034.070967
2626.988070
2832.989647
2211.023476
2056.007214
2106.029118
2847.997823
2660.816381
2597.952330
2339.369924
2292.132132
2341.992287
2828.000187
2113.029523
2767.999822
2807.980319
2829.003983
2139.010418
2899.980882
2646.989380
2004.019728
2533.001195
2630.997296
2263.999170
2194.008702
2570.995131
2300.029838
2853.109607
2960.962320
2966.987264
2301.004494
2413.994238
2642.996833
2517.999447
2108.004902
2998.984870
2915.998078
2364.003298
2407.994426
2154.989762
2407.014983
2333.751020
2292.935014
2991.988211
2556.988775
2059.061640
2480.004408
2973.982820
2333.979917
2839.979796
2300.996195
2996.987699
2067.004572
2334.999420
2937.983629
2441.000603
2936.984766
2727.984111
2652.995105
2267.991174
2808.991916
2810.987562
2493.999195
2337.999096
2485.993638
2410.027187
2896.992406
2430.988685
2871.021131
2765.983152
2063.003116
2402.009467
2061.007621
2033.050226
2396.038895
2772.987866
2189.001030
2781.992423
2269.002887
2197.856682
2536.879020
2373.991640
2700.999073
2490.987025
2390.938347
2165.014719
2800.975640
2671.886207
2585.090041
2511.956441
2351.032522
2653.987394
2753.008539
2567.007324
2786.005980
2066.030284
2911.981998
2853.981144
2046.014223
2647.142723
2596.012697
2249.996618
2970.963879
2697.979992
2461.992610
2632.987890
2979.979420
2464.002322
2004.019625
2870.987414
2515.998448
2989.989570
2522.020435
2169.025031
2089.018798
2096.653166
2506.883372
2212.994621
2713.006795
2598.997997
2361.013034
2874.821396
2962.950681
2850.986275
2660.998047
2219.022985
2645.956738
2740.004798
2110.989249
2197.999882
2334.009215
2654.976093
2324.015980
2216.976449
2494.036196
2564.989654
2942.990622
2178.010302
2156.014453
2835.981854
2107.988328
2443.008885
2982.944888
2668.997944
2186.005387
2709.982076
2757.002833
2113.015166
2283.016455
2198.045642
2601.007991
2094.140620
2506.045727
2155.017085
2716.017853
2008.030892
2592.984729
2243.954129
2616.019218
2145.041803
2192.990038
2466.054834
2357.030806
2436.021811
2311.026442
2340.983359
2658.994742
2208.993081
2772.002893
2501.990417
2970.965105
2617.987432
2416.974575
2719.987057
2923.968820
2859.984933
2932.154521
2188.276257
2528.257342
2256.993196
2026.029029
2446.994653
2491.980550
2222.018809
2929.000458
2440.000398
2270.035794
2748.989123
2831.002935
2342.007538
2333.966368
2536.005077
2304.048692
2588.003867
2024.017751
2708.993976
2884.996974
2069.988865
2425.022335
2752.027390
2034.094643
2626.984092
2832.986195
2211.031303
2056.009618
2106.038824
2847.997099
2660.754494
2597.936354
2339.136523
2292.179531
2341.989716
2828.000250
2113.039365
2767.999763
2807.973758
2829.005311
2139.013890
2899.974509
2646.985840
2004.026305
2533.001594
2630.996394
2263.998894
2194.011602
2570.993509
2300.039785
2853.146361
2960.949741
2966.983018
2301.005993
2413.992317
2642.995777
2517.999263
2108.006535
2998.979826
2915.997438
2364.004397
2407.992569
2154.986349
2407.019978
2334.033773
2292.908936
2991.984281
2556.985032
2059.082196
2480.005887
2973.977093
2333.973220
2839.973061
2300.994926
2996.983599
2067.006095
2334.999226
2937.978171
2441.000804
2936.979687
2727.978814
2652.993473
2267.988231
2808.989222
2810.983416
2493.998926
2337.998795
2485.991517
2410.036255
2896.989872
2430.984912
2871.028179
2765.977531
2063.004146
2402.012623
2061.010161
2033.066973
2396.051866
2772.983822
2189.001373
2781.989898
2269.003850
2197.807992
2536.837865
2373.988853
2700.998764
2490.982694
2390.917775
2165.019626
2800.967518
2671.848121
2585.120068
2511.941902
2351.043374
2653.983192
2753.011386
2567.009766
2786.007973
2066.040380
2911.975997
2853.974858
2046.018964
2647.190884
2596.016991
2249.995490
2970.951837
2697.973322
2461.990146
2632.983854
2979.972560
2464.003097
2004.026167
2870.983219
2515.997930
2989.986094
2522.027250
2169.033375
2089.025064
2097.000000
2507.000000
2212.992828
2713.009062
2598.997331
2361.017380
2874.761511
2962.934164
2850.981700
2660.997396
2219.030655
2645.942303
2740.006398
2110.985662
2197.999843
2334.012286
2654.968124
2324.021308
2216.968594
2494.048274
2564.986205
2942.987496
2178.013735
2156.019271
2835.975805
2107.984436
2443.011846
2982.926514
2668.997259
2186.007183
2709.976100
2757.003777
2113.019499
2283.021157
2198.058689
2601.010284
2094.000000
2506.000000
2155.021966
2716.022956
2008.039719
2592.980366
2243.941011
2616.024720
2145.053750
2192.987188
2466.070523
2357.039621
2436.028044
2311.033996
2340.978605
2658.993240
2208.991102
2772.003720
2501.987679
2970.955135
2617.983841
2416.967308
2719.983359
2923.959909
2859.980644
2932.198847
2188.356873
2528.332388
2256.991250
2026.037325
2446.993125
2491.974992
2222.024187
2929.000593
2440.000514
2270.046021
2748.986016
2831.003774
2342.009680
2333.956730
2536.006527
2304.062604
2588.004972
2024.022823
2708.992255
2884.996110
2069.985679
2425.028714
2752.035229
2034.121713
2626.979547
2832.982250
2211.040249
2056.012364
2106.049917
2847.996271
2660.683336
2597.918042
2338.849925
2292.236549
2341.986778
2828.000321
2113.050614
2767.999696
2807.966260
2829.006828
2139.017859
2899.967225
2646.981794
2004.033821
2533.002049
2630.995364
2263.998577
2194.014917
2570.991655
2300.051153
2853.188501
2960.935355
2966.978166
2301.007706
2413.990122
2642.994571
2517.999052
2108.008402
2998.974062
2915.996705
2364.005653
2407.990446
2154.982448
2407.025687
2334.384990
2292.875299
2991.979790
2556.980754
2059.105694
2480.007584
2973.970548
2333.965565
2839.965363
2300.993476
2996.978913
2067.007837
2334.999005
2937.971934
2441.001034
2936.973883
2727.972761
2652.991609
2267.984868
2808.986143
2810.978678
2493.998619
2337.998451
2485.989094
2410.046620
2896.986973
2430.980599
2871.036236
2765.971105
2063.005319
2402.016230
2061.013064
2033.086115
2396.066693
2772.979200
2189.001766
2781.987012
2269.004950
2197.751783
2536.790322
2373.985668
2700.998411
2490.977740
2390.894250
2165.025235
2800.958235
2671.804500
2585.154397
2511.925276
2351.055782
2653.978389
2753.014640
2567.012557
2786.010252
2066.051918
2911.969139
2853.967674
2046.024383
2647.246282
2596.021935
2249.994199
2970.938074
2697.965700
2461.987330
2632.979240
2979.964720
2464.003981
2004.033643
2870.978424
2515.997339
2989.982121
2522.035041
2169.042910
2089.032226
2096.999997
2506.999997
2212.990778
2713.011653
2598.996570
2361.022348
2874.692860
2962.915241
2850.976471
2660.996652
2219.039426
2645.925797
2740.008227
2110.981563
2197.999798
2334.015796
2654.959015
2324.027397
2216.959614
2494.062083
2564.982263
2942.983923
2178.017659
2156.024778
2835.968892
2107.979988
2443.015231
2982.905511
2668.996475
2186.009235
2709.969272
2757.004856
2113.024374
2283.026446
2198.073371
2601.012869
2094.140620
2506.045727
2155.027457
2716.028698
2008.049650
2592.975458
2243.926248
2616.030916
2145.067192
2192.983980
2466.088186
2357.049545
2436.035057
2311.042493
2340.973256
2658.991551
2208.988875
2772.004651
2501.984598
2970.943918
2617.979800
2416.959132
2719.979198
2923.949884
2859.975829
2932.248809
2188.448518
2528.417674
2256.989061
2026.046658
2446.991406
2491.968740
2222.030240
2929.000747
2440.000645
2270.057527
2748.982520
2831.004718
2342.012082
2333.945872
2536.008159
2304.078255
2588.006216
2024.028529
2708.990320
2884.995139
2069.982093
2425.035890
2752.044055
2034.152183
2626.974432
2832.977812
2211.050315
2056.015453
2106.062398
2847.995341
2660.602723
2597.897374
2338.493719
2292.305545
2341.983472
2828.000402
2113.063270
2767.999620
2807.957824
2829.008535
2139.022323
2899.959030
2646.977241
2004.042276
2533.002561
2630.994205
2263.998221
2194.018647
2570.989569
2300.063943
2853.236083
2960.919160
2966.972708
2301.009633
2413.987652
2642.993214
2517.998816
2108.010503
2998.967578
2915.995881
2364.007066
2407.988057
2154.978059
2407.032110
2334.830071
2292.830650
2991.974737
2556.975940
2059.132126
2480.009491
2973.963183
2333.956952
2839.956703
2300.991845
2996.973641
2067.009796
2334.998755
2937.964918
2441.001293
2936.967354
2727.965952
2652.989512
2267.981084
2808.982679
2810.973347
2493.998274
2337.998063
2485.986367
2410.058284
2896.983710
2430.975747
2871.045304
2765.963873
2063.006634
2402.020289
2061.016330
2033.107655
2396.083378
2772.974000
2189.002207
2781.983766
2269.006187
2197.687815
2536.736175
2373.982085
2700.998014
2490.972163
2390.867769
2165.031546
2800.947790
2671.755307
2585.193033
2511.906557
2351.069750
2653.972985
2753.018301
2567.015698
2786.012816
2066.064899
2911.961423
2853.959591
2046.030479
2647.308977
2596.027539
2249.992746
2970.922588
2697.957124
2461.984162
2632.974049
2979.955900
2464.004977
2004.042054
2870.973030
2515.996674
2989.977651
2522.043808
2169.053637
2089.040283
2097.000000
2507.000000
2212.988472
2713.014570
2598.995715
2361.027938
2874.615356
2962.893895
2850.970589
2660.995815
2219.049299
2645.907216
2740.010285
2110.976949
2197.999747
2334.019745
2654.948767
2324.034249
2216.949508
2494.077628
2564.977829
2942.979904
2178.022074
2156.030974
2835.961115
2107.974983
2443.019039
2982.881880
2668.995594
2186.011543
2709.961589
2757.006071
2113.029791
2283.032323
2198.089688
2601.015748
2094.000000
2506.000000
2155.033557
2716.035079
2008.060684
2592.970003
2243.909837
2616.037808
2145.082130
2192.980412
2466.107825
2357.060580
2436.042850
2311.051934
2340.967312
2658.989673
2208.986399
2772.005686
2501.981174
2970.931454
2617.975309
2416.950046
2719.974574
2923.938744
2859.970490
2932.304442
2188.551578
2528.513548
2256.986627
2026.057029
2446.989496
2491.961793
2222.036967
2929.000920
2440.000793
2270.070311
2748.978636
2831.005767
2342.014745
2333.933790
2536.009971
2304.095645
2588.007599
2024.034869
2708.988169
2884.994062
2069.978105
2425.043860
2752.053870
2034.186058
2626.968749
2832.972880
2211.061500
2056.018883
2106.076266
2847.994309
2660.512440
2597.874321
2338.033928
2292.391410
2341.979799
2828.000491
2113.077333
2767.999536
2807.948450
2829.010431
2139.027282
2899.949924
2646.972182
2004.051671
2533.003129
2630.992918
2263.997825
2194.022791
2570.987252
2300.078154
2853.289171
2960.901150
2966.966644
2301.011775
2413.984908
2642.991706
2517.998552
2108.012836
2998.960373
2915.994965
2364.008636
2407.985404
2154.973181
2407.039247
2335.429219
2292.766888
2991.969123
2556.970589
2059.161502
2480.011618
2973.955000
2333.947379
2839.947081
2300.990033
2996.967784
2067.011973
2334.998478
2937.957121
2441.001581
2936.960098
2727.958385
2652.987182
2267.976878
2808.978829
2810.967424
2493.997891
2337.997633
2485.983337
2410.071249
2896.980082
2430.970354
2871.055384
2765.955833
2063.008087
2402.024798
2061.019958
2033.131593
2396.101924
2772.968222
2189.002697
2781.980159
2269.007563
2197.615805
2536.675168
2373.978103
2700.997573
2490.965959
2390.838324
2165.038559
2800.936183
2671.700500
2585.235983
2511.885740
2351.085280
2653.966980
2753.022369
2567.019188
2786.015665
2066.079324
2911.952849
2853.950610
2046.037253
2647.379228
2596.033827
2249.991129
2970.905379
2697.947596
2461.980642
2632.968282
2979.946099
2464.006082
2004.051400
2870.967036
2515.995935
2989.972685
2522.053551
2169.065556
2089.049236
2096.653164
2506.883369
2212.985908
2713.017813
2598.994766
2361.034151
2874.528903
2962.870104
2850.964053
2660.994885
2219.060277
2645.886557
2740.012573
2110.971820
2197.999691
2334.024133
2654.937379
2324.041862
2216.938275
2494.094910
2564.972901
2942.975437
2178.026979
2156.037859
2835.952473
2107.969422
2443.023269
2982.855618
2668.994615
2186.014108
2709.953052
2757.007420
