2541.000710
2403.000777
2486.000435
2599.000269
2751.000216
2834.000244
2336.000253
2519.000182
2690.000275
2905.000332
2582.000259
2549.000321
2579.000184
2438.000418
2256.000181
2672.000136
2328.000029
2116.000072
2038.000118
2571.000040
2541.002129
2403.002331
2486.001304
2599.000808
2751.000648
2834.000732
2336.000758
2519.000546
2690.000825
2905.000995
2582.000777
2549.000962
2579.000552
2438.001255
2256.000544
2672.000408
2328.000088
2116.000215
2038.000354
2571.000120
2541.004259
2403.004663
2486.002608
2599.001615
2751.001296
2834.001464
2336.001516
2519.001092
2690.001649
2905.001991
2582.001553
2549.001924
2579.001104
2438.002510
2256.001088
2672.000816
2328.000176
2116.000430
2038.000708
2571.000241
2541.007098
2403.007771
2486.004347
2599.002692
2751.002161
2834.002440
2336.002527
2519.001820
2690.002749
2905.003318
2582.002589
2549.003207
2579.001840
2438.004183
2256.001813
2672.001360
2328.000294
2116.000716
2038.001180
2571.000401
2541.010647
2403.011657
2486.006520
2599.004038
2751.003241
2834.003659
2336.003790
2519.002730
2690.004123
2905.004976
2582.003883
2549.004811
2579.002760
2438.006275
2256.002719
2672.002040
2328.000441
2116.001074
2038.001770
2571.000602
2541.014906
2403.016320
2486.009128
2599.005653
2751.004537
2834.005123
2336.005306
2519.003821
2690.005772
2905.006967
2582.005436
2549.006736
2579.003864
2438.008785
2256.003807
2672.002856
2328.000618
2116.001504
2038.002478
2571.000843
2541.019875
2403.021760
2486.012171
2599.007538
2751.006050
2834.006831
2336.007075
2519.005095
2690.007696
2905.009289
2582.007248
2549.008981
2579.005152
2438.011713
2256.005076
2672.003808
2328.000824
2116.002005
2038.003304
2571.001123
2541.025555
2403.027978
2486.015648
2599.009691
2751.007778
2834.008782
2336.009096
2519.006551
2690.009895
2905.011943
2582.009319
2549.011547
2579.006624
2438.015060
2256.006526
2672.004896
2328.001059
2116.002578
2038.004249
2571.001444
2541.031944
2403.034973
2486.019561
2599.012114
2751.009723
2834.010978
2336.011370
2519.008189
2690.012369
2905.014929
2582.011649
2549.014434
2579.008280
2438.018825
2256.008158
2672.006120
2328.001324
2116.003222
2038.005311
2571.001806
2541.039044
2403.042746
2486.023907
2599.014807
2751.011883
2834.013418
2336.013897
2519.010008
2690.015118
2905.018246
2582.014237
2549.017641
2579.010121
2438.023009
2256.009971
2672.007480
2328.001618
2116.003939
2038.006491
2571.002207
2541.046855
2403.051298
2486.028689
2599.017768
2751.014260
2834.016101
2336.016676
2519.012010
2690.018141
2905.021896
2582.017085
2549.021169
2579.012145
2438.027611
2256.011965
2672.008976
2328.001941
2116.004726
2038.007789
2571.002648
2541.055376
2403.060627
2486.033905
2599.020999
2751.016853
2834.019028
2336.019708
2519.014194
2690.021440
2905.025877
2582.020191
2549.025018
2579.014353
2438.032631
2256.014140
2672.010608
2328.002294
2116.005586
2038.009205
2571.003130
2541.064608
2403.070734
2486.039556
2599.024498
2751.019661
2834.022200
2336.022993
2519.016559
2690.025013
2905.030190
2582.023556
2549.029188
2579.016746
2438.038070
2256.016497
2672.012376
2328.002676
2116.006517
2038.010739
2571.003651
2541.074551
2403.081620
2486.045642
2599.028267
2751.022686
2834.025615
2336.026531
2519.019107
2690.028861
2905.034834
2582.027181
2549.033679
2579.019323
2438.043928
2256.019035
2672.014280
2328.003088
2116.007519
2038.012392
2571.004213
2541.085205
2403.093285
2486.052162
2599.032306
2751.025927
2834.029275
2336.030321
2519.021836
2690.032984
2905.039811
2582.031064
2549.038491
2579.022084
2438.050204
2256.021754
2672.016320
2328.003529
2116.008593
2038.014162
2571.004815
2541.096571
2403.105728
2486.059117
2599.036613
2751.029384
2834.033178
2336.034363
2519.024748
2690.037381
2905.045119
2582.035206
2549.043623
2579.025029
2438.056899
2256.024654
2672.018496
2328.004000
2116.009739
2038.016050
2571.005457
2541.108648
2403.118951
2486.066507
2599.041190
2751.033057
2834.037325
2336.038659
2519.027841
2690.042054
2905.050759
2582.039607
2549.049076
2579.028158
2438.064012
2256.027736
2672.020808
2328.004500
2116.010956
2038.018056
2571.006139
2541.121437
2403.132952
2486.074332
2599.046037
2751.036946
2834.041717
2336.043207
2519.031117
2690.047001
2905.056730
2582.044267
2549.054850
2579.031472
2438.071544
2256.030999
2672.023256
2328.005029
2116.012245
2038.020180
2571.006861
2541.134938
2403.147734
2486.082591
2599.051152
2751.041050
2834.046352
2336.048007
2519.034574
2690.052223
2905.063034
2582.049186
2549.060945
2579.034970
2438.079495
2256.034444
2672.025840
2328.005588
2116.013606
2038.022423
2571.007624
2541.149152
2403.163296
2486.091285
2599.056537
2751.045371
2834.051231
2336.053061
2519.038213
2690.057720
2905.069669
2582.054364
2549.067361
2579.038653
2438.087864
2256.038069
2672.028560
2328.006176
2116.015038
2038.024783
2571.008426
2541.164078
2403.179637
2486.100414
2599.062191
2751.049908
2834.056354
2336.058367
2519.042035
2690.063491
2905.076636
2582.059801
2549.074097
2579.042520
2438.096652
2256.041876
2672.031415
2328.006794
2116.016542
2038.027261
2571.009269
2541.179717
2403.196760
2486.109978
2599.068114
2751.054661
2834.061721
2336.063925
2519.046038
2690.069538
2905.083935
2582.065496
2549.081155
2579.046571
2438.105859
2256.045864
2672.034407
2328.007441
2116.018117
2038.029857
2571.010151
2541.196069
2403.214663
2486.119977
2599.074307
2751.059630
2834.067332
2336.069737
2519.050223
2690.075859
2905.091565
2582.071451
2549.088533
2579.050807
2438.115485
2256.050034
2672.037535
2328.008117
2116.019764
2038.032571
2571.011074
2541.213134
2403.233348
2486.130410
2599.080769
2751.064815
2834.073188
2336.075801
2519.054590
2690.082455
2905.099527
2582.077665
2549.096233
2579.055227
2438.125530
2256.054384
2672.040799
2328.008823
2116.021483
2038.035404
2571.012037
2541.230914
2403.252814
2486.141278
2599.087501
2751.070216
2834.079287
2336.082117
2519.059139
2690.089325
2905.107821
2582.084138
2549.104253
2579.059832
2438.135994
2256.058916
2672.044199
2328.009558
2116.023273
2038.038354
2571.013040
2541.249408
2403.273062
2486.152581
2599.094502
2751.075833
2834.085630
2336.088687
2519.063870
2690.096471
2905.116447
2582.090870
2549.112594
2579.064621
2438.146877
2256.063629
2672.047735
2328.010323
2116.025134
2038.041422
2571.014083
2541.268616
2403.294093
2486.164319
2599.101772
2751.081665
2834.092217
2336.095508
2519.068783
2690.103891
2905.125405
2582.097861
2549.121257
2579.069595
2438.158179
2256.068524
2672.051406
2328.011117
2116.027068
2038.044608
2571.015167
2541.288539
2403.315906
2486.176492
2599.109311
2751.087714
2834.099048
2336.102583
2519.073877
2690.111586
2905.134694
2582.105111
2549.130240
2579.074754
2438.169901
2256.073600
2672.055214
2328.011940
2116.029073
2038.047912
2571.016290
2541.309177
2403.338503
2486.189100
2599.117120
2751.093979
2834.106123
2336.109910
2519.079154
2690.119555
2905.144316
2582.112620
2549.139544
2579.080098
2438.182041
2256.078857
2672.059158
2328.012793
2116.031149
2038.051334
2571.017453
2541.330531
2403.361883
2486.202142
2599.125199
2751.100459
2834.113442
2336.117490
2519.084613
2690.127799
2905.154269
2582.120389
2549.149170
2579.085626
2438.194601
2256.084295
2672.063238
2328.013675
2116.033297
2038.054874
2571.018657
2541.352601
2403.386048
2486.215620
2599.133547
2751.107156
2834.121005
2336.125323
2519.090253
2690.136318
2905.164553
2582.128416
2549.159116
2579.091340
2438.207581
2256.089915
2672.067453
2328.014587
2116.035517
2038.058533
2571.019901
2541.375388
2403.410997
2486.229532
2599.142164
2751.114068
2834.128812
2336.133408
2519.096075
2690.145111
2905.175170
2582.136703
2549.169383
2579.097238
2438.220980
2256.095715
2672.071805
2328.015528
2116.037808
2038.062309
2571.021185
2541.398891
2403.436731
2486.243879
2599.151051
2751.121197
2834.136863
2336.141745
2519.102080
2690.154179
2905.186118
2582.145248
2549.179972
2579.103321
2438.234798
2256.101697
2672.076292
2328.016499
2116.040171
2038.066203
2571.022509
2541.423112
2403.463251
2486.258662
2599.160207
2751.128541
2834.145158
2336.150336
2519.108266
2690.163522
2905.197399
2582.154053
2549.190882
2579.109590
2438.249036
2256.107861
2672.080916
2328.017498
2116.042605
2038.070215
2571.023873
2541.448051
2403.490557
2486.273879
2599.169633
2751.136101
2834.153697
2336.159179
2519.114634
2690.173139
2905.209011
2582.163118
2549.202113
2579.116043
2438.263694
2256.114205
2672.085675
2328.018528
2116.045111
2038.074345
2571.025277
2541.473708
2403.518650
2486.289531
2599.179329
2751.143877
2834.162481
2336.168274
2519.121184
2690.183031
2905.220955
2582.172441
2549.213665
2579.122682
2438.278771
2256.120731
2672.090571
2328.019586
2116.047689
2038.078592
2571.026721
2541.500084
2403.547530
2486.305619
2599.189294
2751.151869
2834.171508
2336.177622
2519.127916
2690.193197
2905.233230
2582.182024
2549.225538
2579.129506
2438.294268
2256.127438
2672.095602
2328.020674
2116.050338
2038.082958
2571.028205
2541.527179
2403.577198
2486.322141
2599.199528
2751.160077
2834.180779
2336.187223
2519.134830
2690.203638
2905.245838
2582.191866
2549.237733
2579.136516
2438.310186
2256.134326
2672.100769
2328.021792
2116.053059
2038.087442
2571.029730
2541.554994
2403.607654
2486.339098
2599.210032
2751.168501
2834.190294
2336.197077
2519.141925
2690.214354
2905.258777
2582.201967
2549.250248
2579.143711
2438.326523
2256.141396
2672.106073
2328.022938
2116.055851
2038.092044
2571.031294
2541.583530
2403.638900
2486.356491
2599.220806
2751.177140
2834.200053
2336.207183
2519.149203
2690.225344
2905.272048
2582.212328
2549.263085
2579.151091
2438.343280
2256.148647
2672.111512
2328.024115
2116.058715
2038.096764
2571.032899
2541.612786
2403.670935
2486.374318
2599.231849
2751.185996
2834.210056
2336.217541
2519.156662
2690.236608
2905.285651
2582.222947
2549.276244
2579.158657
2438.360458
2256.156079
2672.117087
2328.025320
2116.061650
2038.101601
2571.034544
2541.642764
2403.703760
2486.392581
2599.243162
2751.195067
2834.220304
2336.228153
2519.164303
2690.248147
2905.299586
2582.233827
2549.289723
2579.166409
2438.378056
2256.163692
2672.122798
2328.026555
2116.064657
2038.106557
2571.036229
2541.673465
2403.737377
2486.411279
2599.254745
2751.204354
2834.230795
2336.239017
2519.172126
2690.259961
2905.313852
2582.244965
2549.303525
2579.174346
2438.396074
2256.171486
2672.128645
2328.027820
2116.067735
2038.111630
2571.037954
2541.704888
2403.771785
2486.430412
2599.266597
2751.213857
2834.241530
2336.250133
2519.180131
2690.272049
2905.328451
2582.256364
2549.317647
2579.182470
2438.414513
2256.179462
2672.134628
2328.029113
2116.070885
2038.116822
2571.039719
2541.737034
2403.806985
2486.449980
2599.278719
2751.223575
2834.252510
2336.261502
2519.188318
2690.284411
2905.343381
2582.268021
2549.332091
2579.190779
2438.433373
2256.187619
2672.140747
2328.030437
2116.074107
2038.122131
2571.041524
2541.769904
2403.842979
2486.469984
2599.291111
2751.233510
2834.263733
2336.273124
2519.196687
2690.297048
2905.358643
2582.279938
2549.346856
2579.199274
2438.452653
2256.195957
2672.147001
2328.031789
2116.077400
2038.127558
2571.043369
2541.803499
2403.879766
2486.490422
2599.303773
2751.243660
2834.275201
2336.284998
2519.205237
2690.309959
2905.374237
2582.292115
2549.361943
2579.207955
2438.472354
2256.204477
2672.153392
2328.033171
2116.080765
2038.133104
2571.045255
2541.837819
2403.917348
2486.511296
2599.316704
2751.254026
2834.286912
2336.297125
2519.213969
2690.323144
2905.390163
2582.304551
2549.377352
2579.216823
2438.492477
2256.213177
2672.159919
2328.034582
2116.084201
2038.138767
2571.047180
2541.872865
2403.955725
2486.532605
2599.329905
2751.264607
2834.298868
2336.309504
2519.222883
2690.336604
2905.406421
2582.317247
2549.393082
2579.225877
2438.513020
2256.222059
2672.166581
2328.036023
2116.087709
2038.144548
2571.049146
2541.908638
2403.994898
2486.554350
2599.343377
2751.275404
2834.311068
2336.322136
2519.231979
2690.350338
2905.423010
2582.330202
2549.409133
2579.235117
2438.533984
2256.231122
2672.173379
2328.037493
2116.091288
2038.150447
2571.051151
2541.945138
2404.034868
2486.576530
2599.357117
2751.286417
2834.323512
2336.335021
2519.241257
2690.364347
2905.439932
2582.343417
2549.425506
2579.244544
2438.555370
2256.240366
2672.180314
2328.038993
2116.094939
2038.156464
2571.053197
2541.982367
2404.075636
2486.599145
2599.371128
2751.297646
2834.336200
2336.348158
2519.250717
2690.378629
2905.457185
2582.356891
2549.442201
2579.254157
2438.577177
2256.249792
2672.187384
2328.040521
2116.098661
2038.162598
2571.055283
2542.020324
2404.117202
2486.622196
2599.385409
2751.309090
2834.349132
2336.361547
2519.260358
2690.393186
2905.474770
2582.370626
2549.459218
2579.263957
2438.599406
2256.259399
2672.194590
2328.042080
2116.102455
2038.168851
2571.057409
2542.059010
2404.159567
2486.645682
2599.399960
2751.320750
2834.362308
2336.375190
2519.270181
2690.408017
2905.492687
2582.384619
2549.476556
2579.273944
2438.622056
2256.269186
2672.201932
2328.043667
2116.106321
2038.175222
2571.059575
2542.098427
2404.202733
2486.669603
2599.414780
2751.332626
2834.375728
2336.389084
2519.280186
2690.423122
2905.510936
2582.398873
2549.494216
2579.284118
2438.645128
2256.279156
2672.209410
2328.045284
2116.110258
2038.181710
2571.061781
2542.138575
2404.246700
2486.693960
2599.429871
2751.344717
2834.389392
2336.403232
2519.290372
2690.438502
2905.529517
2582.413387
2549.512198
2579.294479
2438.668623
2256.289306
2672.217023
2328.046931
2116.114266
2038.188316
2571.064027
2542.179455
2404.291469
2486.718753
2599.445232
2751.357024
2834.403301
2336.417631
2519.300741
2690.454156
2905.548430
2582.428160
2549.530502
2579.305027
2438.692539
2256.299637
2672.224773
2328.048606
2116.118346
2038.195041
2571.066313
2542.221068
2404.337041
2486.743981
2599.460862
2751.369547
2834.417453
2336.432284
2519.311291
2690.470083
2905.567675
2582.443193
2549.549127
2579.315762
2438.716877
2256.310150
2672.232658
2328.050311
2116.122497
2038.201883
2571.068639
2542.263415
2404.383417
2486.769644
2599.476763
2751.382285
2834.431850
2336.447189
2519.322023
2690.486285
2905.587251
2582.458486
2549.568075
2579.326685
2438.741638
2256.320844
2672.240680
2328.052046
2116.126720
2038.208842
2571.071006
2542.306496
2404.430598
2486.795743
2599.492934
2751.395238
2834.446490
2336.462346
2519.332936
2690.502761
2905.607160
2582.474039
2549.587345
2579.337795
2438.766822
2256.331719
2672.248837
2328.053810
2116.131015
2038.215920
2571.073412
2542.350312
2404.478585
2486.822278
2599.509375
2751.408408
2834.461375
2336.477756
2519.344031
2690.519511
2905.627400
2582.489852
2549.606936
2579.349093
2438.792428
2256.342775
2672.257130
2328.055603
2116.135381
2038.223116
2571.075858
2542.394864
2404.527378
2486.849248
2599.526087
2751.421792
2834.476504
2336.493419
2519.355309
2690.536535
2905.647972
2582.505925
2549.626850
2579.360579
2438.818456
2256.354013
2672.265559
2328.057425
2116.139818
2038.230429
2571.078345
2542.440154
2404.576980
2486.876655
2599.543068
2751.435393
2834.491878
2336.509334
2519.366767
2690.553833
2905.668877
2582.522258
2549.647086
2579.372252
2438.844908
2256.365431
2672.274123
2328.059277
2116.144327
2038.237861
2571.080872
2542.486181
2404.627390
2486.904496
2599.560320
2751.449208
2834.507495
2336.525501
2519.378408
2690.571405
2905.690113
2582.538851
2549.667644
2579.384114
2438.871783
2256.377031
2672.282824
2328.061159
2116.148908
2038.245410
2571.083438
2542.532948
2404.678610
2486.932774
2599.577842
2751.463239
2834.523356
2336.541921
2519.390230
2690.589250
2905.711681
2582.555704
2549.688524
2579.396163
2438.899081
2256.388812
2672.291660
2328.063069
2116.153560
2038.253077
2571.086045
2542.580454
2404.730642
2486.961488
2599.595635
2751.477486
2834.539462
2336.558594
2519.402234
2690.607370
2905.733581
2582.572818
2549.709726
2579.408401
2438.926803
2256.400774
2672.300632
2328.065009
2116.158283
2038.260861
2571.088692
2542.628702
2404.783485
2486.990637
2599.613697
2751.491948
2834.555812
2336.575519
2519.414419
2690.625764
2905.755813
2582.590191
2549.731251
2579.420828
2438.954948
2256.412917
2672.309740
2328.066979
2116.163078
2038.268764
2571.091379
2542.677691
2404.837142
2487.020222
2599.632031
2751.506626
2834.572406
2336.592696
2519.426786
2690.644431
2905.778377
2582.607825
2549.753098
2579.433443
2438.983517
2256.425242
2672.318984
2328.068977
2116.167944
2038.276785
2571.094106
2542.727423
2404.891614
2487.050243
2599.650634
2751.521518
2834.589244
2336.610126
2519.439335
2690.663372
2905.801273
2582.625719
2549.775267
2579.446246
2439.012510
2256.437748
2672.328364
2328.071005
2116.172882
2038.284923
2571.096873
2542.777900
2404.946901
2487.080700
2599.669508
2751.536627
2834.606327
2336.627809
2519.452066
2690.682587
2905.824501
2582.643873
2549.797759
2579.459239
2439.041927
2256.450434
2672.337879
2328.073063
2116.177892
2038.293179
2571.099680
2542.829121
2405.003004
2487.111593
2599.688653
2751.551950
2834.623653
2336.645743
2519.464978
2690.702076
2905.848061
2582.662288
2549.820573
2579.472420
2439.071769
2256.463302
2672.347531
2328.075150
2116.182972
2038.301553
2571.102527
2542.881088
2405.059926
2487.142922
2599.708068
2751.567489
2834.641224
2336.663931
2519.478072
2690.721838
2905.871953
2582.680963
2549.843710
2579.485791
2439.102035
2256.476351
2672.357318
2328.077266
2116.188125
2038.310044
2571.105414
2542.933802
2405.117667
2487.174687
2599.727754
2751.583244
2834.659039
2336.682371
2519.491347
2690.741874
2905.896177
2582.699899
2549.867170
2579.499351
2439.132725
2256.489582
2672.367241
2328.079411
2116.193348
2038.318654
2571.108341
2542.987265
2405.176228
2487.206888
2599.747710
2751.599213
2834.677098
2336.701063
2519.504804
2690.762184
2905.920733
2582.719095
2549.890952
2579.513100
2439.163840
2256.502993
2672.377299
2328.081586
2116.198643
2038.327381
2571.111308
2543.041477
2405.235611
2487.239525
2599.767937
2751.615398
2834.695402
2336.720008
2519.518443
2690.782767
2905.945621
2582.738551
2549.915056
2579.527039
2439.195381
2256.516585
2672.387494
2328.083790
2116.204010
2038.336226
2571.114315
2543.096439
2405.295817
2487.272598
2599.788434
2751.631798
2834.713949
2336.739205
2519.532263
2690.803624
2905.970840
2582.758268
2549.939484
2579.541168
2439.227346
2256.530359
2672.397824
2328.086024
2116.209448
2038.345188
2571.117363
2543.152153
2405.356848
2487.306108
2599.809203
2751.648413
2834.732741
2336.758655
2519.546265
2690.824754
2905.996392
2582.778246
2549.964234
2579.555487
2439.259737
2256.544314
2672.408290
2328.088287
2116.214957
2038.354269
2571.120450
2543.208620
2405.418704
2487.340054
2599.830242
2751.665244
2834.751777
2336.778357
2519.560448
2690.846158
2906.022276
2582.798485
2549.989307
2579.569996
2439.292554
2256.558450
2672.418891
2328.090579
2116.220538
2038.363467
2571.123577
2543.265841
2405.481387
2487.374436
2599.851552
2751.682290
2834.771058
2336.798311
2519.574813
2690.867836
2906.048492
2582.818984
2550.014703
2579.584695
2439.325796
2256.572766
2672.429629
2328.092901
2116.226190
2038.372783
2571.126745
2543.323817
2405.544899
2487.409254
2599.873133
2751.699551
2834.790583
2336.818518
2519.589360
2690.889786
2906.075040
2582.839744
2550.040422
2579.599585
2439.359465
2256.587265
2672.440502
2328.095252
2116.231914
2038.382217
2571.129952
2543.382550
2405.609240
2487.444509
2599.894985
2751.717027
2834.810351
2336.838977
2519.604088
2690.912011
2906.101920
2582.860765
2550.066465
2579.614665
2439.393560
2256.601944
2672.451511
2328.097632
2116.237709
2038.391768
2571.133200
2543.442040
2405.674412
2487.480200
2599.917107
2751.734718
2834.830365
2336.859689
2519.618997
2690.934508
2906.129132
2582.882046
2550.092830
2579.629936
2439.428081
2256.616804
2672.462656
2328.100041
2116.243576
2038.401437
2571.136487
2543.502289
2405.740418
2487.516328
2599.939501
2751.752624
2834.850622
2336.880653
2519.634088
2690.957279
2906.156677
2582.903589
2550.119518
2579.645398
2439.463028
2256.631845
2672.473936
2328.102480
2116.249514
2038.411224
2571.139815
2543.563299
2405.807257
2487.552892
2599.962166
2751.770746
2834.871124
2336.901869
2519.649361
2690.980323
2906.184553
2582.925392
2550.146529
2579.661051
2439.498403
2256.647068
2672.485352
2328.104948
2116.255523
2038.421128
2571.143182
2543.625070
2405.874932
2487.589893
2599.985101
2751.789082
2834.891870
2336.923338
2519.664815
2691.003640
2906.212761
2582.947457
2550.173864
2579.676896
2439.534205
2256.662471
2672.496904
2328.107446
2116.261604
2038.431151
2571.146590
2543.687605
2405.943444
2487.627330
2600.008308
2751.807633
2834.912861
2336.945060
2519.680451
2691.027231
2906.241302
2582.969783
2550.201522
2579.692932
2439.570434
2256.678056
2672.508592
2328.109973
2116.267756
2038.441291
2571.150037
2543.750903
2406.012795
2487.665204
2600.031786
2751.826400
2834.934095
2336.967033
2519.696268
2691.051095
2906.270174
2582.992369
2550.229504
2579.709160
2439.607090
2256.693822
2672.520415
2328.112529
2116.273979
2038.451548
2571.153525
2543.814968
2406.082986
2487.703515
2600.055536
2751.845381
2834.955574
2336.989259
2519.712266
2691.075231
2906.299379
2583.015217
2550.257809
2579.725579
2439.644175
2256.709769
2672.532374
2328.115115
2116.280274
2038.461923
2571.157052
2543.879799
2406.154019
2487.742262
2600.079556
2751.864578
2834.977298
2337.011737
2519.728446
2691.099641
2906.328915
2583.038326
2550.286437
2579.742191
2439.681687
2256.725897
2672.544468
2328.117729
2116.286640
2038.472416
2571.160620
2543.945399
2406.225895
2487.781446
2600.103848
2751.883989
2834.999266
2337.034468
2519.744808
2691.124324
2906.358784
2583.061697
2550.315389
2579.758995
2439.719628
2256.742206
2672.556699
2328.120374
2116.293078
2038.483027
2571.164227
2544.011769
2406.298617
2487.821068
2600.128411
2751.903615
2835.021478
2337.057451
2519.761351
2691.149280
2906.388985
2583.085329
2550.344665
2579.775992
2439.757997
2256.758696
2672.569065
2328.123047
2116.299587
2038.493755
2571.167875
2544.078911
2406.372185
2487.861125
2600.153246
2751.923456
2835.043934
2337.080686
2519.778075
2691.174509
2906.419518
2583.109222
2550.374264
2579.793181
2439.796795
2256.775367
2672.581566
2328.125750
2116.306167
2038.504601
2571.171563
2544.146825
2406.446602
2487.901620
2600.178352
2751.943512
2835.066635
2337.104174
2519.794980
2691.200011
2906.450383
2583.133377
2550.404187
2579.810564
2439.836021
2256.792219
2672.594204
2328.128482
2116.312819
2038.515565
2571.175290
2544.215514
2406.521869
2487.942552
2600.203729
2751.963783
2835.089580
2337.127914
2519.812068
2691.225786
2906.481580
2583.157793
2550.434434
2579.828139
2439.875678
2256.809252
2672.606977
2328.131243
2116.319542
2038.526646
2571.179058
2544.284979
2406.597988
2487.983921
2600.229379
2751.984268
2835.112770
2337.151906
2519.829336
2691.251833
2906.513110
2583.182471
2550.465005
2579.845908
2439.915763
2256.826466
2672.619885
2328.134034
2116.326336
2038.537844
2571.182865
2544.355221
2406.674961
2488.025727
2600.255299
2752.004969
2835.136204
2337.176151
2519.846786
2691.278154
2906.544971
2583.207410
2550.495900
2579.863870
2439.956278
2256.843861
2672.632929
2328.136854
2116.333202
2038.549161
2571.186713
2544.426243
2406.752789
2488.067970
2600.281492
2752.025884
2835.159882
2337.200648
2519.864417
2691.304747
2906.577165
2583.232611
2550.527118
2579.882027
2439.997224
2256.861438
2672.646109
2328.139703
2116.340139
2038.560595
2571.190600
2544.498045
2406.831475
2488.110650
2600.307956
2752.047014
2835.183805
2337.225397
2519.882229
2691.331613
2906.609691
2583.258074
2550.558661
2579.900377
2440.038599
2256.879195
2672.659425
2328.142582
2116.347147
2038.572146
2571.194528
2544.570630
2406.911020
2488.153767
2600.334692
2752.068358
2835.207972
2337.250398
2519.900223
2691.358751
2906.642549
2583.283798
2550.590528
2579.918921
2440.080405
2256.897133
2672.672876
2328.145490
2116.354227
2038.583815
2571.198495
2544.643999
2406.991426
2488.197322
2600.361699
2752.089917
2835.232384
2337.275652
2519.918398
2691.386162
2906.675740
2583.309785
2550.622720
2579.937660
2440.122642
2256.915253
2672.686462
2328.148427
2116.361378
2038.595602
2571.202503
