2607.999681
2545.000462
2170.000803
2604.999988
2094.000319
2805.999866
2884.999986
2653.001263
2446.006842
2074.001582
2447.000441
2472.000468
2490.000712
2836.999872
2547.000000
2860.000000
2014.000870
2189.999897
2075.000749
2722.999943
2856.999514
2331.000375
2333.995891
2854.002211
2121.001821
2947.998757
2062.999409
2185.000008
2306.000404
2983.998857
2236.997015
2431.000310
2621.000230
2273.001251
2656.999877
2820.999280
2077.000270
2834.999892
2258.000271
2262.000248
2834.999951
2118.997695
2307.999879
2804.977480
2386.999649
2925.999116
2625.000389
2341.000717
2164.001389
2000.001560
2481.007706
2588.996403
2917.999216
2210.000026
2896.999159
2866.999285
2736.998994
2944.999690
2767.000447
2554.998632
2871.999035
2741.999480
2660.999627
2051.000391
2304.031446
2790.004243
2894.999549
2414.999707
2671.999125
2579.000076
2783.999375
2412.000170
2679.998797
2331.000495
2497.991189
2580.004894
2136.000648
2668.999798
2313.963574
2788.014187
2401.000688
2661.000257
2959.997953
2674.000406
2675.001285
2978.999328
2317.001395
2873.997184
2651.999763
2897.999507
2986.999387
2035.000415
2910.998805
2714.998904
2398.000876
2212.999791
2401.000177
2701.999332
2699.998883
2016.001549
2906.998741
2768.997818
2856.993788
2081.000747
2857.001664
2756.997221
2647.998653
2425.999198
2207.004524
2430.000436
2696.999122
2768.998932
2247.000718
2679.999927
2833.003744
2079.001880
2998.999084
2831.999461
2833.999969
2883.999165
2458.000100
2143.999509
2095.000691
2001.000816
2406.996785
2210.001112
2049.001016
2858.999461
2566.000818
2417.999044
2334.000328
2114.999830
2784.000146
2713.999811
2302.001401
2547.001244
2386.000222
2546.000400
2522.998427
2381.002196
2677.000045
2191.000533
2599.999797
2638.999801
2603.999697
2398.000021
2070.000851
2447.000075
2960.997937
2366.000269
2635.000338
2700.000029
2724.999734
2484.000037
2200.000275
2138.999700
2753.999699
2876.999496
2492.001349
2400.000134
2466.998923
2077.000552
2585.000305
2029.000778
2704.997720
2985.998543
2035.000716
2056.000235
2928.000464
2369.000111
2238.999089
2004.001247
2664.999543
2729.999555
2157.000188
2929.999636
2197.000557
2036.999267
2783.999380
2529.000253
2454.999853
2995.999050
2318.000111
2581.997885
2468.000507
2638.997938
2368.000108
2026.000716
2068.001020
2953.999357
2780.999826
2193.000021
2547.000000
2858.000000
2149.000919
2367.000681
2889.999345
2565.000720
2860.001481
2700.999916
2607.999044
2545.001385
2170.002408
2604.999964
2094.000957
2805.999598
2884.999958
2653.003790
2446.020530
2074.004747
2447.001324
2472.001404
2490.002135
2836.999615
2547.000000
2860.000000
2014.002611
2189.999690
2075.002246
2722.999830
2856.998543
2331.001126
2333.987670
2854.006638
2121.005463
2947.996271
2062.998227
2185.000023
2306.001211
2983.996572
2236.991045
2431.000931
2621.000689
2273.003753
2656.999632
2820.997839
2077.000811
2834.999675
2258.000814
2262.000745
2834.999854
2118.993084
2307.999647
2804.932321
2386.998947
2925.997349
2625.001166
2341.002150
2164.004167
2000.004680
2481.023133
2588.989201
2917.997648
2210.000077
2896.997476
2866.997856
2736.996983
2944.999071
2767.001342
2554.995894
2871.997103
2741.998441
2660.998881
2051.001173
2304.094727
2790.012713
2894.998647
2414.999122
2671.997374
2579.000229
2783.998125
2412.000510
2679.996392
2331.001485
2497.973542
2580.014696
2136.001945
2668.999395
2313.890037
2788.042803
2401.002063
2661.000771
2959.993859
2674.001219
2675.003856
2978.997983
2317.004187
2873.991553
2651.999289
2897.998520
2986.998160
2035.001245
2910.996414
2714.996712
2398.002630
2212.999374
2401.000532
2701.997997
2699.996648
2016.004647
2906.996223
2768.993455
2856.981359
2081.002241
2857.004992
2756.991661
2647.995959
2425.997595
2207.013574
2430.001308
2696.997367
2768.996795
2247.002153
2679.999782
2833.011237
2079.005640
2998.997251
2831.998384
2833.999906
2883.997495
2458.000299
2143.998527
2095.002072
2001.002448
2406.990353
2210.003337
2049.003048
2858.998382
2566.002455
2417.997133
2334.000985
2114.999489
2784.000438
2713.999434
2302.004204
2547.003731
2386.000665
2546.001200
2522.995280
2381.006587
2677.000136
2191.001599
2599.999391
2638.999403
2603.999090
2398.000064
2070.002553
2447.000225
2960.993811
2366.000807
2635.001013
2700.000087
2724.999202
2484.000110
2200.000825
2138.999100
2753.999098
2876.998487
2492.004046
2400.000403
2466.996767
2077.001655
2585.000914
2029.002333
2704.993159
2985.995628
2035.002147
2056.000704
2928.001391
2369.000334
2238.997266
2004.003741
2664.998629
2729.998665
2157.000564
2929.998907
2197.001672
2036.997802
2783.998139
2529.000758
2454.999560
2995.997151
2318.000334
2581.993655
2468.001522
2638.993814
2368.000323
2026.002147
2068.003061
2953.998071
2780.999479
2193.000064
2547.000000
2858.000000
2149.002757
2367.002042
2889.998035
2565.002159
2860.004442
2700.999748
2607.998088
2545.002771
2170.004815
2604.999927
2094.001913
2805.999195
2884.999916
2653.007580
2446.041076
2074.009496
2447.002649
2472.002808
2490.004269
2836.999231
2547.000000
2860.000000
2014.005223
2189.999379
2075.004493
2722.999661
2856.997086
2331.002251
2333.975333
2854.013287
2121.010926
2947.992541
2062.996453
2185.000047
2306.002422
2983.993144
2236.982084
2431.001861
2621.001379
2273.007506
2656.999264
2820.995679
2077.001622
2834.999350
2258.001628
2262.001489
2834.999709
2118.986165
2307.999326
2804.864279
2386.997894
2925.994699
2625.002332
2341.004301
2164.008335
2000.009360
2481.046313
2588.978378
2917.995296
2210.000154
2896.994952
2866.995713
2736.993966
2944.998143
2767.002684
2554.991788
2871.994205
2741.996884
2660.997762
2051.002347
2304.190640
2790.025353
2894.997294
2414.998244
2671.994748
2579.000458
2783.996250
2412.001019
2679.992785
2331.002969
2497.947018
2580.029428
2136.003890
2668.998790
2313.778173
2788.086255
2401.004126
2661.001542
2959.987717
2674.002437
2675.007714
2978.995967
2317.008376
2873.983104
2651.998577
2897.997039
2986.996320
2035.002490
2910.992828
2714.993424
2398.005262
2212.998747
2401.001063
2701.995993
2699.993295
2016.009294
2906.992446
2768.986910
2856.962704
2081.004483
2857.009986
2756.983320
2647.991917
2425.995189
2207.027156
2430.002617
2696.994734
2768.993590
2247.004306
2679.999564
2833.022489
2079.011283
2998.994502
2831.996768
2833.999812
2883.994990
2458.000598
2143.997054
2095.004143
2001.004895
2406.980697
2210.006677
2049.006097
2858.996765
2566.004910
2417.994265
2334.001971
2114.998978
2784.000876
2713.998868
2302.008408
2547.007462
2386.001330
2546.002400
2522.990559
2381.013175
2677.000273
2191.003199
2599.998781
2638.998805
2603.998181
2398.000127
2070.005106
2447.000451
2960.987622
2366.001613
2635.002025
2700.000174
2724.998404
2484.000221
2200.001650
2138.998199
2753.998197
2876.996974
2492.008093
2400.000806
2466.993531
2077.003310
2585.001828
2029.004667
2704.986316
2985.991255
2035.004294
2056.001408
2928.002782
2369.000668
2238.994532
2004.007482
2664.997258
2729.997330
2157.001127
2929.997814
2197.003345
2036.995604
2783.996278
2529.001517
2454.999120
2995.994301
2318.000667
2581.987308
2468.003044
2638.987628
2368.000646
2026.004295
2068.006122
2953.996143
2780.998959
2193.000128
2547.000000
2858.000000
2149.005514
2367.004083
2889.996070
2565.004318
2860.008885
2700.999497
2607.996814
2545.004618
2170.008025
2604.999878
2094.003189
2805.998659
2884.999861
2653.012633
2446.068496
2074.015833
2447.004414
2472.004680
2490.007116
2836.998718
2547.000000
2860.000000
2014.008705
2189.998966
2075.007488
2722.999435
2856.995143
2331.003752
2333.958876
2854.022167
2121.018210
2947.987568
2062.994087
2185.000078
2306.004037
2983.988573
2236.970128
2431.003101
2621.002298
2273.012510
2656.998774
2820.992798
2077.002704
2834.998916
2258.002713
2262.002482
2834.999517
2118.976937
2307.998948
2804.772982
2386.996490
2925.991164
2625.003887
2341.007168
2164.013892
2000.015600
2481.077292
2588.963906
2917.992160
2210.000257
2896.991586
2866.992854
2736.989943
2944.996905
2767.004474
2554.986313
2871.990339
2741.994810
2660.996270
2051.003911
2304.320453
2790.042044
2894.995489
2414.997073
2671.991247
2579.000763
2783.993750
2412.001699
2679.987974
2331.004949
2497.911558
2580.049123
2136.006483
2668.997983
2313.626133
2788.145150
2401.006876
2661.002570
2959.979528
2674.004063
2675.012858
2978.993279
2317.013964
2873.971835
2651.997629
2897.995066
2986.993866
2035.004150
2910.988046
2714.989039
2398.008775
2212.997910
2401.001772
2701.993322
2699.988825
2016.015491
2906.987409
2768.978182
2856.937809
2081.007471
2857.016647
2756.972196
2647.986528
2425.991982
2207.045276
2430.004363
2696.991223
2768.989317
2247.007177
2679.999273
2833.037511
2079.018810
2998.990837
2831.994613
2833.999687
2883.991651
2458.000997
2143.995091
2095.006906
2001.008159
2406.967806
2210.011136
2049.010161
2858.994608
2566.008183
2417.990442
2334.003285
2114.998297
2784.001459
2713.998113
2302.014014
2547.012439
2386.002216
2546.003999
2522.984262
2381.021960
2677.000455
2191.005331
2599.997969
2638.998008
2603.996968
2398.000212
2070.008510
2447.000751
2960.979368
2366.002689
2635.003376
2700.000291
2724.997341
2484.000368
2200.002750
2138.996998
2753.996994
2876.994956
2492.013489
2400.001343
2466.989211
2077.005517
2585.003046
2029.007778
2704.977190
2985.985423
2035.007157
2056.002347
2928.004638
2369.001113
2238.990886
2004.012470
2664.995430
2729.995549
2157.001878
2929.996356
2197.005575
2036.992673
2783.993796
2529.002529
2454.998534
2995.990502
2318.001110
2581.978844
2468.005074
2638.979381
2368.001076
2026.007158
2068.010203
2953.993571
2780.998264
2193.000214
2547.000000
2858.000000
2149.009190
2367.006805
2889.993451
2565.007197
2860.014810
2700.999162
2607.995221
2545.006927
2170.012038
2604.999818
2094.004783
2805.997988
2884.999792
2653.018952
2446.102812
2074.023761
2447.006621
2472.007020
2490.010674
2836.998078
2547.000000
2860.000000
2014.013057
2189.998448
2075.011232
2722.999152
2856.992714
2331.005628
2333.938290
2854.033290
2121.027317
2947.981351
2062.991130
2185.000117
2306.006055
2983.982860
2236.955170
2431.004650
2621.003448
2273.018765
2656.998161
2820.989197
2077.004055
2834.998375
2258.004069
2262.003723
2834.999279
2118.965396
2307.998562
2804.657915
2386.994735
2925.986746
2625.005831
2341.010751
2164.020840
2000.023401
2481.116135
2588.945752
2917.988240
2210.000386
2896.987379
2866.989282
2736.984914
2944.995357
2767.006713
2554.979467
2871.985501
2741.992221
2660.994405
2051.005866
2304.486019
2790.062586
2894.993234
2414.995610
2671.986870
2579.001145
2783.990624
2412.002548
2679.981960
2331.007423
2497.867084
2580.073822
2136.009724
2668.996975
2313.431262
2788.220346
2401.010314
2661.003856
2959.969291
2674.006094
2675.019292
2978.989919
2317.020954
2873.957744
2651.996443
2897.992598
2986.990799
2035.006224
2910.982069
2714.983557
2398.013170
2212.996862
2401.002658
2701.989983
2699.983236
2016.023237
2906.981113
2768.967271
2856.906655
2081.011206
2857.024976
2756.958285
2647.979792
2425.987972
2207.067943
2430.006546
2696.986835
2768.983975
2247.010766
2679.998909
2833.056319
2079.028223
2998.986256
2831.991920
2833.999531
2883.987476
2458.001495
2143.992635
2095.010358
2001.012238
2406.951668
2210.016718
2049.015242
2858.991911
2566.012276
2417.985663
2334.004927
2114.997446
2784.002189
2713.997170
2302.021023
2547.018661
2386.003323
2546.005999
2522.976386
2381.032944
2677.000682
2191.007997
2599.996953
2638.997012
2603.995452
2398.000319
2070.012765
2447.001127
2960.969049
2366.004034
2635.005064
2700.000437
2724.996011
2484.000552
2200.004125
2138.995497
2753.995491
2876.992434
2492.020237
2400.002012
2466.983804
2077.008274
2585.004570
2029.011667
2704.965778
2985.978133
2035.010736
2056.003521
2928.006960
2369.001669
2238.986328
2004.018706
2664.993145
2729.993324
2157.002816
2929.994534
2197.008363
2036.989008
2783.990694
2529.003793
2454.997800
2995.985752
2318.001663
2581.968260
2468.007614
2638.969073
2368.001615
2026.010737
2068.015305
2953.990356
2780.997397
2193.000320
2547.000000
2858.000000
2149.013785
2367.010207
2889.990176
2565.010796
2860.022218
2700.998743
2607.993309
2545.009698
2170.016853
2604.999744
2094.006697
2805.997183
2884.999709
2653.026535
2446.144049
2074.033284
2447.009270
2472.009828
2490.014944
2836.997309
2547.000000
2860.000000
2014.018281
2189.997827
2075.015725
2722.998812
2856.989800
2331.007879
2333.913566
2854.046670
2121.038247
2947.973890
2062.987580
2185.000164
2306.008477
2983.976004
2236.937193
2431.006508
2621.004827
2273.026272
2656.997425
2820.984876
2077.005676
2834.997726
2258.005697
2262.005212
2834.998995
2118.951537
2307.998231
2804.518407
2386.992629
2925.981444
2625.008164
2341.015052
2164.029179
2000.032763
2481.162921
2588.923871
2917.983536
2210.000540
2896.982330
2866.984994
2736.978878
2944.993500
2767.009400
2554.971250
2871.979691
2741.989120
2660.992166
2051.008213
2304.689952
2790.086661
2894.990528
2414.993854
2671.981617
2579.001603
2783.986874
2412.003567
2679.974743
2331.010393
2497.813502
2580.103577
2136.013614
2668.995764
2313.189826
2788.313035
2401.014439
2661.005399
2959.957005
2674.008532
2675.027017
2978.985888
2317.029348
2873.940826
2651.995021
2897.989638
2986.987119
2035.008714
2910.974896
2714.976977
2398.018451
2212.995602
2401.003721
2701.985975
2699.976530
2016.032532
2906.973557
2768.954178
2856.869219
2081.015686
2857.034977
2756.941586
2647.971707
2425.983160
2207.095165
2430.009166
2696.981568
2768.977565
2247.015072
2679.998472
2833.078932
2079.039525
2998.980758
2831.988687
2833.999344
2883.982466
2458.002093
2143.989689
2095.014502
2001.017134
2406.932266
2210.023429
2049.021339
2858.988676
2566.017189
2417.979927
2334.006898
2114.996424
2784.003065
2713.996037
2302.029435
2547.026131
2386.004652
2546.008398
2522.966930
2381.046127
2677.000955
2191.011195
2599.995734
2638.995817
2603.993632
2398.000447
2070.017871
2447.001578
2960.956664
2366.005649
2635.007091
2700.000614
2724.994415
2484.000773
2200.005776
2138.993696
2753.993688
2876.989408
2492.028337
2400.002814
2466.977305
2077.011581
2585.006398
2029.016334
2704.952078
2985.969383
2035.015030
2056.004930
2928.009748
2369.002336
2238.980856
2004.026190
2664.990403
2729.990653
2157.003941
2929.992349
2197.011709
2036.984608
2783.986970
2529.005312
2454.996921
2995.980053
2318.002324
2581.955557
2468.010665
2638.956704
2368.002260
2026.015032
2068.021426
2953.986499
2780.996355
2193.000448
2547.000000
2858.000000
2149.019299
2367.014289
2889.986246
2565.015115
2860.031109
2700.998240
2607.991079
2545.012931
2170.022471
2604.999659
2094.008929
2805.996245
2884.999614
2653.035383
2446.192243
2074.044407
2447.012360
2472.013105
2490.019926
2836.996412
2547.000000
2860.000000
2014.024375
2189.997103
2075.020967
2722.998417
2856.986399
2331.010505
2333.884695
2854.062324
2121.051000
2947.965185
2062.983438
2185.000219
2306.011303
2983.968006
2236.916195
2431.008675
2621.006436
2273.035030
2656.996566
2820.979834
2077.007567
2834.996969
2258.007596
2262.006949
2834.998668
2118.935357
2307.998044
2804.353612
2386.990171
2925.975259
2625.010886
2341.020068
2164.038910
2000.043686
2481.217751
2588.898211
2917.978048
2210.000720
2896.976440
2866.979992
2736.971835
2944.991333
2767.012538
2554.961660
2871.972904
2741.985509
2660.989555
2051.010950
2304.935946
2790.113755
2894.987371
2414.991805
2671.975489
2579.002138
2783.982499
2412.004756
2679.966323
2331.013858
2497.750693
2580.138453
2136.018152
2668.994353
2312.896522
2788.424896
2401.019252
2661.007199
2959.942670
2674.011377
2675.036034
2978.981187
2317.039152
2873.921076
2651.993361
2897.986184
2986.982825
2035.011619
2910.966526
2714.969300
2398.024621
2212.994129
2401.004962
2701.981300
2699.968704
2016.043378
2906.964740
2768.938900
2856.825471
2081.020913
2857.046653
2756.922094
2647.962274
2425.977545
2207.126958
2430.012225
2696.975424
2768.970085
2247.020097
2679.997962
2833.105374
2079.052719
2998.974344
2831.984916
2833.999126
2883.976621
2458.002790
2143.986250
2095.019335
2001.022845
2406.909580
2210.031276
2049.028452
2858.984900
2566.022921
2417.973236
2334.009197
2114.995231
2784.004088
2713.994716
2302.039251
2547.034850
2386.006201
2546.011197
2522.955891
2381.061512
2677.001274
2191.014927
2599.994312
2638.994422
2603.991509
2398.000596
2070.023828
2447.002104
2960.942212
2366.007532
2635.009456
2700.000821
2724.992554
2484.001031
2200.007701
2138.991595
2753.991583
2876.985877
2492.037791
2400.003748
2466.969710
2077.015437
2585.008531
2029.021779
2704.936087
2985.959172
2035.020040
2056.006573
2928.013003
2369.003115
2238.974471
2004.034922
2664.987203
2729.987537
2157.005253
2929.989799
2197.015613
2036.979474
2783.982626
2529.007083
2454.995894
2995.973404
2318.003093
2581.940729
2468.014226
2638.942274
2368.003014
2026.020043
2068.028568
2953.981998
2780.995141
2193.000598
2547.000000
2858.000000
2149.025733
2367.019052
2889.981662
2565.020153
2860.041485
2700.997654
2607.988531
2545.016626
2170.028892
2604.999562
2094.011480
2805.995172
2884.999506
2653.045499
2446.247430
2074.057137
2447.015891
2472.016850
2490.025620
2836.995388
2547.000000
2860.000000
2014.031340
2189.996275
2075.026958
2722.997964
2856.982513
2331.013506
2333.851663
2854.080273
2121.065578
2947.955235
2062.978703
2185.000281
2306.014532
2983.958865
2236.892162
2431.011149
2621.008276
2273.045040
2656.995585
2820.974072
2077.009727
2834.996105
2258.009766
2262.008935
2834.998300
2118.916849
2307.998116
2804.162475
2386.987363
2925.968189
2625.013998
2341.025802
2164.050035
2000.056171
2481.280741
2588.868705
2917.971776
2210.000925
2896.969708
2866.974276
2736.963786
2944.988857
2767.016126
2554.950697
2871.965137
2741.981393
2660.986570
2051.014079
2305.229307
2790.143037
2894.983763
2414.989464
2671.968485
2579.002749
2783.977498
2412.006115
2679.956698
2331.017818
2497.678521
2580.178523
2136.023339
2668.992739
2312.543626
2788.558348
2401.024751
2661.009258
2959.926286
2674.014629
2675.046347
2978.975817
2317.050368
2873.898490
2651.991465
2897.982236
2986.977918
2035.014939
2910.956960
2714.960524
2398.031684
2212.992442
2401.006380
2701.975956
2699.959759
2016.055773
2906.954662
2768.921437
2856.775379
2081.026885
2857.060007
2756.899805
2647.951492
2425.971127
2207.163339
2430.015724
2696.968401
2768.961537
2247.025839
2679.997379
2833.135670
2079.067809
2998.967014
2831.980607
2833.998877
2883.969941
2458.003588
2143.982320
2095.024859
2001.029373
2406.883586
2210.040267
2049.036581
2858.980586
2566.029474
2417.965587
2334.011825
2114.993869
2784.005256
2713.993206
2302.050472
2547.044818
2386.007972
2546.014396
2522.943264
2381.079100
2677.001638
2191.019192
2599.992687
2638.992828
2603.989082
2398.000768
2070.030636
2447.002705
2960.925690
2366.009686
2635.012160
2700.001058
2724.990427
2484.001326
2200.009901
2138.989193
2753.989178
2876.981842
2492.048599
2400.004813
2466.961011
2077.019842
2585.010969
2029.028002
2704.917801
2985.947500
2035.025766
2056.008451
2928.016728
2369.004003
2238.967171
2004.044902
2664.983546
2729.983975
2157.006751
2929.986885
2197.020075
2036.973605
2783.977661
2529.009109
2454.994721
2995.965805
2318.003969
2581.923776
2468.018301
2638.925782
2368.003875
2026.025770
2068.036730
2953.976855
2780.993752
2193.000768
2547.000000
2858.000000
2149.033085
2367.024495
2889.976422
2565.025911
2860.053348
2700.996984
2607.985666
2545.020783
2170.036115
2604.999452
2094.014350
2805.993965
2884.999385
2653.056881
2446.309656
2074.071481
2447.019864
2472.021064
2490.032026
2836.994236
2547.000000
2860.000000
2014.039177
2189.995344
2075.033698
2722.997455
2856.978142
2331.016883
2333.814455
2854.100540
2121.081982
2947.944039
2062.973373
2185.000352
2306.018166
2983.948582
2236.865080
2431.013930
2621.010346
2273.056302
2656.994481
2820.967589
2077.012156
2834.995134
2258.012208
2262.011169
2834.997891
2118.896008
2307.998599
2803.943699
2386.984203
2925.960236
2625.017500
2341.032251
2164.062553
2000.070220
2481.352032
2588.835279
2917.964719
2210.001156
2896.962134
2866.967845
2736.954729
2944.986071
2767.020166
2554.938358
2871.956385
2741.976775
2660.983213
2051.017598
2305.577976
2790.173097
2894.979705
2414.986830
2671.960606
2579.003436
2783.971873
2412.007644
2679.945869
2331.022273
2497.596823
2580.223877
2136.029174
2668.990924
2312.119302
2788.717084
2401.030938
2661.011575
2959.907852
2674.018288
2675.057959
2978.969777
2317.063002
2873.873059
2651.989331
2897.977795
2986.972398
2035.018673
2910.946197
2714.950649
2398.039645
2212.990540
2401.007976
2701.969943
2699.949695
2016.069718
2906.943323
2768.901789
2856.718902
2081.033602
2857.075043
2756.874714
2647.939360
2425.963905
2207.204325
2430.019663
2696.960499
2768.951920
2247.032299
2679.996722
2833.169851
2079.084800
2998.958767
2831.975758
2833.998597
2883.962426
2458.004485
2143.977897
2095.031074
2001.036717
2406.854257
2210.050411
2049.045728
2858.975731
2566.036849
2417.956982
2334.014782
2114.992335
2784.006571
2713.991507
2302.063099
2547.056038
2386.009963
2546.017995
2522.929046
2381.098894
2677.002048
2191.023990
2599.990858
2638.991035
2603.986352
2398.000961
2070.038295
2447.003381
2960.907098
2366.012109
2635.015203
2700.001327
2724.988033
2484.001657
2200.012377
2138.986491
2753.986472
2876.977303
2492.060764
2400.006009
2466.951203
2077.024795
2585.013713
2029.035002
2704.897216
2985.934365
2035.032208
2056.010564
2928.020924
2369.005003
2238.958956
2004.056131
2664.979432
2729.979968
2157.008436
2929.983608
2197.025096
2036.966999
2783.972075
2529.011388
2454.993402
2995.957256
2318.004950
2581.904692
2468.022890
2638.907230
2368.004844
2026.032213
2068.045912
2953.971068
2780.992190
2193.000960
2547.000000
2858.000000
2149.041357
2367.030618
2889.970528
2565.032389
2860.066698
2700.996231
2607.982482
2545.025402
2170.044140
2604.999330
2094.017539
2805.992624
2884.999252
2653.069532
2446.378972
2074.087447
2447.024278
2472.025746
2490.039145
2836.992956
2547.000000
2860.000000
2014.047885
2189.994309
2075.041186
2722.996890
2856.973284
2331.020635
2333.773056
2854.123150
2121.100213
2947.931598
2062.967450
2185.000431
2306.022203
2983.937157
2236.834931
2431.017017
2621.012646
2273.068816
2656.993254
2820.960386
2077.014854
2834.994056
2258.014921
2262.013651
2834.997445
2118.872826
2307.999694
2803.695690
2386.980692
2925.951398
2625.021392
2341.039417
2164.076467
2000.085831
2481.431784
2588.797845
2917.956879
2210.001413
2896.953718
2866.960699
2736.944665
2944.982976
2767.024659
2554.924643
2871.946644
2741.971660
2660.979482
2051.021508
2305.994671
2790.201404
2894.975195
2414.983904
2671.951850
2579.004201
2783.965622
2412.009343
2679.933835
2331.027224
2497.505415
2580.274614
2136.035657
2668.988906
2311.603836
2788.907257
2401.037811
2661.014150
2959.887366
2674.022354
2675.070873
2978.963068
2317.077060
2873.844778
2651.986960
2897.972861
2986.966264
2035.022823
2910.934236
2714.939674
2398.048507
2212.988419
2401.009749
2701.963262
2699.938510
2016.085215
2906.930722
2768.879953
2856.655998
2081.041063
2857.091767
2756.846815
2647.925879
2425.955879
2207.249936
2430.024043
2696.951719
2768.941234
2247.039477
2679.995992
2833.207952
2079.103695
2998.949603
2831.970371
2833.998286
2883.954076
2458.005481
2143.972982
2095.037979
2001.044877
2406.821562
2210.061719
2049.055891
2858.970337
2566.045046
2417.947419
2334.018067
2114.990632
2784.008032
2713.989619
2302.077133
2547.068513
2386.012175
2546.021993
2522.913231
2381.120896
2677.002503
2191.029321
2599.988825
2638.989042
2603.983318
2398.001176
2070.046805
2447.004133
2960.886433
2366.014802
2635.018585
2700.001628
2724.985374
2484.002025
2200.015127
2138.983489
2753.983466
2876.972259
2492.074288
2400.007333
2466.940277
2077.030296
2585.016761
2029.042781
2704.874328
2985.919766
2035.039366
2056.012911
2928.025591
2369.006112
2238.949824
2004.068610
2664.974861
2729.975515
2157.010305
2929.979968
2197.030676
2036.959655
2783.965867
2529.013922
2454.991936
2995.947757
2318.006034
2581.883475
2468.027995
2638.886618
2368.005920
2026.039371
2068.056114
2953.964639
2780.990455
2193.001174
2547.000000
2858.000000
2149.050548
2367.037420
2889.963979
2565.039588
2860.081538
2700.995394
