2889.999826
2369.000537
2235.000502
2440.000318
2303.001049
2093.000847
2615.999212
2884.999186
2454.999378
2349.999600
2727.010701
2251.002198
2328.003401
2834.996568
2389.000098
2038.001575
2909.999943
2191.000991
2070.996844
2709.999221
2885.999016
2600.001599
2571.998427
2834.999418
2166.000729
2491.000908
2392.998464
2107.001429
2508.000191
2914.998879
2854.002184
2641.999837
2052.000904
2322.000214
2938.999642
2711.999838
2564.000104
2973.998998
2980.000312
2045.004658
2810.999570
2284.000185
2714.999800
2855.999735
2708.000009
2023.000694
2144.999873
2767.999649
2467.997409
2276.000278
2493.995020
2129.988536
2418.999525
2535.004135
2531.001049
2825.997613
2329.000135
2389.999889
2023.001582
2369.999123
2074.000736
2533.000574
2078.000515
2249.005766
2270.000709
2308.999941
2304.004082
2806.001952
2446.001977
2275.000509
2854.999955
2768.999165
2258.993049
2539.994094
2984.999114
2070.998634
2422.999776
2752.000801
2187.000433
2127.000748
2995.998928
2202.000768
2442.000089
2631.999412
2743.987384
2253.998185
2069.000262
2559.000022
2513.999256
2356.999824
2235.000482
2564.997720
2438.999377
2823.999033
2530.000783
2809.006510
2800.000644
2583.999805
2108.002152
2770.999186
2490.000806
2119.004603
2406.002377
2560.996751
2922.995585
2305.000584
2101.000000
2373.999524
2086.000347
2887.999837
2345.000057
2475.999929
2078.000327
2266.992247
2350.002129
2798.008841
2046.001730
2949.999828
2845.999914
2058.000661
2420.995282
2547.988013
2903.007306
2306.999970
2017.000925
2581.966856
2737.000270
2683.999618
2369.003338
2121.998814
2357.996674
2818.998489
2264.000848
2896.998796
2993.998705
2599.999750
2884.997109
2645.999464
2712.000219
2492.000171
2957.998426
2265.001102
2675.000241
2168.000979
2953.999314
2537.000278
2538.999475
2275.000192
2850.000000
2996.000000
2049.005018
2706.000586
2076.999551
2969.998587
2371.999339
2315.999329
2816.998883
2553.002541
2212.000923
2265.000822
2017.000935
2575.026065
2369.998563
2250.001504
2382.999906
2205.001014
2977.998077
2743.998581
2608.999852
2593.999974
2362.000187
2994.999047
2933.998387
2423.999528
2756.000066
2795.999498
2826.001976
2965.002601
2246.000072
2529.000059
2158.000846
2545.999217
2336.001260
2269.000575
2034.000327
2004.000411
2620.999707
2981.998973
2483.998855
2591.000334
2693.999807
2952.999461
2611.000220
2239.000273
2849.000000
2996.000000
2403.999248
2174.000571
2863.000802
2420.999279
2889.999479
2369.001611
2235.001505
2440.000953
2303.003148
2093.002541
2615.997637
2884.997559
2454.998133
2349.998799
2727.032131
2251.006599
2328.010205
2834.989702
2389.000292
2038.004725
2909.999828
2191.002973
2070.990529
2709.997662
2885.997047
2600.004798
2571.995281
2834.998255
2166.002188
2491.002725
2392.995391
2107.004288
2508.000572
2914.996638
2854.006554
2641.999512
2052.002713
2322.000642
2938.998926
2711.999513
2564.000312
2973.996993
2980.000938
2045.013975
2810.998708
2284.000554
2714.999399
2855.999205
2708.000026
2023.002082
2144.999619
2767.998947
2467.992227
2276.000833
2493.985047
2129.965574
2418.998576
2535.012411
2531.003147
2825.992836
2329.000404
2389.999666
2023.004746
2369.997370
2074.002208
2533.001722
2078.001544
2249.017305
2270.002126
2308.999823
2304.012246
2806.005855
2446.005934
2275.001529
2854.999865
2768.997494
2258.979139
2539.982276
2984.997342
2070.995899
2422.999328
2752.002403
2187.001300
2127.002243
2995.996784
2202.002305
2442.000266
2631.998235
2743.962100
2253.994546
2069.000786
2559.000067
2513.997767
2356.999472
2235.001447
2564.993159
2438.998131
2823.997100
2530.002350
2809.019539
2800.001933
2583.999414
2108.006456
2770.997557
2490.002426
2119.013829
2406.007132
2560.990251
2922.986746
2305.001753
2101.000001
2373.998572
2086.001041
2887.999512
2345.000172
2475.999787
2078.000982
2266.976729
2350.006389
2798.026531
2046.005191
2949.999484
2845.999743
2058.001983
2420.985839
2547.963996
2903.021928
2306.999909
2017.002781
2581.899740
2737.000809
2683.998853
2369.010017
2121.996440
2357.990017
2818.995465
2264.002544
2896.996388
2993.996116
2599.999249
2884.991327
2645.998391
2712.000658
2492.000514
2957.995279
2265.003306
2675.000722
2168.002936
2953.997942
2537.000833
2538.998424
2275.000576
2850.000000
2996.000000
2049.015059
2706.001760
2076.998652
2969.995760
2371.998018
2315.997987
2816.996649
2553.007623
2212.002769
2265.002465
2017.002805
2575.078643
2369.995688
2250.004512
2382.999719
2205.003043
2977.994232
2743.995744
2608.999557
2593.999922
2362.000561
2994.997141
2933.995161
2423.998585
2756.000198
2795.998494
2826.005929
2965.007804
2246.000215
2529.000178
2158.002539
2545.997650
2336.003779
2269.001726
2034.000981
2004.001234
2620.999121
2981.996918
2483.996565
2591.001002
2693.999422
2952.998383
2611.000661
2239.000818
2849.000000
2996.000000
2403.997744
2174.001714
2863.002406
2420.997838
2889.998958
2369.003221
2235.003009
2440.001906
2303.006295
2093.005082
2615.995273
2884.995118
2454.996267
2349.997599
2727.064349
2251.013214
2328.020415
2834.979401
2389.000585
2038.009449
2909.999656
2191.005946
2070.981049
2709.995322
2885.994094
2600.009597
2571.990561
2834.996510
2166.004376
2491.005450
2392.990780
2107.008577
2508.001144
2914.993276
2854.013110
2641.999025
2052.005425
2322.001283
2938.997852
2711.999026
2564.000624
2973.993987
2980.001876
2045.027955
2810.997417
2284.001109
2714.998798
2855.998411
2708.000052
2023.004163
2144.999238
2767.997894
2467.984452
2276.001666
2493.970055
2129.931041
2418.997153
2535.024846
2531.006294
2825.985665
2329.000808
2389.999333
2023.009492
2369.994739
2074.004416
2533.003443
2078.003088
2249.034632
2270.004252
2308.999647
2304.024496
2806.011711
2446.011872
2275.003058
2854.999731
2768.994989
2258.958256
2539.964533
2984.994684
2070.991794
2422.998655
2752.004805
2187.002600
2127.004487
2995.993568
2202.004611
2442.000533
2631.996469
2743.924058
2253.989067
2069.001573
2559.000135
2513.995535
2356.998943
2235.002893
2564.986318
2438.996261
2823.994199
2530.004704
2809.039100
2800.003866
2583.998827
2108.012913
2770.995115
2490.004871
2119.027712
2406.014266
2560.980494
2922.973473
2305.003510
2101.000001
2373.997145
2086.002082
2887.999023
2345.000344
2475.999575
2078.001964
2266.953416
2350.012782
2798.053090
2046.010382
2949.998968
2845.999486
2058.003966
2420.971663
2547.927868
2903.043884
2306.999815
2017.005557
2581.797980
2737.001617
2683.997705
2369.020038
2121.992878
2357.980024
2818.990921
2264.005087
2896.992776
2993.992232
2599.998497
2884.982650
2645.996782
2712.001315
2492.001028
2957.990558
2265.006612
2675.001444
2168.005872
2953.995884
2537.001666
2538.996847
2275.001152
2850.000000
2996.000000
2049.030129
2706.003522
2076.997303
2969.991520
2371.996037
2315.995974
2816.993297
2553.015248
2212.005538
2265.004930
2017.005609
2575.158674
2369.991376
2250.009026
2382.999437
2205.006086
2977.988463
2743.991488
2608.999113
2593.999844
2362.001122
2994.994282
2933.990323
2423.997170
2756.000396
2795.996988
2826.011860
2965.015609
2246.000431
2529.000357
2158.005078
2545.995301
2336.007559
2269.003452
2034.001963
2004.002468
2620.998243
2981.993836
2483.993129
2591.002005
2693.998843
2952.996766
2611.001322
2239.001636
2849.000000
2996.000000
2403.995488
2174.003428
2863.004812
2420.995675
2889.998264
2369.005369
2235.005016
2440.003177
2303.010492
2093.008470
2615.992122
2884.991864
2454.993778
2349.995998
2727.107444
2251.022059
2328.034033
2834.965660
2389.000975
2038.015749
2909.999427
2191.009911
2070.968395
2709.992200
2885.990157
2600.015996
2571.984267
2834.994183
2166.007293
2491.009085
2392.984629
2107.014297
2508.001907
2914.988794
2854.021855
2641.998376
2052.009042
2322.002139
2938.996420
2711.998377
2564.001039
2973.989978
2980.003129
2045.046605
2810.995695
2284.001848
2714.997996
2855.997351
2708.000086
2023.006939
2144.998729
2767.996489
2467.974081
2276.002776
2493.950005
2129.884830
2418.995257
2535.041461
2531.010490
2825.976092
2329.001347
2389.998888
2023.015820
2369.991231
2074.007360
2533.005739
2078.005147
2249.057768
2270.007087
2308.999411
2304.040836
2806.019521
2446.019798
2275.005097
2854.999551
2768.991648
2258.930376
2539.940848
2984.991138
2070.986315
2422.997759
2752.008010
2187.004334
2127.007478
2995.989280
2202.007684
2442.000888
2631.994115
2743.873130
2253.981726
2069.002621
2559.000225
2513.992558
2356.998239
2235.004823
2564.977194
2438.993768
2823.990331
2530.007848
2809.065214
2800.006444
2583.998044
2108.021523
2770.991859
2490.008157
2119.046295
2406.023780
2560.967475
2922.955746
2305.005856
2101.000002
2373.995241
2086.003469
2887.998372
2345.000573
2475.999291
2078.003276
2266.922267
2350.021314
2798.088542
2046.017304
2949.998281
2845.999143
2058.006610
2420.952741
2547.879513
2903.073200
2306.999683
2017.009256
2581.659654
2737.002695
2683.996175
2369.033406
2121.988123
2357.966686
2818.984851
2264.008479
2896.987959
2993.987053
2599.997496
2884.971076
2645.994635
2712.002192
2492.001713
2957.984263
2265.011020
2675.002407
2168.009786
2953.993139
2537.002777
2538.994746
2275.001919
2850.000000
2996.000000
2049.050241
2706.005874
2076.995505
2969.985865
2371.993394
2315.993290
2816.988827
2553.025417
2212.009230
2265.008217
2017.009348
2575.267686
2369.985625
2250.015044
2382.999062
2205.010143
2977.980771
2743.985813
2608.998522
2593.999740
2362.001870
2994.990471
2933.983871
2423.995283
2756.000660
2795.994980
2826.019769
2965.026019
2246.000720
2529.000596
2158.008463
2545.992168
2336.012600
2269.005753
2034.003272
2004.004113
2620.997071
2981.989727
2483.988549
2591.003341
2693.998072
2952.994610
2611.002204
2239.002727
2849.000000
2996.000000
2403.992479
2174.005713
2863.008021
2420.992791
2889.997396
2369.008055
2235.007524
2440.004766
2303.015739
2093.012705
2615.988183
2884.987796
2454.990667
2349.993996
2727.161536
2251.033155
2328.051066
2834.948475
2389.001462
2038.023624
2909.999140
2191.014866
2070.952556
2709.988292
2885.985233
2600.023997
2571.976398
2834.991273
2166.010939
2491.013628
2392.976936
2107.021452
2508.002861
2914.983191
2854.032793
2641.997566
2052.013562
2322.003210
2938.994631
2711.997567
2564.001559
2973.984967
2980.004698
2045.069931
2810.993542
2284.002772
2714.996994
2855.996027
2708.000129
2023.010408
2144.998093
2767.994734
2467.961111
2276.004164
2493.924841
2129.826794
2418.992890
2535.062288
2531.015735
2825.964107
2329.002020
2389.998331
2023.023731
2369.986846
2074.011041
2533.008609
2078.007719
2249.086745
2270.010630
2308.999117
2304.061269
2806.029287
2446.029715
2275.007646
2854.999327
2768.987472
2258.895470
2539.911194
2984.986704
2070.979457
2422.996638
2752.012015
2187.006501
2127.011217
2995.983919
2202.011526
2442.001332
2631.991172
2743.809147
2253.972491
2069.003930
2559.000339
2513.988837
2356.997358
2235.007235
2564.965789
2438.990652
2823.985497
2530.011788
2809.097909
2800.009666
2583.997065
2108.032287
2770.987788
2490.012305
2119.069638
2406.035677
2560.951186
2922.933558
2305.008793
2101.000002
2373.992862
2086.005204
2887.997559
2345.000860
2475.998937
2078.004916
2266.883225
2350.031989
2798.132923
2046.025958
2949.997423
2845.998715
2058.009915
2420.929061
2547.818774
2903.109915
2306.999508
2017.013876
2581.481882
2737.004043
2683.994263
2369.050125
2121.982173
2357.949993
2818.977246
2264.012718
2896.981939
2993.980580
2599.996243
2884.956601
2645.991950
2712.003288
2492.002569
2957.976394
2265.016529
2675.003611
2168.014679
2953.989709
2537.004165
2538.992119
2275.002879
2850.000000
2996.000000
2049.075408
2706.008820
2076.993256
2969.978796
2371.990091
2315.989934
2816.983239
2553.038132
2212.013845
2265.012326
2017.014020
2575.407969
2369.978435
2250.022569
2382.998593
2205.015214
2977.971155
2743.978718
2608.997784
2593.999611
2362.002805
2994.985706
2933.975805
2423.992924
2756.000991
2795.992470
2826.029659
2965.039036
2246.001081
2529.000898
2158.012695
2545.988251
2336.018902
2269.008629
2034.004907
2004.006170
2620.995606
2981.984590
2483.982822
2591.005012
2693.997108
2952.991915
2611.003305
2239.004090
2849.000000
2996.000000
2403.988720
2174.008569
2863.012032
2420.989186
2889.996355
2369.011279
2235.010533
2440.006672
2303.022034
2093.017787
2615.983456
2884.982915
2454.986933
2349.991595
2727.226780
2251.046531
2328.071519
2834.927840
2389.002046
2038.033074
2909.998796
2191.020813
2070.933515
2709.983596
2885.979324
2600.033601
2571.966954
2834.987780
2166.015315
2491.019080
2392.967697
2107.030042
2508.004005
2914.976467
2854.045928
2641.996595
2052.018987
2322.004495
2938.992485
2711.996594
2564.002182
2973.978954
2980.006585
2045.097944
2810.990960
2284.003881
2714.995792
2855.994438
2708.000181
2023.014572
2144.997329
2767.992628
2467.945537
2276.005829
2493.894496
2129.756744
2418.990054
2535.087368
2531.022029
2825.949698
2329.002828
2389.997664
2023.033224
2369.981584
2074.015457
2533.012053
2078.010805
2249.121598
2270.014882
2308.998764
2304.085802
2806.041011
2446.041633
2275.010707
2854.999058
2768.982460
2258.853499
2539.875542
2984.981381
2070.971215
2422.995293
2752.016822
2187.009102
2127.015703
2995.977487
2202.016137
2442.001865
2631.987640
2743.731898
2253.961326
2069.005501
2559.000476
2513.984371
2356.996301
2235.010130
2564.952099
2438.986912
2823.979695
2530.016529
2809.137219
2800.013534
2583.995889
2108.045207
2770.982904
2490.017342
2119.097812
2406.049956
2560.931616
2922.906886
2305.012325
2101.000003
2373.990006
2086.007285
2887.996583
2345.001203
2475.998512
2078.006888
2266.836220
2350.044817
2798.186277
2046.036345
2949.996394
2845.998201
2058.013880
2420.900604
2547.745452
2903.154096
2306.999283
2017.019463
2581.257801
2737.005661
2683.991968
2369.070203
2121.975024
2357.929932
2818.968095
2264.017804
2896.974716
2993.972812
2599.994741
2884.939220
2645.988725
2712.004604
2492.003596
2957.966950
2265.023139
2675.005055
2168.020549
2953.985593
2537.005832
2538.988966
2275.004031
2850.000000
2996.000000
2049.105647
2706.012363
2076.990556
2969.970312
2371.986126
2315.985906
2816.976530
2553.053395
2212.019383
2265.017257
2017.019626
2575.582891
2369.969803
2250.031602
2382.998029
2205.021299
2977.959615
2743.970204
2608.996897
2593.999455
2362.003928
2994.979988
2933.966126
2423.990092
2756.001387
2795.989458
2826.041531
2965.054661
2246.001517
2529.001261
2158.017773
2545.983550
2336.026468
2269.012079
2034.006870
2004.008638
2620.993849
2981.978426
2483.975950
2591.007017
2693.995951
2952.988680
2611.004627
2239.005726
2849.000000
2996.000000
2403.984208
2174.011996
2863.016847
2420.984859
2889.995141
2369.015041
2235.014044
2440.008897
2303.029380
2093.023716
2615.977940
2884.977220
2454.982578
2349.988792
2727.303366
2251.062220
2328.095401
2834.903747
2389.002728
2038.044100
2909.998395
2191.027751
2070.911256
2709.978109
2885.972428
2600.044808
2571.955933
2834.983704
2166.020420
2491.025442
2392.956908
2107.040070
2508.005341
2914.968622
2854.061264
2641.995465
2052.025314
2322.005994
2938.989981
2711.995461
2564.002910
2973.971938
2980.008792
2045.130655
2810.987947
2284.005176
2714.994389
2855.992584
2708.000241
2023.019429
2144.996438
2767.990171
2467.927355
2276.007771
2493.858883
2129.674447
2418.986750
2535.116749
2531.029370
2825.932849
2329.003770
2389.996884
2023.044300
2369.975444
2074.020610
2533.016072
2078.014403
2249.162375
2270.019843
2308.998351
2304.114442
2806.054696
2446.055558
2275.014278
2854.998744
2768.976613
2258.804417
2539.833852
2984.975167
2070.961583
2422.993723
2752.022431
2187.012136
2127.020938
2995.969982
2202.021516
2442.002487
2631.983519
2743.641124
2253.948182
2069.007333
2559.000637
2513.979161
2356.995068
2235.013509
2564.936124
2438.982549
2823.972926
2530.022079
2809.183185
2800.018047
2583.994515
2108.060284
2770.977206
2490.023299
2119.130909
2406.066622
2560.908753
2922.875699
2305.016455
2101.000003
2373.986673
2086.009713
2887.995444
2345.001604
2475.998017
2078.009191
2266.781164
2350.059806
2798.248658
2046.048464
2949.995194
2845.997601
2058.018507
2420.867350
2547.659305
2903.205804
2306.998999
2017.025975
2580.983684
2737.007548
2683.989290
2369.093646
2121.966670
2357.906489
2818.957384
2264.023739
2896.966288
2993.963749
2599.992987
2884.918926
2645.984960
2712.006138
2492.004795
2957.955932
2265.030852
2675.006741
2168.027399
2953.980790
2537.007776
2538.985288
2275.005375
2850.000000
2996.000000
2049.140980
2706.016506
2076.987403
2969.960413
2371.981500
2315.981206
2816.968699
2553.071210
2212.025844
2265.023009
2017.026165
2575.797503
2369.959730
2250.042144
2382.997372
2205.028398
2977.946151
2743.960270
2608.995863
2593.999273
2362.005237
2994.973317
2933.954832
2423.986788
2756.001849
2795.985944
2826.055388
2965.072899
2246.002028
2529.001689
2158.023698
2545.978065
2336.035297
2269.016103
2034.009161
2004.011517
2620.991798
2981.971234
2483.967932
2591.009357
2693.994601
2952.984907
2611.006169
2239.007635
2849.000000
2996.000000
2403.978945
2174.015993
2863.022465
2420.979811
2889.993754
2369.019343
2235.018057
2440.011439
2303.037775
2093.030492
2615.971637
2884.970711
2454.977599
2349.985589
2727.391524
2251.080264
2328.122720
2834.876189
2389.003507
2038.056701
2909.997936
2191.035681
2070.885757
2709.971826
2885.964545
2600.057621
2571.943334
2834.979044
2166.026254
2491.032715
2392.944566
2107.051540
2508.006867
2914.959656
2854.078809
2641.994175
2052.032545
2322.007709
2938.987121
2711.994167
2564.003741
2973.963920
2980.011320
2045.168077
2810.984504
2284.006656
2714.992786
2855.990465
2708.000311
2023.024980
2144.995418
2767.987363
2467.906558
2276.009991
2493.817898
2129.579620
2418.982981
2535.150491
2531.037760
2825.913542
2329.004847
2389.995994
2023.056959
2369.968426
2074.026499
2533.020665
2078.018515
2249.209129
2270.025513
2308.997880
2304.147197
2806.070345
2446.071501
2275.018362
2854.998385
2768.969930
2258.748169
2539.786079
2984.968061
2070.950553
2422.991929
2752.028843
2187.015604
2127.026920
2995.961405
2202.027663
2442.003198
2631.978809
2743.536515
2253.933006
2069.009425
2559.000823
2513.973207
2356.993659
2235.017372
2564.917863
2438.977561
2823.965189
2530.028444
2809.235855
2800.023206
2583.992943
2108.077520
2770.970694
2490.030216
2119.169032
2406.085677
2560.882583
2922.839963
2305.021189
2101.000002
2373.982864
2086.012488
2887.994143
2345.002062
2475.997450
2078.011829
2266.717953
2350.076969
2798.320130
2046.062318
2949.993825
2845.996916
2058.023795
2420.829275
2547.560040
2903.265109
2306.998645
2017.033512
2580.643122
2737.009704
2683.986230
2369.120464
2121.957104
2357.879645
2818.945100
2264.030521
2896.956657
2993.953391
2599.990983
2884.895713
2645.980653
2712.007892
2492.006165
2957.943338
2265.039665
2675.008668
2168.035226
2953.975301
2537.009999
2538.981085
2275.006911
2850.000000
2996.000000
2049.181431
2706.021255
2076.983799
2969.949097
2371.976212
2315.975832
2816.959746
2553.091580
2212.033229
2265.029583
2017.033635
2576.059649
2369.948213
2250.054196
2382.996620
2205.036511
2977.930761
2743.948915
2608.994680
2593.999066
2362.006733
2994.965693
2933.941924
2423.983011
2756.002378
2795.981927
2826.071233
2965.093753
2246.002614
2529.002182
2158.030470
2545.971796
2336.045392
2269.020701
2034.011778
2004.014808
2620.989454
2981.963015
2483.958767
2591.012031
2693.993059
2952.980595
2611.007930
2239.009816
2849.000000
2996.000000
2403.972931
2174.020560
2863.028887
2420.974040
2889.992194
2369.024184
2235.022572
2440.014299
2303.047221
2093.038114
2615.964545
2884.963389
2454.971999
2349.981985
2727.491529
2251.100714
2328.153488
2834.845154
2389.004383
2038.070879
2909.997421
2191.044602
2070.856993
2709.964743
2885.955673
2600.072042
2571.929155
2834.973799
2166.032817
2491.040898
2392.930664
2107.064455
2508.008584
2914.949569
2854.098567
2641.992728
2052.040678
2322.009640
2938.983905
2711.992712
2564.004677
2973.954900
2980.014175
2045.210227
2810.980632
2284.008322
2714.990982
2855.988081
2708.000388
2023.031226
2144.994269
2767.984204
2467.883140
2276.012486
2493.771418
2129.471926
2418.978751
2535.188664
2531.047196
2825.891757
2329.006059
2389.994991
2023.071201
2369.960530
2074.033124
2533.025833
2078.023138
2249.261924
2270.031891
2308.997351
2304.184076
2806.087962
2446.089472
2275.022958
2854.997982
2768.962411
2258.684691
2539.732171
2984.960062
2070.938117
2422.989911
2752.036057
2187.019505
2127.033650
2995.951756
2202.034579
2442.003999
2631.973510
2743.417704
2253.915731
2069.011778
2559.001034
2513.966508
2356.992074
2235.021719
2564.897312
2438.971949
2823.956484
2530.035636
2809.295284
2800.029012
2583.991172
2108.096917
2770.963369
2490.038138
2119.212309
2406.107122
2560.853090
2922.799636
2305.026534
2101.000001
2373.978579
2086.015610
2887.992680
2345.002578
2475.996813
2078.014802
2266.646467
2350.096317
2798.400765
2046.077907
2949.992287
2845.996145
2058.029745
2420.786352
2547.447311
2903.332094
2306.998212
2017.041975
2580.225879
2737.012131
2683.982788
2369.150665
2121.946321
2357.849383
2818.931224
2264.038151
2896.945822
2993.941738
2599.988729
2884.869574
2645.975801
2712.009865
2492.007706
2957.929170
2265.049580
2675.010836
2168.044031
2953.969127
2537.012499
2538.976357
2275.008639
2850.000000
2996.000000
2049.227028
2706.026614
2076.979740
2969.936364
2371.970262
2315.969784
2816.949668
2553.114509
2212.041537
2265.036979
2017.042037
2576.382669
2369.935250
2250.067760
2382.995774
2205.045637
2977.913444
2743.936139
2608.993351
2593.998832
2362.008417
2994.957116
2933.927400
2423.978761
2756.002973
2795.977408
2826.089069
2965.117228
2246.003277
2529.002741
2158.038089
2545.964742
2336.056753
2269.025873
2034.014723
2004.018510
2620.986817
2981.953769
2483.948456
2591.015040
2693.991323
2952.975744
2611.009912
2239.012271
2849.000000
2996.000000
2403.966165
2174.025697
2863.036114
2420.967547
2889.990462
2369.029565
2235.027588
2440.017477
2303.057716
2093.046583
2615.956665
2884.955254
2454.965776
2349.977980
2727.603703
2251.123626
2328.187716
2834.810632
2389.005356
2038.086632
2909.996848
2191.054516
2070.824936
2709.956853
2885.945812
2600.088071
2571.913396
2834.967968
2166.040110
2491.049993
2392.915197
2107.078819
2508.010491
2914.938361
2854.120549
2641.991124
2052.049714
2322.011787
2938.980333
2711.991097
2564.005716
2973.944877
2980.017357
2045.257122
2810.976331
2284.010174
2714.988978
2855.985432
2708.000475
2023.038165
2144.992992
2767.980694
2467.857093
2276.015259
2493.719297
2129.350967
2418.974063
2535.231351
2531.057679
2825.867470
2329.007404
2389.993877
2023.087028
2369.951755
2074.040485
2533.031577
2078.028272
2249.320834
2270.038979
2308.996762
2304.225090
2806.107553
2446.109484
2275.028067
2854.997535
2768.954057
2258.613910
2539.672069
2984.951167
2070.924265
2422.987668
2752.044074
2187.023840
2127.041129
2995.941035
2202.042263
2442.004890
2631.967621
2743.284259
2253.896279
2069.014390
2559.001271
2513.959065
2356.990312
2235.026552
2564.874471
2438.965713
2823.946812
2530.043664
2809.361535
2800.035464
2583.989202
2108.118476
2770.955231
2490.047118
2119.260887
2406.130961
2560.820256
2922.754672
2305.032495
2100.999998
2373.973816
2086.019079
2887.991054
2345.003150
2475.996105
2078.018114
2266.566567
2350.117867
2798.490646
2046.095232
2949.990581
2845.995288
2058.036355
2420.738550
2547.320710
2903.406853
2306.997686
2017.051365
2579.699589
2737.014827
2683.978963
2369.184262
2121.934312
2357.815679
2818.915736
2264.046628
2896.933784
2993.928789
2599.986224
2884.840498
2645.970405
2712.012058
2492.009419
2957.913425
2265.060595
2675.013245
2168.053814
2953.962266
2537.015279
2538.971103
2275.010559
2850.000000
2996.000000
2049.277803
2706.032591
2076.975227
2969.922213
2371.963649
2315.963060
2816.938464
2553.140001
2212.050769
2265.045197
2017.051370
2576.792294
2369.920839
2250.082840
2382.994833
2205.055776
2977.894201
2743.921940
2608.991873
2593.998573
2362.010288
2994.947586
2933.911260
2423.974037
2756.003633
2795.972387
2826.108900
2965.143328
2246.004019
2529.003369
2158.046555
2545.956903
2336.069383
2269.031617
2034.017994
2004.022623
2620.983887
2981.943495
2483.936997
2591.018384
2693.989394
2952.970354
2611.012113
2239.014997
2849.000000
2996.000000
2403.958649
2174.031403
2863.044146
2420.960331
