2086.001496
2554.000704
2274.000679
2825.999324
2008.000746
2001.000569
2879.999641
2924.999741
2270.000492
2197.999458
2737.999757
2158.000112
2424.999457
2740.000262
2040.000151
2270.999926
2359.999991
2065.000044
2895.000000
2893.000000
2086.004489
2554.002112
2274.002036
2825.997972
2008.002239
2001.001708
2879.998922
2924.999223
2270.001475
2197.998373
2737.999270
2158.000335
2424.998371
2740.000787
2040.000453
2270.999778
2359.999972
2065.000131
2895.000000
2893.000000
2086.008977
2554.004224
2274.004073
2825.995945
2008.004479
2001.003416
2879.997845
2924.998447
2270.002949
2197.996746
2737.998540
2158.000670
2424.996742
2740.001575
2040.000907
2270.999556
2359.999943
2065.000263
2895.000000
2893.000000
2086.014962
2554.007039
2274.006788
2825.993242
2008.007464
2001.005693
2879.996408
2924.997411
2270.004915
2197.994577
2737.997566
2158.001116
2424.994571
2740.002625
2040.001511
2270.999260
2359.999905
2065.000438
2895.000000
2893.000000
2086.022443
2554.010559
2274.010182
2825.989862
2008.011197
2001.008539
2879.994612
2924.996116
2270.007373
2197.991865
2737.996349
2158.001674
2424.991856
2740.003937
2040.002267
2270.998890
2359.999858
2065.000656
2895.000000
2893.000000
2086.031421
2554.014783
2274.014254
2825.985807
2008.015675
2001.011955
2879.992457
2924.994563
2270.010322
2197.988611
2737.994889
2158.002344
2424.988598
2740.005512
2040.003173
2270.998446
2359.999801
2065.000919
2895.000000
2893.000000
2086.041895
2554.019712
2274.019006
2825.981076
2008.020901
2001.015940
2879.989943
2924.992751
2270.013763
2197.984814
2737.993185
2158.003125
2424.984797
2740.007349
2040.004231
2270.997929
2359.999735
2065.001225
2895.000000
2893.000000
2086.053865
2554.025344
2274.024437
2825.975669
2008.026872
2001.020494
2879.987070
2924.990679
2270.017695
2197.980475
2737.991237
2158.004018
2424.980452
2740.009449
2040.005440
2270.997337
2359.999659
2065.001576
2895.000000
2893.000000
2086.067332
2554.031681
2274.030546
2825.969586
2008.033591
2001.025618
2879.983837
2924.988349
2270.022119
2197.975593
2737.989047
2158.005023
2424.975564
2740.011812
2040.006800
2270.996671
2359.999574
2065.001970
2895.000000
2893.000000
2086.082295
2554.038723
2274.037335
2825.962827
2008.041056
2001.031311
2879.980245
2924.985760
2270.027035
2197.970169
2737.986613
2158.006139
2424.970133
2740.014437
2040.008312
2270.995931
2359.999479
2065.002407
2895.000000
2893.000000
