2433.000116
2927.000118
2512.000052
2064.000121
2717.000469
2898.000261
2340.000132
2809.000150
2553.000033
2204.000065
2607.000081
2685.000095
2097.000022
2119.000019
2788.000117
2939.000060
2135.000035
2405.000072
2860.000375
2988.000247
2433.000347
2927.000354
2512.000157
2064.000363
2717.001407
2898.000782
2340.000395
2809.000451
2553.000099
2204.000196
2607.000243
2685.000285
2097.000067
2119.000056
2788.000350
2939.000180
2135.000105
2405.000215
2860.001125
2988.000741
2433.000693
2927.000708
2512.000314
2064.000727
2717.002815
2898.001563
2340.000790
2809.000902
2553.000199
2204.000391
2607.000486
2685.000571
2097.000134
2119.000113
2788.000700
2939.000360
2135.000210
2405.000430
2860.002251
2988.001482
