2850.998805
2517.998520
2454.999862
2407.999676
2949.998958
2327.000336
2695.000678
2526.003006
2678.000582
2008.002332
2068.000934
2513.999780
2881.997980
2487.001716
2507.000159
2546.000288
2840.001662
2498.003395
2696.999239
2041.000441
2591.999302
2244.999730
2078.001798
2699.999626
2416.000194
2650.000616
2299.000521
2697.999112
2303.999044
2376.000475
2665.999698
2444.000550
2119.999440
2325.999865
2046.000867
2185.000652
2232.999401
2025.000869
2766.999886
2075.001946
2517.999843
2666.999504
2492.000239
2097.000693
2873.999582
2864.999372
2584.000185
2165.000776
2172.000261
2468.999688
2119.997760
2134.999068
2230.001212
2608.000563
2179.000324
2006.001046
2675.000620
2590.998479
2022.001969
2357.999261
2761.999692
2229.000242
2747.000440
2720.999701
2783.999728
2947.999229
2471.000051
2883.999292
2209.000187
2056.000265
2321.999985
2528.000150
2232.000085
2110.000975
2820.999823
2289.000361
2594.999951
2316.999792
2745.999867
2691.000795
2972.998985
2453.000473
2865.999123
2551.998799
2856.999135
2335.999585
2064.999758
2806.997076
2438.000620
2368.001501
2631.999881
2690.999162
2961.998878
2275.000772
2604.000939
2448.000261
2252.001130
2394.999708
2492.000291
2141.999439
2090.000814
2115.001038
2621.000131
2980.999152
2872.999067
2190.000555
2426.003135
2255.004553
2509.999326
2045.000424
2354.999659
2677.999867
2375.000129
2991.999363
2858.000153
2596.997807
2981.999208
2848.999565
2071.000370
2340.999666
2203.000030
2782.999449
2787.999537
2755.999334
2276.999565
2630.000099
2101.999747
2056.001694
2086.000610
2917.998871
2438.999265
2272.999216
2483.000220
2001.001007
2155.000061
2858.998883
2627.000800
2841.000266
2142.002687
2264.000711
2152.010136
2467.000686
2628.000804
2606.999638
2086.000256
2236.000125
2438.999734
2689.999000
2047.001801
2776.000799
2700.011391
2567.984062
2032.000875
2051.000998
2707.996279
2558.002533
2980.998458
2537.000165
2102.999320
2680.001564
2918.997646
2184.000714
2870.999553
2812.000329
2226.999928
2251.000108
2916.999350
2689.999358
2663.000498
2089.000132
2327.000153
2788.998892
2264.999731
2173.000448
2556.001154
2233.000478
2705.999240
2214.000261
2049.002607
2318.002383
2008.001450
2236.999913
2785.998206
2107.998695
2171.000329
2686.999818
2496.000383
2603.999970
2158.996116
2266.999482
2950.998865
2594.999469
2662.000168
2212.000255
2424.999876
2768.998974
2098.999635
2826.998530
2661.999676
2876.999310
2850.996413
2517.995559
2454.999585
2407.999027
2949.996873
2327.001009
2695.002033
2526.009019
2678.001747
2008.006997
2068.002801
2513.999341
2881.993941
2487.005149
2507.000476
2546.000863
2840.004986
2498.010187
2696.997717
2041.001324
2591.997906
2244.999190
2078.005394
2699.998877
2416.000583
2650.001847
2299.001562
2697.997337
2303.997131
2376.001426
2665.999093
2444.001650
2119.998320
2325.999596
2046.002601
2185.001957
2232.998202
2025.002608
2766.999660
2075.005839
2517.999529
2666.998511
2492.000716
2097.002078
2873.998747
2864.998115
2584.000554
2165.002328
2172.000783
2468.999064
2119.993279
2134.997203
2230.003635
2608.001689
2179.000973
2006.003139
2675.001860
2590.995437
2022.005906
2357.997784
2761.999076
2229.000725
2747.001320
2720.999102
2783.999184
2947.997687
2471.000153
2883.997875
2209.000561
2056.000794
2321.999955
2528.000451
2232.000256
2110.002926
2820.999468
2289.001083
2594.999854
2316.999376
2745.999601
2691.002385
2972.996955
2453.001418
2865.997370
2551.996398
2856.997405
2335.998756
2064.999272
2806.991227
2438.001859
2368.004502
2631.999643
2690.997487
2961.996633
2275.002315
2604.002817
2448.000783
2252.003389
2394.999123
2492.000872
2141.998316
2090.002441
2115.003115
2621.000393
2980.997457
2872.997201
2190.001664
2426.009407
2255.013661
2509.997978
2045.001272
2354.998977
2677.999601
2375.000388
2991.998088
2858.000459
2596.993422
2981.997624
2848.998694
2071.001109
2340.998997
2203.000090
2782.998347
2787.998612
2755.998003
2276.998695
2630.000298
2101.999240
2056.005081
2086.001831
2917.996613
2438.997796
2272.997646
2483.000661
2001.003021
2155.000183
2858.996648
2627.002401
2841.000797
2142.008063
2264.002133
2152.030418
2467.002059
2628.002412
2606.998915
2086.000768
2236.000374
2438.999201
2689.997000
2047.005402
2776.002399
2700.034221
2567.952122
2032.002625
2051.002993
2707.988820
2558.007619
2980.995374
2537.000496
2102.997959
2680.004692
2918.992939
2184.002142
2870.998660
2812.000987
2226.999784
2251.000324
2916.998049
2689.998074
2663.001495
2089.000396
2327.000460
2788.996677
2264.999194
2173.001344
2556.003462
2233.001434
2705.997721
2214.000784
2049.007822
2318.007149
2008.004351
2236.999740
2785.994616
2107.996085
2171.000986
2686.999454
2496.001148
2603.999911
2158.988343
2266.998444
2950.996595
2594.998408
2662.000505
2212.000766
2424.999628
2768.996921
2098.998905
2826.995589
2661.999027
2876.997930
2850.992823
2517.991111
2454.999169
2407.998054
2949.993746
2327.002018
2695.004066
2526.018041
2678.003494
2008.013994
2068.005602
2513.998683
2881.987880
2487.010299
2507.000951
2546.001726
2840.009975
2498.020379
2696.995434
2041.002647
2591.995812
2244.998380
2078.010789
2699.997753
2416.001166
2650.003694
2299.003123
2697.994674
2303.994261
2376.002852
2665.998185
2444.003299
2119.996640
2325.999192
2046.005202
2185.003914
2232.996404
2025.005215
2766.999320
2075.011680
2517.999058
2666.997022
2492.001432
2097.004157
2873.997494
2864.996230
2584.001107
2165.004656
2172.001563
2468.998127
2119.986556
2134.994404
2230.007271
2608.003379
2179.001947
2006.006277
2675.003719
2590.990874
2022.011812
2357.995568
2761.998151
2229.001450
2747.002640
2720.998204
2783.998368
2947.995373
2471.000305
2883.995750
2209.001123
2056.001587
2321.999910
2528.000901
2232.000512
2110.005852
2820.998937
2289.002166
2594.999708
2316.998752
2745.999201
2691.004770
2972.993909
2453.002836
2865.994740
2551.992796
2856.994810
2335.997511
2064.998543
2806.982453
2438.003718
2368.009004
2631.999286
2690.994974
2961.993267
2275.004630
2604.005634
2448.001566
2252.006778
2394.998246
2492.001743
2141.996633
2090.004882
2115.006231
2621.000786
2980.994913
2872.994403
2190.003328
2426.018820
2255.027331
2509.995956
2045.002544
2354.997954
2677.999201
2375.000776
2991.996175
2858.000919
2596.986844
2981.995247
2848.997389
2071.002218
2340.997995
2203.000180
2782.996693
2787.997225
2755.996005
2276.997389
2630.000596
2101.998480
2056.010163
2086.003662
2917.993226
2438.995590
2272.995289
2483.001322
2001.006042
2155.000366
2858.993296
2627.004801
2841.001594
2142.016136
2264.004269
2152.060864
2467.004121
2628.004823
2606.997830
2086.001537
2236.000749
2438.998401
2689.993999
2047.010805
2776.004799
2700.068590
2567.904056
2032.005249
2051.005987
2707.977595
2558.015292
2980.990748
2537.000992
2102.995917
2680.009386
2918.985877
2184.004284
2870.997320
2812.001974
2226.999569
2251.000649
2916.996098
2689.996147
2663.002990
2089.000791
2327.000920
2788.993355
2264.998388
2173.002688
2556.006924
2233.002867
2705.995442
2214.001567
2049.015645
2318.014300
2008.008703
2236.999479
2785.989232
2107.992169
2171.001973
2686.998907
2496.002295
2603.999822
2158.976676
2266.996887
2950.993189
2594.996816
2662.001010
2212.001532
2424.999256
2768.993843
2098.997810
2826.991177
2661.998054
2876.995860
2850.988032
2517.985171
2454.998615
2407.996757
2949.989576
2327.003363
2695.006776
2526.030073
2678.005824
2008.023324
2068.009337
2513.997805
2881.979799
2487.017167
2507.001585
2546.002877
2840.016631
2498.033976
2696.992388
2041.004410
2591.993020
2244.997300
2078.017983
2699.996254
2416.001944
2650.006157
2299.005205
2697.991123
2303.990434
2376.004754
2665.996975
2444.005499
2119.994399
2325.998653
2046.008670
2185.006524
2232.994006
2025.008692
2766.998867
2075.019469
2517.998431
2666.995036
2492.002387
2097.006928
2873.995823
2864.993716
2584.001846
2165.007760
2172.002601
2468.996878
2119.977590
2134.990671
2230.012119
2608.005631
2179.003245
2006.010462
2675.006198
2590.984791
2022.019688
2357.992612
2761.996919
2229.002417
2747.004400
2720.997007
2783.997279
2947.992289
2471.000508
2883.992916
2209.001871
2056.002645
2321.999850
2528.001502
2232.000854
2110.009753
2820.998228
2289.003609
2594.999514
2316.997921
2745.998669
2691.007951
2972.989849
2453.004726
2865.991233
2551.987992
2856.991350
2335.995852
2064.997569
2806.970751
2438.006197
2368.015008
2631.998811
2690.991624
2961.988778
2275.007717
2604.009390
2448.002610
2252.011297
2394.997077
2492.002906
2141.994387
2090.008138
2115.010386
2621.001310
2980.991522
2872.990671
2190.005546
2426.031380
2255.045569
2509.993260
2045.004240
2354.996589
2677.998669
2375.001294
2991.993625
2858.001531
2596.978072
2981.992079
2848.995648
2071.003697
2340.996658
2203.000300
2782.994488
2787.995375
2755.993342
2276.995648
2630.000994
2101.997466
2056.016939
2086.006103
2917.988711
2438.992647
2272.992144
2483.002203
2001.010071
2155.000611
2858.988826
2627.008002
2841.002657
2142.026915
2264.007118
2152.101503
2467.006875
2628.008038
2606.996384
2086.002561
2236.001248
2438.997335
2689.989999
2047.018011
2776.008002
2700.114650
2567.839670
2032.008749
2051.009978
2707.962567
2558.025598
2980.984580
2537.001654
2102.993192
2680.015646
2918.976462
2184.007141
2870.995533
2812.003290
2226.999282
2251.001081
2916.993496
2689.993578
2663.004984
2089.001318
2327.001533
2788.988925
2264.997313
2173.004481
2556.011540
2233.004779
2705.992402
2214.002612
2049.026078
2318.023837
2008.014505
2236.999132
2785.982051
2107.986946
2171.003288
2686.998179
2496.003826
2603.999704
2158.961105
2266.994807
2950.988649
2594.994694
2662.001684
2212.002553
2424.998760
2768.989738
2098.996350
2826.985295
2661.996756
2876.993100
2850.982035
2517.977731
2454.997923
2407.995134
2949.984364
2327.005044
2695.010164
2526.045120
2678.008736
2008.034988
2068.014005
2513.996707
2881.969694
2487.025754
2507.002378
2546.004316
2840.024957
2498.050983
2696.988581
2041.006613
2591.989528
2244.995950
2078.026977
2699.994379
2416.002917
2650.009236
2299.007808
2697.986685
2303.985650
2376.007131
2665.995463
2444.008248
2119.991598
2325.997979
2046.013005
2185.009787
2232.991009
2025.013039
2766.998303
2075.029207
2517.997646
2666.992554
2492.003581
2097.010392
2873.993735
2864.990575
2584.002768
2165.011639
2172.003895
2468.995316
2119.966377
2134.986002
2230.018179
2608.008448
2179.004867
2006.015693
2675.009294
2590.977187
2022.029532
2357.988918
2761.995378
2229.003625
2747.006600
2720.995510
2783.995919
2947.988433
2471.000763
2883.989374
2209.002806
2056.003967
2321.999775
2528.002253
2232.001281
2110.014630
2820.997342
2289.005414
2594.999270
2316.996881
2745.998004
2691.011928
2972.984773
2453.007089
2865.986850
2551.981988
2856.987025
2335.993778
2064.996349
2806.956118
2438.009297
2368.022515
2631.998216
2690.987435
2961.983167
2275.011576
2604.014086
2448.003915
2252.016947
2394.995615
2492.004359
2141.991580
2090.012209
2115.015580
2621.001966
2980.987283
2872.986007
2190.008319
2426.047093
2255.068387
2509.989890
2045.006360
2354.994883
2677.998003
2375.001941
2991.990438
2858.002296
2596.967107
2981.988118
2848.993471
2071.005545
2340.994987
2203.000449
2782.991733
2787.993062
2755.990013
2276.993472
2630.001490
2101.996199
2056.025409
2086.009154
2917.983066
2438.988963
2272.988207
2483.003304
2001.015106
2155.000916
2858.983239
2627.012004
2841.003986
2142.040409
2264.010684
2152.152373
2467.010325
2628.012057
2606.994575
2086.003841
2236.001871
2438.996001
2689.984998
2047.027020
2776.012008
2700.172607
2567.758701
2032.013124
2051.014967
2707.943687
2558.038597
2980.976869
2537.002481
2102.989783
2680.023473
2918.964692
2184.010711
2870.993299
2812.004935
2226.998923
2251.001622
2916.990244
2689.990368
2663.007477
2089.001977
2327.002300
2788.983387
2264.995970
2173.006721
2556.017311
2233.007169
2705.988602
2214.003918
2049.039123
2318.035762
2008.021758
2236.998697
2785.973073
2107.980414
2171.004932
2686.997269
2496.005738
2603.999556
2158.941618
2266.992205
2950.982974
2594.992040
2662.002527
2212.003829
2424.998140
2768.984606
2098.994526
2826.977941
2661.995134
2876.989650
2850.974827
2517.968780
2454.997092
2407.993187
2949.978110
2327.007062
2695.014228
2526.063185
2678.012232
2008.048987
2068.019607
2513.995390
2881.957566
2487.036061
2507.003329
2546.006043
2840.034957
2498.071408
2696.984010
2041.009255
2591.985336
2244.994329
2078.037773
2699.992127
2416.004084
2650.012931
2299.010932
2697.981358
2303.979908
2376.009985
2665.993648
2444.011547
2119.988236
2325.997171
2046.018208
2185.013702
2232.987412
2025.018254
2766.997628
2075.040897
2517.996704
2666.989576
2492.005013
2097.014550
2873.991229
2864.986804
2584.003876
2165.016296
2172.005441
2468.993441
2119.952916
2134.980395
2230.025452
2608.011828
2179.006814
2006.021971
2675.013009
2590.968063
2022.041347
2357.984485
2761.993529
2229.005076
2747.009241
2720.993714
2783.994287
2947.983806
2471.001068
2883.985123
2209.003929
2056.005552
2321.999685
2528.003155
2232.001793
2110.020482
2820.996279
2289.007581
2594.998979
2316.995633
2745.997207
2691.016701
2972.978682
2453.009925
2865.981588
2551.974782
2856.981834
2335.991288
2064.994880
2806.938552
2438.013017
2368.031524
2631.997503
2690.982410
2961.976434
2275.016206
2604.019722
2448.005481
2252.023728
2394.993860
2492.006102
2141.988210
2090.017095
2115.021815
2621.002752
2980.982196
2872.980410
2190.011647
2426.065971
2255.095798
2509.985846
2045.008902
2354.992835
2677.997205
2375.002717
2991.986613
2858.003214
2596.953947
2981.983365
2848.990860
2071.007761
2340.992982
2203.000629
2782.988426
2787.990286
2755.986018
2276.990859
2630.002086
2101.994678
2056.035573
2086.012816
2917.976292
2438.984538
2272.983475
2483.004626
2001.021149
2155.001283
2858.976534
2627.016807
2841.005581
2142.056632
2264.014968
2152.213522
2467.014475
2628.016880
2606.992405
2086.005376
2236.002619
2438.994401
2689.978996
2047.037833
2776.016819
2700.242730
2567.660810
2032.018373
2051.020953
2707.920893
2558.054364
2980.967616
2537.003473
2102.985688
2680.032869
2918.950567
2184.014996
2870.990619
2812.006910
2226.998492
2251.002271
2916.986342
2689.986514
2663.010468
2089.002768
2327.003220
2788.976742
2264.994358
2173.009409
2556.024238
2233.010038
2705.984042
2214.005486
2049.054782
2318.050078
2008.030462
2236.998176
2785.962297
2107.972572
2171.006905
2686.996177
2496.008034
2603.999378
2158.918199
2266.989076
2950.976163
2594.988856
2662.003538
2212.005361
2424.997396
2768.978449
2098.992337
2826.969116
2661.993187
2876.985509
2850.966402
2517.958306
2454.996122
2407.990915
2949.970813
2327.009416
2695.018970
2526.084273
2678.016312
2008.065321
2068.026143
2513.993854
2881.943413
2487.048089
2507.004438
2546.008057
2840.046637
2498.095260
2696.978676
2041.012335
2591.980443
2244.992437
2078.050371
2699.989497
2416.005446
2650.017243
2299.014576
2697.975144
2303.973207
2376.013314
2665.991529
2444.015396
2119.984312
2325.996228
2046.024277
2185.018270
2232.983215
2025.024339
2766.996843
2075.054540
2517.995605
2666.986101
2492.006684
2097.019400
2873.988305
2864.982406
2584.005168
2165.021728
2172.007237
2468.991253
2119.937203
2134.973849
2230.033939
2608.015772
2179.009086
2006.029295
2675.017340
2590.957418
2022.055132
2357.979312
2761.991372
2229.006768
2747.012322
2720.991619
2783.992382
2947.978408
2471.001423
2883.980164
2209.005238
2056.007402
2321.999580
2528.004207
2232.002391
2110.027310
2820.995039
2289.010108
2594.998638
2316.994177
2745.996277
2691.022271
2972.971576
2453.013234
2865.975450
2551.966374
2856.975778
2335.988384
2064.993161
2806.918048
2438.017358
2368.042038
2631.996670
2690.976546
2961.968578
2275.021609
2604.026297
2448.007308
2252.031641
2394.991812
2492.008136
2141.984277
2090.022798
2115.029090
2621.003669
2980.976261
2872.973880
2190.015530
2426.088023
2255.127816
2509.981127
2045.011868
2354.990445
2677.996274
2375.003622
2991.982150
2858.004285
2596.938592
2981.977820
2848.987813
2071.010346
2340.990642
2203.000838
2782.984567
2787.987048
2755.981357
2276.987811
2630.002780
2101.992904
2056.047432
2086.017088
2917.968389
2438.979366
2272.977942
2483.006168
2001.028199
2155.001710
2858.968712
2627.022411
2841.007443
2142.075597
2264.019973
2152.285009
2467.019331
2628.022506
2606.989872
2086.007167
2236.003491
2438.992533
2689.971993
2047.050453
2776.022438
2700.325351
2567.545573
2032.024498
2051.027938
2707.894110
2558.072994
2980.956820
2537.004631
2102.980905
2680.043837
2918.934087
2184.019995
2870.987493
2812.009215
2226.997990
2251.003027
2916.981789
2689.982019
2663.013958
2089.003689
2327.004293
2788.968989
2264.992477
2173.012546
2556.032322
2233.013384
2705.978720
2214.007314
2049.073057
2318.066789
2008.040617
2236.997568
2785.949721
2107.963416
2171.009207
2686.994903
2496.010712
2603.999170
2158.890827
2266.985417
2950.968217
2594.985141
2662.004718
2212.007148
2424.996528
2768.971265
2098.989784
2826.958819
2661.990916
2876.980678
2850.956752
2517.946293
2454.995013
2407.988318
2949.962473
2327.012106
2695.024388
2526.108390
2678.020976
2008.083992
2068.033613
2513.992098
2881.927232
2487.061841
2507.005707
2546.010359
2840.060001
2498.122548
2696.972577
2041.015851
2591.974849
2244.990274
2078.064774
2699.986488
2416.007004
2650.022171
2299.018741
2697.968042
2303.965548
2376.017120
2665.989108
2444.019795
2119.979828
2325.995151
2046.031213
2185.023491
2232.978419
2025.031293
2766.995949
2075.070137
2517.994349
2666.982130
2492.008594
2097.024944
2873.984964
2864.977379
2584.006645
2165.027937
2172.009279
2468.988751
2119.919235
2134.966361
2230.043639
2608.020280
2179.011682
2006.037666
2675.022287
2590.945253
2022.070888
2357.973399
2761.988907
2229.008701
2747.015843
2720.989224
2783.990206
2947.972239
2471.001830
2883.974497
2209.006735
2056.009515
2321.999460
2528.005409
2232.003074
2110.035113
2820.993622
2289.012997
2594.998249
2316.992513
2745.995216
2691.028639
2972.963455
2453.017016
2865.968434
2551.956763
2856.968857
2335.985063
2064.991189
2806.894603
2438.022321
2368.054056
2631.995719
2690.969845
2961.959600
2275.027783
2604.033813
2448.009397
2252.040687
2394.989470
2492.010461
2141.979781
2090.029319
2115.037406
2621.004717
2980.969478
2872.966417
2190.019967
2426.113263
2255.164462
2509.975735
2045.015257
2354.987714
2677.995210
2375.004657
2991.977050
2858.005508
2596.921040
2981.971483
2848.984331
2071.013299
2340.987967
2203.001077
2782.980158
2787.983347
2755.976029
2276.984326
2630.003573
2101.990875
2056.060987
2086.021970
2917.959357
2438.973446
2272.971605
2483.007930
2001.036256
2155.002199
2858.959772
2627.028816
2841.009573
2142.097324
2264.025703
2152.366903
2467.024900
2628.028936
2606.986977
2086.009213
2236.004488
2438.990397
2689.963988
2047.064880
2776.028867
2700.420879
2567.412471
2032.031497
2051.035921
2707.863248
2558.094599
2980.944482
2537.005954
2102.975431
2680.056378
2918.915250
2184.025709
2870.983919
2812.011850
2226.997416
2251.003892
2916.976585
2689.976882
2663.017947
2089.004741
2327.005520
2788.960128
2264.990327
2173.016130
2556.041562
2233.017210
2705.972636
2214.009403
2049.093952
2318.085898
2008.052223
2236.996872
2785.935343
2107.952943
2171.011838
2686.993447
2496.013773
2603.998934
2158.859478
2266.981225
2950.959136
2594.980895
2662.006067
2212.009190
2424.995536
2768.963054
2098.986867
2826.947049
2661.988319
2876.975156
2850.945869
2517.932726
2454.993765
2407.985394
2949.953092
2327.015132
2695.030483
2526.135542
2678.026225
2008.105002
2068.042016
2513.990122
2881.909021
2487.077318
2507.007134
2546.012950
2840.075057
2498.153284
2696.965713
2041.019804
2591.968552
2244.987840
2078.080983
2699.983098
2416.008757
2650.027716
2299.023427
2697.960051
2303.956928
2376.021402
2665.986384
2444.024744
2119.974781
2325.993939
2046.039017
2185.029366
2232.973022
2025.039116
2766.994948
2075.087692
2517.992936
2666.977662
2492.010743
2097.031182
2873.981205
2864.971723
2584.008306
2165.034922
2172.011563
2468.985935
2119.899007
2134.957927
2230.054553
2608.025353
2179.014603
2006.047083
2675.027848
2590.931569
2022.088616
2357.966746
2761.986134
2229.010876
2747.019805
2720.986530
2783.987757
2947.965299
2471.002288
2883.968121
2209.008419
2056.011891
2321.999325
2528.006761
2232.003843
2110.043892
2820.992029
2289.016248
2594.997811
2316.990641
2745.994023
2691.035805
2972.954318
2453.021270
2865.960539
2551.945949
2856.961069
2335.981327
2064.988959
2806.868211
2438.027906
2368.067582
2631.994649
2690.962306
2961.949499
2275.034729
2604.042269
2448.011746
2252.050866
2394.986835
2492.013076
2141.974721
2090.036658
2115.046765
2621.005897
2980.961847
2872.958021
2190.024960
2426.141706
2255.205755
2509.969668
2045.019068
2354.984639
2677.994013
2375.005822
2991.971312
2858.006884
2596.901292
2981.964353
2848.980414
2071.016620
2340.984959
2203.001346
2782.975197
2787.979183
2755.970036
2276.980403
2630.004464
2101.988593
2056.076236
2086.027463
2917.949196
2438.966771
2272.964456
2483.009913
2001.045321
2155.002749
2858.949715
2627.036023
2841.011970
2142.121831
2264.032159
2152.459283
2467.031190
2628.036169
2606.983719
2086.011514
2236.005609
2438.987994
2689.954982
2047.081116
2776.036109
2700.529806
2567.260878
2032.039372
2051.044901
2707.828197
2558.119314
2980.930601
2537.007443
2102.969263
2680.070494
2918.894057
2184.032138
2870.979899
2812.014815
2226.996770
2251.004864
2916.970731
2689.971102
2663.022435
2089.005925
2327.006900
2788.950159
2264.987908
2173.020163
2556.051960
2233.021514
2705.965790
2214.011753
2049.117471
2318.107410
2008.065280
2236.996090
2785.919162
2107.941152
2171.014797
2686.991810
2496.017216
2603.998667
2158.824126
2266.976495
2950.948920
2594.976117
2662.007585
2212.011487
2424.994419
2768.953817
2098.983587
2826.933806
2661.985397
2876.968944
2850.933744
2517.917584
2454.992378
2407.982145
2949.942667
2327.018494
2695.037253
2526.165737
2678.032060
2008.128351
2068.051353
2513.987927
2881.888778
2487.094523
2507.008719
2546.015828
2840.091813
2498.187482
2696.958083
2041.024191
2591.961551
2244.985135
2078.099001
2699.979325
2416.010705
2650.033878
2299.028634
2697.951173
2303.947347
2376.026161
2665.983357
2444.030243
2119.969172
2325.992592
2046.047688
2185.035893
2232.967025
2025.047809
2766.993841
2075.107206
2517.991366
2666.972697
2492.013130
2097.038113
2873.977028
2864.965439
2584.010152
2165.042683
2172.014084
2468.982805
2119.876514
2134.948546
2230.066682
2608.030991
2179.017849
2006.057547
2675.034023
2590.916366
2022.108316
2357.959353
2761.983053
2229.013293
2747.024208
2720.983536
2783.985036
2947.957587
2471.002796
2883.961037
2209.010289
2056.014529
2321.999175
2528.008264
2232.004697
2110.053647
2820.990259
2289.019860
2594.997324
2316.988560
2745.992699
2691.043770
2972.944165
2453.025998
2865.951766
2551.933932
2856.952417
2335.977175
2064.986470
2806.838866
2438.034113
2368.082615
2631.993460
2690.953929
2961.938275
2275.042447
2604.051667
2448.014358
2252.062179
2394.983906
2492.015982
2141.969096
2090.044818
2115.057167
2621.007207
2980.953369
2872.948692
2190.030507
2426.173370
2255.251720
2509.962927
2045.023301
2354.981222
2677.992684
2375.007115
2991.964937
2858.008413
2596.879345
2981.956431
2848.976062
2071.020309
2340.981615
2203.001644
2782.969685
2787.974557
2755.963376
2276.976044
2630.005454
2101.986057
2056.093182
2086.033566
2917.937906
2438.959338
2272.956489
2483.012116
2001.055393
2155.003360
2858.938540
2627.044032
2841.014635
2142.149142
2264.039347
2152.562240
2467.038210
2628.044206
2606.980098
2086.014070
2236.006853
2438.985322
2689.944974
2047.099164
2776.044167
2700.652725
2567.090040
2032.048122
2051.054880
2707.788825
2558.147303
2980.915176
2537.009098
2102.962398
2680.086189
2918.870506
2184.039281
2870.975433
2812.018112
2226.996053
2251.005944
2916.964227
2689.964680
2663.027423
2089.007238
2327.008434
2788.939083
2264.985220
2173.024643
2556.063518
2233.026298
2705.958182
2214.014363
2049.143617
2318.131329
2008.079789
2236.995220
2785.901174
2107.928037
2171.018086
2686.989992
2496.021042
2603.998371
2158.784740
2266.971223
2950.937568
2594.970808
2662.009273
2212.014040
2424.993178
2768.943553
2098.979942
2826.919090
2661.982151
2876.962040
