2251.002798
2094.998917
2805.999654
2831.000641
2266.000269
2929.998545
2002.001003
2671.001260
2090.001313
2152.000967
2713.000410
2079.001565
2130.001041
2240.999497
2740.999692
2117.998536
2494.988126
2598.003117
2433.999959
2294.999280
2876.998848
2898.000136
2936.001886
2056.002822
2242.999208
2322.999956
2914.998611
2676.999955
2063.010829
2768.000697
2628.001138
2833.001012
2853.001628
2314.997674
2599.999525
2056.000764
2325.998856
2902.999431
2858.998535
2689.001520
2975.998911
2566.999611
2538.999690
2502.999921
2286.000855
2098.000680
2611.999513
2013.001995
2959.997554
2075.999045
2812.999247
2057.001415
2097.002543
2261.998808
2270.000306
2861.997876
2265.000018
2189.000167
2857.999313
2399.999432
2097.999098
2728.001324
2236.000039
2619.999835
2781.999545
2905.999971
2651.999698
2869.998769
2550.998265
2182.999075
2218.000865
2347.998225
2069.999976
2444.999298
2237.001876
2067.002394
2813.000019
2332.001313
2292.999856
2542.000186
2462.000000
2991.999434
2197.999497
2227.999640
2789.001770
2361.998575
2478.000440
2014.001387
2181.000827
2916.999147
2664.965483
2135.015752
2852.999842
2556.999604
2656.003801
2146.988015
2674.000352
2959.998942
2879.998818
2253.002475
2839.000916
2714.998383
2526.999921
2264.999325
2186.001678
2054.001328
2752.001589
2885.001101
2540.998104
2066.001682
2512.001171
2082.999665
2831.998734
2936.999082
2596.000409
2944.999186
2428.000936
2618.999542
2943.003850
2852.007551
2001.001646
2690.992522
2402.000185
2217.999822
2032.003666
2757.000097
2024.000801
2860.999033
2381.999815
2753.999860
2010.001091
2267.000022
2773.998440
2099.000402
2095.000175
2695.003969
2915.004893
2475.011558
2047.002773
2419.002350
2080.996262
2771.997093
2535.001780
2174.001578
2605.999678
2205.999397
2731.000210
2581.999802
2742.001142
2317.000515
2171.001013
2326.999473
2330.997828
2101.000993
2133.000391
2547.999732
2232.000442
2815.000450
2949.993349
2862.991088
2872.997737
2296.001099
2487.000385
2182.999909
2670.999686
2789.000789
2612.999846
2520.999826
2768.000415
2263.000591
2677.000135
2433.999818
2853.999161
2116.999866
2481.005584
2601.998166
2156.000676
2186.001337
2659.000541
2137.012807
2580.000000
2361.999806
2273.995875
2849.010841
2141.999379
2520.002343
2919.986572
2484.974984
2280.999617
2252.999800
2958.998986
2930.999019
2316.999855
2136.996958
2776.000567
2969.998148
2487.000422
2479.000210
2014.001117
2138.000521
2251.008394
2094.996750
2805.998962
2831.001922
2266.000806
2929.995635
2002.003010
2671.003780
2090.003940
2152.002901
2713.001229
2079.004696
2130.003124
2240.998490
2740.999077
2117.995609
2494.964349
2598.009361
2433.999876
2294.997840
2876.996544
2898.000408
2936.005658
2056.008467
2242.997624
2322.999868
2914.995832
2676.999866
2063.032506
2768.002094
2628.003414
2833.003036
2853.004884
2314.993021
2599.998575
2056.002293
2325.996569
2902.998293
2858.995604
2689.004560
2975.996734
2566.998833
2538.999070
2502.999763
2286.002564
2098.002040
2611.998538
2013.005985
2959.992660
2075.997135
2812.997740
2057.004245
2097.007629
2261.996423
2270.000919
2861.993625
2265.000054
2189.000502
2857.997938
2399.998296
2097.997293
2728.003973
2236.000118
2619.999504
2781.998635
2905.999913
2651.999094
2869.996307
2550.994795
2182.997225
2218.002596
2347.994675
2069.999929
2444.997895
2237.005628
2067.007183
2813.000055
2332.003938
2292.999567
2542.000557
2462.000000
2991.998302
2197.998490
2227.998921
2789.005310
2361.995724
2478.001319
2014.004161
2181.002481
2916.997442
2664.896118
2135.047438
2852.999525
2556.998811
2656.011425
2146.963987
2674.001057
2959.996826
2879.996453
2253.007426
2839.002749
2714.995148
2526.999764
2264.997976
2186.005033
2054.003983
2752.004766
2885.003303
2540.994313
2066.005046
2512.003513
2082.998995
2831.996202
2936.997246
2596.001227
2944.997558
2428.002808
2618.998625
2943.011564
2852.022677
2001.004940
2690.977559
2402.000556
2217.999467
2032.010998
2757.000291
2024.002404
2860.997100
2381.999444
2753.999580
2010.003274
2267.000066
2773.995318
2099.001207
2095.000524
2695.011908
2915.014721
2475.034761
2047.008321
2419.007050
2080.988775
2771.991275
2535.005342
2174.004734
2605.999033
2205.998191
2731.000629
2581.999407
2742.003427
2317.001545
2171.003039
2326.998420
2330.993483
2101.002979
2133.001174
2547.999195
2232.001326
2815.001351
2949.980023
2862.973225
2872.993211
2296.003299
2487.001156
2182.999728
2670.999057
2789.002367
2612.999538
2520.999477
2768.001244
2263.001774
2677.000406
2433.999455
2853.997484
2116.999599
2481.016777
2601.994491
2156.002027
2186.004012
2659.001698
2137.038484
2579.999999
2361.999417
2273.987616
2849.032551
2141.998138
2520.007030
2919.959595
2484.924711
2280.998852
2252.999399
2958.996959
2930.997058
2316.999566
2136.990873
2776.001700
2969.994445
2487.001267
2479.000629
2014.003351
2138.001563
2251.016788
2094.993501
2805.997925
2831.003845
2266.001613
2929.991269
2002.006020
2671.007562
2090.007880
2152.005802
2713.002459
2079.009392
2130.006249
2240.996980
2740.998154
2117.991217
2494.928610
2598.018747
2433.999753
2294.995680
2876.993088
2898.000816
2936.011319
2056.016937
2242.995247
2322.999736
2914.991664
2676.999732
2063.065065
2768.004198
2628.006829
2833.006073
2853.009773
2314.986038
2599.997150
2056.004587
2325.993138
2902.996585
2858.991208
2689.009121
2975.993469
2566.997665
2538.998139
2502.999526
2286.005127
2098.004079
2611.997076
2013.011970
2959.985317
2075.994268
2812.995479
2057.008490
2097.015258
2261.992845
2270.001841
2861.987237
2265.000107
2189.001004
2857.995875
2399.996591
2097.994584
2728.007948
2236.000237
2619.999007
2781.997270
2905.999825
2651.998188
2869.992613
2550.989587
2182.994448
2218.005192
2347.989349
2069.999858
2444.995788
2237.011257
2067.014367
2813.000109
2332.007878
2292.999134
2542.001114
2462.000000
2991.996604
2197.996981
2227.997842
2789.010622
2361.991447
2478.002638
2014.008323
2181.004963
2916.994884
2664.791207
2135.095453
2852.999049
2556.997622
2656.022920
2146.927801
2674.002114
2959.993651
2879.992906
2253.014853
2839.005500
2714.990294
2526.999529
2264.995952
2186.010065
2054.007967
2752.009534
2885.006606
2540.988625
2066.010093
2512.007026
2082.997990
2831.992403
2936.994492
2596.002454
2944.995116
2428.005617
2618.997251
2943.023172
2852.045421
2001.009881
2690.955095
2402.001111
2217.998935
2032.021994
2757.000581
2024.004808
2860.994199
2381.998887
2753.999159
2010.006547
2267.000131
2773.990636
2099.002414
2095.001048
2695.023817
2915.029574
2475.069785
2047.016644
2419.014101
2080.977519
2771.982542
2535.010689
2174.009470
2605.998065
2205.996383
2731.001257
2581.998814
2742.006854
2317.003090
2171.006078
2326.996840
2330.986966
2101.005959
2133.002347
2547.998391
2232.002652
2815.002702
2949.959978
2862.946346
2872.986421
2296.006599
2487.002313
2182.999457
2670.998115
2789.004734
2612.999075
2520.998955
2768.002488
2263.003549
2677.000811
2433.998911
2853.994969
2116.999197
2481.033617
2601.988964
2156.004054
2186.008025
2659.003577
2137.077135
2579.999999
2361.998835
2273.975211
2849.065176
2141.996275
2520.014061
2919.918847
2484.848746
2280.997704
2252.998798
2958.993917
2930.994116
2316.999132
2136.981743
2776.003399
2969.988890
2487.002535
2479.001258
2014.006702
2138.003127
2251.027980
2094.989167
2805.996541
2831.006409
2266.002688
2929.985448
2002.010034
2671.012608
2090.013133
2152.009670
2713.004099
2079.015653
2130.010415
2240.994967
2740.996924
2117.985361
2494.880817
2598.031302
2433.999588
2294.992800
2876.988480
2898.001361
2936.018872
2056.028234
2242.992078
2322.999561
2914.986106
2676.999553
2063.108563
2768.007020
2628.011382
2833.010122
2853.016299
2314.976721
2599.995250
2056.007645
2325.988563
2902.994309
2858.985344
2689.015205
2975.989114
2566.996109
2538.996899
2502.999210
2286.008546
2098.006798
2611.995127
2013.019950
2959.975522
2075.990442
2812.992465
2057.014151
2097.025430
2261.988075
2270.003076
2861.978701
2265.000178
2189.001673
2857.993125
2399.994318
2097.990972
2728.013249
2236.000394
2619.998345
2781.995450
2905.999708
2651.996979
2869.987688
2550.982640
2182.990745
2218.008654
2347.982248
2069.999763
2444.992980
2237.018764
2067.023945
2813.000180
2332.013131
2292.998556
2542.001857
2462.000000
2991.994340
2197.994967
2227.996402
2789.017705
2361.985744
2478.004398
2014.013872
2181.008271
2916.991474
2664.649651
2135.160422
2852.998416
2556.996037
2656.038365
2146.879264
2674.003524
2959.989419
2879.988175
2253.024756
2839.009169
2714.983821
2526.999214
2264.993253
2186.016775
2054.013279
2752.015891
2885.011011
2540.981038
2066.016824
2512.011712
2082.996649
2831.987338
2936.990820
2596.004090
2944.991861
2428.009361
2618.995418
2943.038716
2852.075855
2001.016471
2690.925107
2402.001852
2217.998225
2032.036654
2757.000965
2024.008013
2860.990332
2381.998145
2753.998599
2010.010912
2267.000219
2773.984392
2099.004023
2095.001745
2695.039699
2915.049587
2475.116905
2047.027743
2419.023506
2080.962468
2771.970887
2535.017825
2174.015788
2605.996775
2205.993971
2731.002095
2581.998024
2742.011423
2317.005149
2171.010130
2326.994733
2330.978273
2101.009933
2133.003912
2547.997318
2232.004421
2815.004503
2949.933153
2862.910354
2872.977364
2296.011002
2487.003854
2182.999094
2670.996858
2789.007891
2612.998459
2520.998258
2768.004148
2263.005914
2677.001352
2433.998185
2853.991615
2116.998662
2481.056160
2601.981568
2156.006757
2186.013375
2659.006326
2137.128907
2579.999998
2361.998058
2273.958639
2849.108792
2141.993791
2520.023439
2919.864003
2484.746439
2280.996174
2252.997997
2958.989862
2930.990194
2316.998552
2136.969566
2776.005666
2969.981482
2487.004225
2479.002097
2014.011169
2138.005211
2251.041970
2094.983750
2805.994811
2831.009614
2266.004032
2929.978172
2002.015050
2671.018922
2090.019700
2152.014506
2713.006150
2079.023481
2130.015622
2240.992449
2740.995386
2117.978040
2494.820849
2598.047062
2433.999382
2294.989200
2876.982720
2898.002041
2936.028321
2056.042361
2242.988116
2322.999342
2914.979159
2676.999331
2063.163071
2768.010574
2628.017075
2833.015185
2853.024467
2314.965064
2599.992875
2056.011467
2325.982844
2902.991463
2858.978012
2689.022813
2975.983672
2566.994164
2538.995348
2502.998815
2286.012821
2098.010198
2611.992690
2013.029925
2959.963273
2075.985656
2812.988697
2057.021227
2097.038147
2261.982111
2270.004628
2861.968000
2265.000268
2189.002510
2857.989687
2399.991477
2097.986454
2728.019877
2236.000591
2619.997518
2781.993174
2905.999561
2651.995468
2869.981530
2550.973949
2182.986112
2218.012984
2347.973369
2069.999642
2444.989467
2237.028149
2067.035920
2813.000266
2332.019700
2292.997834
2542.002786
2462.000000
2991.991509
2197.992450
2227.994603
2789.026560
2361.978613
2478.006597
2014.020808
2181.012407
2916.987211
2664.469882
2135.243245
2852.997624
2556.994055
2656.057862
2146.818126
2674.005286
2959.984128
2879.982262
2253.037136
2839.013758
2714.975726
2526.998821
2264.989880
2186.025161
2054.019918
2752.023839
2885.016519
2540.971551
2066.025239
2512.017573
2082.994971
2831.981006
2936.986230
2596.006135
2944.987791
2428.014042
2618.993127
2943.058257
2852.114070
2001.024712
2690.887568
2402.002778
2217.997337
2032.054977
2757.001443
2024.012019
2860.985498
2381.997218
2753.997898
2010.016368
2267.000328
2773.976585
2099.006034
2095.002616
2695.059556
2915.074954
2475.176505
2047.041622
2419.035266
2080.943589
2771.956301
2535.026758
2174.023692
2605.995162
2205.990957
2731.003143
2581.997036
2742.017135
2317.007724
2171.015196
2326.992100
2330.967405
2101.014900
2133.005868
2547.995976
2232.006631
2815.006755
2949.899466
2862.865125
2872.966038
2296.016509
2487.005782
2182.998642
2670.995287
2789.011837
2612.997688
2520.997387
2768.006222
2263.008872
2677.002029
2433.997277
2853.987422
2116.997992
2481.084476
2601.972284
2156.010136
2186.020064
2659.010149
2137.193985
2579.999997
2361.997087
2273.937871
2849.163493
2141.990685
2520.035165
2919.794610
2484.616893
2280.994260
2252.996995
2958.984792
2930.985292
2316.997828
2136.954338
2776.008500
2969.972222
2487.006337
2479.003146
2014.016754
2138.007817
2251.058759
2094.977248
2805.992736
2831.013460
2266.005645
2929.969441
2002.021070
2671.026508
2090.027580
2152.020309
2713.008613
2079.032874
2130.021871
2240.989429
2740.993540
2117.969253
2494.748550
2598.066071
2433.999134
2294.984880
2876.975807
2898.002857
2936.039671
2056.059323
2242.983360
2322.999081
2914.970823
2676.999063
2063.228684
2768.014877
2628.023907
2833.021262
2853.034286
2314.951061
2599.990025
2056.016054
2325.975980
2902.988048
2858.969209
2689.031949
2975.977141
2566.991829
2538.993487
2502.998340
2286.017952
2098.014276
2611.989766
2013.041896
2959.948567
2075.979906
2812.984176
2057.029717
2097.053408
2261.974954
2270.006504
2861.955111
2265.000374
2189.003513
2857.985561
2399.988066
2097.981030
2728.027835
2236.000828
2619.996525
2781.990442
2905.999385
2651.993653
2869.974138
2550.963510
2182.980548
2218.018180
2347.962713
2069.999496
2444.985250
2237.039414
2067.050290
2813.000366
2332.027585
2292.996968
2542.003900
2462.000000
2991.988113
2197.989427
2227.992444
2789.037190
2361.970053
2478.009236
2014.029132
2181.017370
2916.982095
2664.249751
2135.345167
2852.996673
2556.991676
2656.081535
2146.744094
2674.007400
2959.977779
2879.975164
2253.051994
2839.019267
2714.966007
2526.998349
2264.985831
2186.035225
2054.027886
2752.033380
2885.023131
2540.960161
2066.035339
2512.024609
2082.992956
2831.973406
2936.980722
2596.008590
2944.982907
2428.019659
2618.990378
2943.081871
2852.160189
2001.034605
2690.842439
2402.003889
2217.996272
2032.076963
2757.002013
2024.016828
2860.979697
2381.996105
2753.997058
2010.022915
2267.000459
2773.967214
2099.008449
2095.003659
2695.083392
2915.105930
2475.249100
2047.058282
2419.049385
2080.920840
2771.938774
2535.037494
2174.033183
2605.993226
2205.987341
2731.004401
2581.995850
2742.023991
2317.010813
2171.021275
2326.988939
2330.954359
2101.020862
2133.008216
2547.994365
2232.009284
2815.009458
2949.858817
2862.810499
2872.952441
2296.023123
2487.008095
2182.998098
2670.993402
2789.016573
2612.996764
2520.996341
2768.008711
2263.012421
2677.002840
2433.996188
2853.982390
2116.997189
2481.118653
2601.961085
2156.014191
2186.028091
2659.015330
2137.272588
2579.999995
2361.995921
2273.912874
2849.229405
2141.986956
2520.049242
2919.710077
2484.458925
2280.991964
2252.995793
2958.978709
2930.979409
2316.996958
2136.936055
2776.011900
2969.961109
2487.008872
2479.004405
2014.023456
2138.010944
2251.078346
2094.969661
2805.990314
2831.017948
2266.007527
2929.959253
2002.028094
2671.035370
2090.036774
2152.027079
2713.011488
2079.043834
2130.029162
2240.985904
2740.991387
2117.958999
2494.663727
2598.088384
2433.998846
2294.979840
2876.967742
2898.003810
2936.052929
2056.079124
2242.977809
2322.998778
2914.961096
2676.998752
2063.305514
2768.019951
2628.031879
2833.028354
2853.045764
2314.934704
2599.986701
2056.021405
2325.967971
2902.984064
2858.958934
2689.042613
2975.969521
2566.989106
2538.991315
2502.997787
2286.023941
2098.019035
2611.986353
2013.055862
2959.931398
2075.973189
2812.978900
2057.039624
2097.071216
2261.966602
2270.008710
2861.940009
2265.000499
2189.004684
2857.980747
2399.984086
2097.974697
2728.037122
2236.001104
2619.995367
2781.987252
2905.999178
2651.991533
2869.965513
2550.951318
2182.974050
2218.024245
2347.950278
2069.999322
2444.980328
2237.052560
2067.067058
2813.000478
2332.036788
2292.995957
2542.005200
2462.000001
2991.984151
2197.985900
2227.989924
2789.049596
2361.960062
2478.012315
2014.038843
2181.023161
2916.976126
2663.986356
2135.467897
2852.995564
2556.988901
2656.109563
2146.656733
2674.009867
2959.970372
2879.966882
2253.069331
2839.025700
2714.954663
2526.997799
2264.981108
2186.046966
2054.037182
2752.044515
2885.030847
2540.946864
2066.047127
2512.032822
2082.990601
2831.964540
2936.974296
2596.011453
2944.977209
2428.026211
2618.987171
2943.109653
2852.214360
2001.046151
2690.789677
2402.005186
2217.995030
2032.102610
2757.002674
2024.022437
2860.972929
2381.994806
2753.996077
2010.030554
2267.000612
2773.956279
2099.011266
2095.004874
2695.111211
2915.142849
2475.335357
2047.077727
2419.065867
2080.894170
2771.918293
2535.050043
2174.044267
2605.990967
2205.983122
2731.005868
2581.994466
2742.031990
2317.014418
2171.028368
2326.985251
2330.939133
2101.027818
2133.010955
2547.992485
2232.012380
2815.012613
2949.811081
2862.746281
2872.936570
2296.030847
2487.010793
2182.997465
2670.991202
2789.022098
2612.995685
2520.995122
2768.011616
2263.016562
2677.003787
2433.994918
2853.976520
2116.996251
2481.158798
2601.947942
2156.018922
2186.037458
2659.022272
2137.364954
2579.999994
2361.994562
2273.883605
2849.306675
2141.982604
2520.065673
2919.609630
2484.270998
2280.989285
2252.994390
2958.971611
2930.972547
2316.995943
2136.914713
2776.015868
2969.948142
2487.011830
2479.005873
2014.031274
2138.014592
2251.100732
2094.960988
2805.987546
2831.023078
2266.009678
2929.947610
2002.036120
2671.045513
2090.047282
2152.034817
2713.014776
2079.056362
2130.037495
2240.981875
2740.988926
2117.947277
2494.566149
2598.114068
2433.998516
2294.974080
2876.958524
2898.004899
2936.068101
2056.101771
2242.971464
2322.998434
2914.949981
2676.998396
2063.393697
2768.025822
2628.040993
2833.036463
2853.058913
2314.915982
2599.982901
2056.027520
2325.958818
2902.979510
2858.947183
2689.054810
2975.960814
2566.985994
2538.988833
2502.997154
2286.030788
2098.024474
2611.982453
2013.071825
2959.911762
2075.965502
2812.972870
2057.050946
2097.091570
2261.957055
2270.011255
2861.922663
2265.000641
2189.006022
2857.975244
2399.979536
2097.967453
2728.047743
2236.001420
2619.994044
2781.983605
2905.998941
2651.989110
2869.955652
2550.937366
2182.966616
2218.031178
2347.936063
2069.999121
2444.974698
2237.067589
2067.086224
2813.000600
2332.047310
2292.994802
2542.006686
2462.000001
2991.979623
2197.981868
2227.987043
2789.063778
2361.948640
2478.015834
2014.049942
2181.029779
2916.969304
2663.675772
2135.613791
2852.994296
2556.985729
2656.142144
2146.555587
2674.012687
2959.961906
2879.957415
2253.089148
2839.033058
2714.941690
2526.997170
2264.975709
2186.060384
2054.047806
2752.057245
2885.039670
2540.931658
2066.060603
2512.042213
2082.987907
2831.954405
2936.966952
2596.014726
2944.970697
2428.033699
2618.983506
2943.141718
2852.276764
2001.059352
2690.729229
2402.006668
2217.993610
2032.131917
2757.003425
2024.028848
2860.965194
2381.993322
2753.994956
2010.039283
2267.000787
2773.943777
2099.014486
2095.006260
2695.143017
2915.186142
2475.436141
2047.099960
2419.084715
2080.863523
2771.894843
2535.064415
2174.056947
2605.988385
2205.978300
2731.007545
2581.992885
2742.041132
2317.018538
2171.036475
2326.981036
2330.921725
2101.035771
2133.014086
2547.990336
2232.015918
2815.016219
2949.756107
2862.672237
2872.918421
2296.039685
2487.013878
2182.996741
2670.988688
2789.028414
2612.994453
2520.993728
2768.014936
2263.021295
2677.004868
2433.993466
2853.969811
2116.995180
2481.205038
2601.932817
2156.024329
2186.048164
2659.031561
2137.471315
2579.999992
2361.993008
2273.850016
2849.395483
2141.977628
2520.084462
2919.492275
2484.051127
2280.986223
2252.992787
2958.963499
2930.964704
2316.994782
2136.890307
2776.020404
2969.933321
2487.015210
2479.007552
2014.040210
2138.018761
2251.125916
2094.951230
2805.984433
2831.028850
2266.012099
2929.934511
2002.045150
2671.056945
2090.059103
2152.043523
2713.018478
2079.070456
2130.046870
2240.977342
2740.986157
2117.934086
2494.455541
2598.143202
2433.998145
2294.967599
2876.948153
2898.006123
2936.085195
2056.127269
2242.964322
2322.998049
2914.937475
2676.997996
2063.493390
2768.032520
2628.051248
2833.045589
2853.073744
2314.894885
2599.978627
2056.034400
2325.948518
2902.974387
2858.933955
2689.068544
2975.951018
2566.982494
2538.986040
2502.996441
2286.038494
2098.030593
2611.978064
2013.089783
2959.889654
2075.956840
2812.966086
2057.063683
2097.114472
2261.946311
2270.014150
2861.903035
2265.000801
2189.007527
2857.969052
2399.974416
2097.959297
2728.059698
2236.001775
2619.992554
2781.979500
2905.998673
2651.986380
2869.944555
2550.921648
2182.958243
2218.038983
2347.920067
2069.998891
2444.968360
2237.084504
2067.107790
2813.000729
2332.059155
2292.993502
2542.008357
2462.000001
2991.974528
2197.977329
2227.983802
2789.079740
2361.935784
2478.019795
2014.062429
2181.037224
2916.961629
2663.312596
2135.786169
2852.992870
2556.982160
2656.179540
2146.440052
2674.015859
2959.952383
2879.946762
2253.111446
2839.041342
2714.927085
2526.996462
2264.969636
2186.075478
2054.059759
2752.071572
2885.049600
2540.914538
2066.075771
2512.052785
2082.984873
2831.943001
2936.958690
2596.018407
2944.963371
2428.042122
2618.979383
2943.178204
2852.347619
2001.074212
2690.661035
2402.008334
2217.992013
2032.164885
2757.004262
2024.036061
2860.956492
2381.991653
2753.993695
2010.049104
2267.000984
2773.929707
2099.018109
2095.007817
2695.178816
2915.236367
2475.552569
2047.124986
2419.105934
2080.828829
2771.868409
2535.080621
2174.071229
2605.985479
2205.972877
2731.009431
2581.991107
2742.051419
2317.023172
2171.045596
2326.976293
2330.902131
2101.044719
2133.017609
2547.987916
2232.019899
2815.020278
2949.693717
2862.588089
2872.897990
2296.049640
2487.017348
2182.995926
2670.985859
2789.035521
2612.993066
2520.992160
2768.018671
2263.026620
2677.006085
2433.991833
2853.962263
2116.993974
2481.257523
2601.915666
2156.030412
2186.060211
2659.044090
2137.591839
2579.999989
2361.991260
2273.812046
2849.496038
2141.972027
2520.105612
2919.356721
2483.796743
2280.982778
2252.990983
2958.954372
2930.955882
2316.993476
2136.862829
2776.025508
2969.916645
2487.019013
2479.009440
2014.050262
2138.023451
2251.153900
2094.940384
2805.980973
2831.035265
2266.014790
2929.919955
2002.055183
2671.069674
2090.072239
2152.053197
2713.022595
2079.086119
2130.057287
2240.972304
2740.983080
2117.919424
2494.331580
2598.175879
2433.997732
2294.960398
2876.936628
2898.007484
2936.104222
2056.155627
2242.956382
2322.997624
2914.923580
2676.997553
2063.604776
2768.040081
2628.062646
2833.055733
2853.090273
2314.871400
2599.973878
2056.042044
2325.937073
2902.968694
2858.919245
2689.083818
2975.940134
2566.978605
2538.982937
2502.995649
2286.047062
2098.037391
2611.973187
2013.109739
2959.865067
2075.947198
2812.958548
2057.077836
2097.139924
2261.934370
2270.017406
2861.881081
2265.000979
2189.009199
2857.962170
2399.968725
2097.950225
2728.072991
2236.002169
2619.990900
2781.974936
2905.998374
2651.983344
2869.932220
2550.904156
2182.948926
2218.047659
2347.902288
2069.998631
2444.961313
2237.103305
2067.131756
2813.000862
2332.072323
2292.992058
2542.010215
2462.000001
2991.968868
2197.972283
2227.980199
2789.097483
2361.921492
2478.024195
2014.076305
2181.045498
2916.953101
2662.889158
2135.989894
2852.991285
2556.978193
2656.222075
2146.309395
2674.019384
2959.941800
2879.934922
2253.136228
2839.050557
2714.910845
2526.995675
2264.962887
2186.092249
2054.073040
2752.087499
2885.060639
2540.895500
2066.092632
2512.064540
2082.981496
2831.930328
2936.949510
2596.022498
2944.955231
2428.051480
2618.974802
2943.219272
2852.427179
2001.090731
2690.585027
2402.010187
2217.990238
2032.201511
2757.005184
2024.044076
2860.946823
2381.989798
2753.992294
2010.060016
2267.001202
2773.914067
2099.022136
2095.009543
2695.218615
2915.294251
2475.686097
2047.152809
2419.129530
2080.790011
2771.838972
2535.098676
2174.087120
2605.982250
2205.966852
2731.011527
2581.989130
2742.062851
2317.028322
2171.055732
2326.971022
2330.880348
2101.054665
2133.021524
2547.985227
2232.024323
2815.024788
2949.623700
2862.493506
2872.875273
2296.060717
2487.021205
2182.995022
2670.982716
2789.043419
2612.991525
2520.990417
2768.022823
2263.032537
2677.007437
2433.990018
2853.953875
2116.992633
2481.316427
2601.896441
2156.037172
2186.073600
2659.061299
2137.726499
2579.999987
2361.989317
2273.769628
2849.608585
2141.965799
2520.129128
2919.201278
2483.504473
2280.978950
2252.988978
2958.944230
2930.946081
2316.992023
2136.832273
2776.031181
2969.898113
2487.023239
2479.011539
2014.061432
2138.028663
