2712.000073
2455.000055
2191.000036
2934.000080
2025.000032
2354.000034
2950.000054
2111.000069
2392.000577
2202.000472
2843.000144
2234.000157
2263.000042
2761.000080
2431.000221
2169.000170
2088.000036
2061.000043
2987.000055
2417.000063
2712.000220
2455.000165
2191.000108
2934.000239
2025.000097
2354.000103
2950.000163
2111.000206
2392.001730
2202.001415
2843.000433
2234.000470
2263.000126
2761.000241
2431.000664
2169.000511
2088.000108
2061.000129
2987.000166
2417.000190
2712.000439
2455.000331
2191.000215
2934.000478
2025.000194
2354.000207
2950.000325
2111.000413
2392.003460
2202.002829
2843.000866
2234.000940
2263.000253
2761.000483
2431.001328
2169.001022
2088.000217
2061.000258
2987.000333
2417.000379
