2009.000146
2602.999972
2283.000151
2733.999730
2571.000020
2940.999883
2876.999930
2205.000162
2030.000082
2043.000062
2838.999955
2380.999953
2901.999952
2983.999885
2202.000009
2110.000062
2336.002465
2568.999625
2920.999866
2816.999995
2361.999979
2178.000097
2258.000210
2461.000254
2448.999939
2385.000170
2372.999557
2613.998832
2790.999749
2645.000136
2141.000206
2484.000051
2739.999988
2738.999838
2090.000057
2940.999931
2694.000100
2630.000126
2366.998713
2551.001557
2009.000437
2602.999917
2283.000452
2733.999191
2571.000061
2940.999650
2876.999790
2205.000487
2030.000246
2043.000186
2838.999865
2380.999860
2901.999856
2983.999654
2202.000028
2110.000186
2336.007396
2568.998876
2920.999599
2816.999984
2361.999938
2178.000291
2258.000629
2461.000762
2448.999816
2385.000509
2372.998670
2613.996496
2790.999248
2645.000407
2141.000618
2484.000152
2739.999964
2738.999514
2090.000172
2940.999792
2694.000301
2630.000377
2366.996138
2551.004672
2009.000875
2602.999833
2283.000904
2733.998382
2571.000123
2940.999300
2876.999579
2205.000975
2030.000492
2043.000372
2838.999731
2380.999721
2901.999711
2983.999308
2202.000057
2110.000372
2336.014793
2568.997751
2920.999199
2816.999968
2361.999877
2178.000582
2258.001259
2461.001523
2448.999632
2385.001018
2372.997339
2613.992991
2790.998496
2645.000813
2141.001236
2484.000303
2739.999927
2738.999027
2090.000345
2940.999584
2694.000603
2630.000755
2366.992275
2551.009345
2009.001458
2602.999722
2283.001507
2733.997303
2571.000204
2940.998834
2876.999298
2205.001625
2030.000820
2043.000620
2838.999551
2380.999535
2901.999519
2983.998847
2202.000094
2110.000621
2336.024658
2568.996250
2920.998664
2816.999947
2361.999794
2178.000970
2258.002098
2461.002539
2448.999387
2385.001697
2372.995565
2613.988318
2790.997493
2645.001355
2141.002060
2484.000506
2739.999879
2738.998379
2090.000575
2940.999306
2694.001005
2630.001258
2366.987124
2551.015577
2009.002187
2602.999583
2283.002260
2733.995955
2571.000306
2940.998251
2876.998948
2205.002437
2030.001230
2043.000931
2838.999327
2380.999302
2901.999278
2983.998271
2202.000142
2110.000931
2336.036993
2568.994372
2920.997996
2816.999920
2361.999691
2178.001455
2258.003146
2461.003808
2448.999081
2385.002546
2372.993347
2613.982475
2790.996239
2645.002033
2141.003090
2484.000759
2739.999819
2738.997568
2090.000862
2940.998959
2694.001507
2630.001887
2366.980682
2551.023368
2009.003062
2602.999417
2283.003165
2733.994337
2571.000429
2940.997551
2876.998527
2205.003412
2030.001722
2043.001303
2838.999058
2380.999022
2901.998990
2983.997580
2202.000198
2110.001304
2336.051800
2568.992118
2920.997195
2816.999888
2361.999568
2178.002037
2258.004405
2461.005331
2448.998713
2385.003564
2372.990685
2613.975463
2790.994735
2645.002846
2141.004326
2484.001062
2739.999746
2738.996595
2090.001207
2940.998542
2694.002110
2630.002642
2366.972948
2551.032721
2009.004083
2602.999222
2283.004219
2733.992449
2571.000572
2940.996735
2876.998035
2205.004550
2030.002296
2043.001737
2838.998744
2380.998697
2901.998653
2983.996773
2202.000265
2110.001738
2336.069082
2568.989484
2920.996260
2816.999850
2361.999424
2178.002716
2258.005873
2461.007108
2448.998285
2385.004752
2372.987579
2613.967281
2790.992980
2645.003795
2141.005767
2484.001416
2739.999662
2738.995460
2090.001609
2940.998057
2694.002814
2630.003523
2366.963921
2551.043637
2009.005250
2602.999000
2283.005425
2733.990292
2571.000736
2940.995802
2876.997474
2205.005850
2030.002952
2043.002234
2838.998385
2380.998324
2901.998268
2983.995851
2202.000340
2110.002235
2336.088842
2568.986471
2920.995191
2816.999807
2361.999259
2178.003493
2258.007551
2461.009139
2448.997795
2385.006110
2372.984029
2613.957927
2790.990974
2645.004880
2141.007415
2484.001821
2739.999565
2738.994163
2090.002069
2940.997501
2694.003618
2630.004530
2366.953599
2551.056117
2009.006562
2602.998750
2283.006781
2733.987865
2571.000919
2940.994753
2876.996843
2205.007312
2030.003690
2043.002792
2838.997982
2380.997905
2901.997835
2983.994813
2202.000425
2110.002794
2336.111083
2568.983076
2920.993989
2816.999759
2361.999074
2178.004366
2258.009439
2461.011424
2448.997243
2385.007638
2372.980034
2613.947402
2790.988718
2645.006100
2141.009269
2484.002276
2739.999456
2738.992703
2090.002586
2940.996877
2694.004522
2630.005663
2366.941978
2551.070164
2009.008021
2602.998472
2283.008288
2733.985168
2571.001124
2940.993587
2876.996141
2205.008937
2030.004510
2043.003413
2838.997533
2380.997440
2901.997354
2983.993661
2202.000520
2110.003414
2336.135811
2568.979298
2920.992653
2816.999706
2361.998868
2178.005336
2258.011537
2461.013963
2448.996631
2385.009335
2372.975593
2613.935703
2790.986211
2645.007455
2141.011329
2484.002782
2739.999335
2738.991082
2090.003161
2940.996183
2694.005527
2630.006921
2366.929056
2551.085781
2009.009625
2602.998166
2283.009946
2733.982202
2571.001349
2940.992304
2876.995369
2205.010725
2030.005412
2043.004095
2838.997040
2380.996928
2901.996825
2983.992393
2202.000624
2110.004097
2336.163029
2568.975135
2920.991184
2816.999647
2361.998642
2178.006403
2258.013844
2461.016755
2448.995957
2385.011202
2372.970708
2613.922831
2790.983452
2645.008946
2141.013595
2484.003338
2739.999202
2738.989298
2090.003793
2940.995419
2694.006633
2630.008305
2366.914831
2551.102969
2009.011375
2602.997833
2283.011754
2733.978965
2571.001594
2940.990905
2876.994527
2205.012675
2030.006396
2043.004840
2838.996502
2380.996369
2901.996248
2983.991010
2202.000737
2110.004842
2336.192743
2568.970585
2920.989581
2816.999583
2361.998395
2178.007567
2258.016362
2461.019802
2448.995222
2385.013239
2372.965376
2613.908783
2790.980444
2645.010573
2141.016066
2484.003945
2739.999057
2738.987352
2090.004482
2940.994586
2694.007839
2630.009815
2366.899298
2551.121732
2009.013271
2602.997472
2283.013713
2733.975460
2571.001859
2940.989389
2876.993615
2205.014788
2030.007462
2043.005646
2838.995918
2380.995764
2901.995623
2983.989511
2202.000860
2110.005649
2336.224958
2568.965646
2920.987845
2816.999513
2361.998128
2178.008829
2258.019089
2461.023102
2448.994425
2385.015445
2372.959599
2613.893559
2790.977184
2645.012336
2141.018744
2484.004603
2739.998900
2738.985244
2090.005230
2940.993684
2694.009146
2630.011452
2366.882455
2551.142074
2009.015312
2602.997083
2283.015822
2733.971684
2571.002145
2940.987757
2876.992633
2205.017063
2030.008610
2043.006515
2838.995291
2380.995112
2901.994949
2983.987897
2202.000992
2110.006518
2336.259681
2568.960315
2920.985975
2816.999438
2361.997839
2178.010187
2258.022026
2461.026657
2448.993567
2385.017821
2372.953374
2613.877157
2790.973673
2645.014234
2141.021628
2484.005311
2739.998731
2738.982973
2090.006034
2940.992712
2694.010553
2630.013214
2366.864296
2551.163997
2009.017500
2602.996666
2283.018083
2733.967639
2571.002452
2940.986008
2876.991581
2205.019500
2030.009839
2043.007446
2838.994618
2380.994414
2901.994228
2983.986169
2202.001134
2110.007449
2336.296918
2568.954589
2920.983971
2816.999358
2361.997531
2178.011642
2258.025172
2461.030465
2448.992649
2385.020367
2372.946703
2613.859576
2790.969912
2645.016267
2141.024717
2484.006069
2739.998550
2738.980541
2090.006896
2940.991671
2694.012061
2630.015102
2366.844818
2551.187505
2009.019833
2602.996221
2283.020494
2733.963323
2571.002779
2940.984142
2876.990458
2205.022100
2030.011151
2043.008438
2838.993900
2380.993669
2901.993458
2983.984324
2202.001285
2110.008443
2336.336677
2568.948466
2920.981834
2816.999273
2361.997202
2178.013194
2258.028529
2461.034527
2448.991668
2385.023082
2372.939583
2613.840814
2790.965900
2645.018437
2141.028013
2484.006879
2739.998357
2738.977946
2090.007816
2940.990561
2694.013670
2630.017116
2366.824016
2551.212603
2009.022312
2602.995749
2283.023056
2733.958739
2571.003126
2940.982160
2876.989265
2205.024863
2030.012545
2043.009493
2838.993138
2380.992877
2901.992640
2983.982365
2202.001446
2110.009498
2336.378965
2568.941942
2920.979563
2816.999182
2361.996852
2178.014844
2258.032096
2461.038843
2448.990627
2385.025968
2372.932016
2613.820869
2790.961637
2645.020742
2141.031515
2484.007739
2739.998151
2738.975189
2090.008793
2940.989381
2694.015379
2630.019255
2366.801885
2551.239295
2009.024937
2602.995249
2283.025768
2733.953884
2571.003494
2940.980061
2876.988002
2205.027788
2030.014021
2043.010610
2838.992330
2380.992039
2901.991774
2983.980290
2202.001616
2110.010615
2336.423790
2568.935014
2920.977159
2816.999086
2361.996481
2178.016590
2258.035872
2461.043413
2448.989524
2385.029023
2372.923999
2613.799739
2790.957123
2645.023183
2141.035223
2484.008649
2739.997934
2738.972270
2090.009827
2940.988131
2694.017189
2630.021521
2366.778419
2551.267586
2009.027708
2602.994721
2283.028631
2733.948759
2571.003882
2940.977846
2876.986669
2205.030876
2030.015579
2043.011789
2838.991478
2380.991154
2901.990860
2983.978100
2202.001795
2110.011795
2336.471162
2568.927679
2920.974621
2816.998984
2361.996090
2178.018433
2258.039858
2461.048238
2448.988360
2385.032247
2372.915533
2613.777422
2790.952358
2645.025760
2141.039136
2484.009610
2739.997704
2738.969188
2090.010919
2940.986813
2694.019099
2630.023913
2366.753612
2551.297480
2009.030625
2602.994165
2283.031645
2733.943365
2571.004291
2940.975513
2876.985266
2205.034126
2030.017219
2043.013030
2838.990581
2380.990223
2901.989898
2983.975795
2202.001984
2110.013036
2336.521089
2568.919932
2920.971950
2816.998877
2361.995679
2178.020373
2258.044055
2461.053316
2448.987135
2385.035642
2372.906617
2613.753917
2790.947342
2645.028472
2141.043256
2484.010622
2739.997462
2738.965944
2090.012068
2940.985424
2694.021110
2630.026431
2366.727460
2551.328984
2009.033687
2602.993582
2283.034809
2733.937701
2571.004720
2940.973065
2876.983792
2205.037539
2030.018941
2043.014333
2838.989639
2380.989245
2901.988888
2983.973374
2202.002183
2110.014340
2336.573582
2568.911770
2920.969144
2816.998765
2361.995247
2178.022411
2258.048461
2461.058648
2448.985849
2385.039206
2372.897249
2613.729221
2790.942075
2645.031320
2141.047582
2484.011684
2739.997209
2738.962538
2090.013275
2940.983967
2694.023222
2630.029075
2366.699954
2551.362102
2009.036896
2602.992971
2283.038124
2733.931767
2571.005170
2940.970500
2876.982248
2205.041115
2030.020745
2043.015698
2838.988653
2380.988221
2901.987830
2983.970838
2202.002390
2110.015706
2336.628651
2568.903188
2920.966206
2816.998647
2361.994794
2178.024545
2258.053077
2461.064233
2448.984501
2385.042939
2372.887430
2613.703332
2790.936557
2645.034305
2141.052114
2484.012797
2739.996943
2738.958969
2090.014539
2940.982440
2694.025435
2630.031845
2366.671088
2551.396841
2009.040250
2602.992332
2283.041590
2733.925563
2571.005640
2940.967818
2876.980635
2205.044853
2030.022631
2043.017125
2838.987621
2380.987149
2901.986723
2983.968187
2202.002608
2110.017133
2336.686307
2568.894181
2920.963134
2816.998524
2361.994321
2178.026777
2258.057904
2461.070073
2448.983092
2385.046843
2372.877158
2613.676247
2790.930788
2645.037425
2141.056851
2484.013960
2739.996665
2738.955238
2090.015861
2940.980843
2694.027748
2630.034741
2366.640854
2551.433207
2009.043750
2602.991665
2283.045207
2733.919090
2571.006130
2940.965019
2876.978950
2205.048753
2030.024599
2043.018614
2838.986545
2380.986032
2901.985569
2983.965420
2202.002835
2110.018623
2336.746561
2568.884744
2920.959928
2816.998396
2361.993827
2178.029105
2258.062940
2461.076167
2448.981622
2385.050916
2372.866433
2613.647963
2790.924768
2645.040681
2141.061795
2484.015174
2739.996375
2738.951345
2090.017240
2940.979178
2694.030162
2630.037763
2366.609246
2551.471207
2009.047396
2602.990970
2283.048974
2733.912346
2571.006641
2940.962104
2876.977196
2205.052816
2030.026649
2043.020166
2838.985424
2380.984867
2901.984366
2983.962539
2202.003071
2110.020175
2336.809427
2568.874874
2920.956588
2816.998262
2361.993313
2178.031530
2258.068186
2461.082515
2448.980091
2385.055158
2372.855253
2613.618479
2790.918497
2645.044072
2141.066945
2484.016439
2739.996073
2738.947289
2090.018677
2940.977443
2694.032677
2630.040912
2366.576254
2551.510848
2009.051188
2602.990248
2283.052891
2733.905333
2571.007173
2940.959072
2876.975372
2205.057042
2030.028781
2043.021779
2838.984258
2380.983656
2901.983115
2983.959542
2202.003316
2110.021789
2336.874917
2568.864563
2920.953115
2816.998123
2361.992778
2178.034053
2258.073642
2461.089117
2448.978498
2385.059571
2372.843619
2613.587791
2790.911974
2645.047600
2141.072301
2484.017754
2739.995759
2738.943071
2090.020171
2940.975638
2694.035293
2630.044186
2366.541870
2551.552137
2009.055125
2602.989498
2283.056960
2733.898050
2571.007724
2940.955924
2876.973477
2205.061431
2030.030995
2043.023454
2838.983047
2380.982399
2901.981817
2983.956429
2202.003571
2110.023465
2336.943045
2568.853806
2920.949509
2816.997979
2361.992222
2178.036672
2258.079309
2461.095974
2448.976844
2385.064153
2372.831528
2613.555896
2790.905201
2645.051264
2141.077863
2484.019120
2739.995432
2738.938690
2090.021723
2940.973764
2694.038009
2630.047587
2366.506086
2551.595083
2009.059209
2602.988720
2283.061179
2733.890496
2571.008297
2940.952659
2876.971512
2205.065982
2030.033291
2043.025192
2838.981791
2380.981094
2901.980470
2983.953202
2202.003836
2110.025203
2337.013826
2568.842598
2920.945769
2816.997829
2361.991646
2178.039388
2258.085185
2461.103084
2448.975129
2385.068905
2372.818980
2613.522791
2790.898176
2645.055064
2141.083631
2484.020536
2739.995094
2738.934147
2090.023332
2940.971820
2694.040827
2630.051114
2366.468891
2551.639692
2009.063438
2602.987914
2283.065549
2733.882673
2571.008889
2940.949277
2876.969477
2205.070695
2030.035669
2043.026991
2838.980491
2380.979744
2901.979074
2983.949859
2202.004110
2110.027004
2337.087273
2568.830931
2920.941895
2816.997674
2361.991049
2178.042202
2258.091272
2461.110448
2448.973353
2385.073826
2372.805973
2613.488473
2790.890900
2645.059000
2141.089604
2484.022003
2739.994744
2738.929442
2090.024998
2940.969808
2694.043745
2630.054767
2366.430275
2551.685974
2009.067813
2602.987081
2283.070069
2733.874580
2571.009502
2940.945779
2876.967372
2205.075571
2030.038129
2043.028853
2838.979146
2380.978346
2901.977631
2983.946401
2202.004393
2110.028866
2337.163404
2568.818799
2920.937888
2816.997514
2361.990432
2178.045112
2258.097569
2461.118066
2448.971515
2385.078917
2372.792507
2613.452939
2790.883372
2645.063072
2141.095784
2484.023521
2739.994381
2738.924574
2090.026722
2940.967725
2694.046764
2630.058546
2366.390229
2551.733938
2009.072334
2602.986220
2283.074740
2733.866217
2571.010136
2940.942165
2876.965197
2205.080610
2030.040671
2043.030776
2838.977755
2380.976902
2901.976140
2983.942827
2202.004686
2110.030790
2337.242234
2568.806196
2920.933747
2816.997348
2361.989794
2178.048120
2258.104076
2461.125939
2448.969616
2385.084178
2372.778581
2613.416185
2790.875594
2645.067280
2141.102171
2484.025089
2739.994007
2738.919543
2090.028504
2940.965574
2694.049884
2630.062452
2366.348741
2551.783593
2009.077001
2602.985331
2283.079562
2733.857584
2571.010790
2940.938433
2876.962951
2205.085812
2030.043295
2043.032762
2838.976321
2380.975411
2901.974601
2983.939138
2202.004988
2110.032777
2337.323781
2568.793112
2920.929472
2816.997177
2361.989135
2178.051224
2258.110793
2461.134065
2448.967656
2385.089608
2372.764193
2613.378208
2790.867563
2645.071625
2141.108763
2484.026708
2739.993620
2738.914350
2090.030343
2940.963353
2694.053106
2630.066484
2366.305799
2551.834949
2009.081814
2602.984414
2283.084535
2733.848680
2571.011464
2940.934585
2876.960635
2205.091176
2030.046001
2043.034810
2838.974841
2380.973873
2901.973013
2983.935334
2202.005300
2110.034825
2337.408063
2568.779542
2920.925064
2816.997001
2361.988456
2178.054426
2258.117721
2461.142446
2448.965635
2385.095208
2372.749343
2613.339004
2790.859282
2645.076106
2141.115561
2484.028377
2739.993221
2738.908994
2090.032239
2940.961062
2694.056428
2630.070643
2366.261392
2551.888016
2009.086773
2602.983469
2283.089658
2733.839507
2571.012159
2940.930621
2876.958249
2205.096703
2030.048789
2043.036919
2838.973316
2380.972289
2901.971377
2983.931415
2202.005621
2110.036936
2337.495099
2568.765476
2920.920523
2816.996819
2361.987757
2178.057724
2258.124859
2461.151081
2448.963553
2385.100978
2372.734028
2613.298568
2790.850749
2645.080723
2141.122565
2484.030097
2739.992811
2738.903476
2090.034193
2940.958702
2694.059851
2630.074928
2366.215507
2551.942805
2009.091877
2602.982497
2283.094932
2733.830064
2571.012875
2940.926539
2876.955793
2205.102392
2030.051659
2043.039091
2838.971747
2380.970658
2901.969694
2983.927380
2202.005951
2110.039109
2337.584908
2568.750905
2920.915848
2816.996632
2361.987036
2178.061120
2258.132207
2461.159970
2448.961409
2385.106917
2372.718248
2613.256898
2790.841964
2645.085476
2141.129775
2484.031868
2739.992388
2738.897795
2090.036204
2940.956273
2694.063375
2630.079339
2366.168130
2551.999326
2009.097127
2602.981497
2283.100356
2733.820350
2571.013611
2940.922341
2876.953266
2205.108244
2030.054611
2043.041325
2838.970133
2380.968980
2901.967962
2983.923230
2202.006291
2110.041343
2337.677513
2568.735821
2920.911039
2816.996440
2361.986295
2178.064612
2258.139765
2461.169113
2448.959204
2385.113026
2372.702001
2613.213988
2790.832928
2645.090366
2141.137192
2484.033689
2739.991953
2738.891951
2090.038273
2940.953774
2694.067001
2630.083877
2366.119248
2552.057593
2009.102524
2602.980469
2283.105931
2733.810366
2571.014367
2940.918027
2876.950670
2205.114259
2030.057645
2043.043621
2838.968474
2380.967256
2901.966182
2983.918965
2202.006641
2110.043640
2337.772933
2568.720215
2920.906096
2816.996242
2361.985534
2178.068202
2258.147534
2461.178511
2448.956938
2385.119304
2372.685286
2613.169835
2790.823640
2645.095392
2141.144814
2484.035561
2739.991506
2738.885945
2090.040399
2940.951206
2694.070727
2630.088541
2366.068846
2552.117617
2009.108066
2602.979413
2283.111657
2733.800112
2571.015144
2940.913596
2876.948003
2205.120437
2030.060761
2043.045979
2838.966770
2380.965485
2901.964354
2983.914584
2202.006999
2110.045999
2337.871191
2568.704075
2920.901020
2816.996039
2361.984752
2178.071888
2258.155514
2461.188162
2448.954611
2385.125752
2372.668101
2613.124434
2790.814101
2645.100555
2141.152643
2484.037484
2739.991047
2738.879776
2090.042583
2940.948569
2694.074555
2630.093332
2366.016910
2552.179410
2009.113754
2602.978330
2283.117533
2733.789588
2571.015941
2940.909048
2876.945266
2205.126777
2030.063960
2043.048399
2838.965021
2380.963667
2901.962477
2983.910088
2202.007368
2110.048420
2337.972312
2568.687392
2920.895811
2816.995831
2361.983949
2178.075672
2258.163703
2461.198068
2448.952222
2385.132370
2372.650446
2613.077781
2790.804310
2645.105854
2141.160677
2484.039457
2739.990576
2738.873444
2090.044824
2940.945862
2694.078484
2630.098250
2365.963422
2552.242987
2009.119588
2602.977219
2283.123560
2733.778794
2571.016758
2940.904384
2876.942458
2205.133280
2030.067240
2043.050881
2838.963228
2380.961802
2901.960553
2983.905476
2202.007745
2110.050903
2338.076320
2568.670154
2920.890468
2816.995617
2361.983126
2178.079552
2258.172104
2461.208228
2448.949773
2385.139157
2372.632317
2613.029870
2790.794267
2645.111290
2141.168918
2484.041481
2739.990093
2738.866949
2090.047123
2940.943085
2694.082515
2630.103294
2365.908368
2552.308360
2009.125568
2602.976080
2283.129738
2733.767729
2571.017596
2940.899603
2876.939581
2205.139946
2030.070602
2043.053426
2838.961390
2380.959891
2901.958580
2983.900750
2202.008132
2110.053448
2338.183241
2568.652350
2920.884991
2816.995398
2361.982282
2178.083530
2258.180714
2461.218643
2448.947262
2385.146114
2372.613715
2612.980697
2790.783972
2645.116862
2141.177365
2484.043555
2739.989597
2738.860292
2090.049479
2940.940240
2694.086646
2630.108465
2365.851728
2552.375544
2009.131693
2602.974913
2283.136066
2733.756395
2571.018455
2940.894705
2876.936633
2205.146774
2030.074046
2043.056032
2838.959506
2380.957933
2901.956560
2983.895908
2202.008529
2110.056055
2338.293101
2568.633968
2920.879381
2816.995174
2361.981418
2178.087604
2258.189536
2461.229312
2448.944690
2385.153241
2372.594637
2612.930257
2790.773425
2645.122571
2141.186018
2484.045680
2739.989090
2738.853472
2090.051892
2940.937324
2694.090879
2630.113762
2365.793486
2552.444556
2009.137965
2602.973718
2283.142545
2733.744789
2571.019334
2940.889691
2876.933615
2205.153766
2030.077573
2043.058700
2838.957579
2380.955928
2901.954491
2983.890950
2202.008935
2110.058725
2338.405929
2568.614994
2920.873637
2816.994944
2361.980533
2178.091776
2258.198567
2461.240235
2448.942056
2385.160537
2372.575081
2612.878545
2790.762626
2645.128417
2141.194877
2484.047856
2739.988571
2738.846488
2090.054363
2940.934340
2694.095214
2630.119186
2365.733622
2552.515409
2009.144382
2602.972496
2283.149174
2733.732914
2571.020233
2940.884560
2876.930526
2205.160920
2030.081181
2043.061431
2838.955606
2380.953876
2901.952374
2983.885878
2202.009350
2110.061456
2338.521754
2568.595416
2920.867759
2816.994709
2361.979628
2178.096044
2258.207810
2461.251412
2448.939362
2385.168002
2372.555047
2612.825555
2790.751576
2645.134400
2141.203942
2484.050082
2739.988039
2738.839342
2090.056892
2940.931286
2694.099649
2630.124738
2365.672116
2552.588121
2009.150946
2602.971246
2283.155954
2733.720768
2571.021153
2940.879313
2876.927368
2205.168237
2030.084871
2043.064223
2838.953589
2380.951778
2901.950209
2983.880690
2202.009775
2110.064249
2338.640607
2568.575218
2920.861748
2816.994469
2361.978702
2178.100410
2258.217263
2461.262844
2448.936606
2385.175637
2372.534531
2612.771281
2790.740273
2645.140519
2141.213213
2484.052359
2739.987496
2738.832033
2090.059478
2940.928163
2694.104187
2630.130415
2365.608948
2552.662709
2009.157655
2602.969968
2283.162885
2733.708352
2571.022094
2940.873949
2876.924139
2205.175716
2030.088644
2043.067078
2838.951527
2380.949632
2901.947996
2983.875386
2202.010209
2110.067105
2338.762519
2568.554387
2920.855603
2816.994224
2361.977755
2178.104872
2258.226927
2461.274531
2448.933790
2385.183442
2372.513533
2612.715719
2790.728718
2645.146776
2141.222691
2484.054687
2739.986940
2738.824561
2090.062121
2940.924970
2694.108826
2630.136220
2365.544096
2552.739190
2009.164510
2602.968662
2283.169966
2733.695665
2571.023055
2940.868468
2876.920840
2205.183359
2030.092498
2043.069995
2838.949420
2380.947440
2901.945735
2983.869967
2202.010653
2110.070022
2338.887525
2568.532905
2920.849325
2816.993973
2361.976788
2178.109432
2258.236802
2461.286472
2448.930912
2385.191416
2372.492050
2612.658862
2790.716911
2645.153169
2141.232374
2484.057065
2739.986373
2738.816926
2090.064822
2940.921707
2694.113566
2630.142152
2365.477536
2552.817584
2009.171511
2602.967329
2283.177198
2733.682708
2571.024036
2940.862871
2876.917470
2205.191164
2030.096434
2043.072974
2838.947268
2380.945201
2901.943425
2983.864433
2202.011106
2110.073002
2339.015659
2568.510758
2920.842913
2816.993716
2361.975800
2178.114088
2258.246887
2461.298667
2448.927972
2385.199560
2372.470081
2612.600703
2790.704851
2645.159700
2141.242264
2484.059494
2739.985793
2738.809128
2090.067580
2940.918376
2694.118408
2630.148211
2365.409246
2552.897910
2009.178658
2602.965968
2283.184581
2733.669480
2571.025038
2940.857157
2876.914031
2205.199132
2030.100453
2043.076014
2838.945071
2380.942915
2901.941068
2983.858784
2202.011568
2110.076043
2339.146959
2568.487926
2920.836367
2816.993455
2361.974791
2178.118842
2258.257184
2461.311116
2448.924972
2385.207874
2372.447623
2612.541238
2790.692540
2645.166368
2141.252360
2484.061974
2739.985201
2738.801166
2090.070396
2940.914975
2694.123352
2630.154397
2365.339199
2552.980188
2009.185951
2602.964579
2283.192114
2733.655982
2571.026060
2940.851326
2876.910521
2205.207263
2030.104553
2043.079117
2838.942830
2380.940583
2901.938662
2983.853019
2202.012040
2110.079147
2339.281461
2568.464393
2920.829688
2816.993188
2361.973762
2178.123692
2258.267691
2461.323821
2448.921910
2385.216356
2372.424675
2612.480458
2790.679975
2645.173172
2141.262662
2484.064504
2739.984597
2738.793042
2090.073269
2940.911504
2694.128397
2630.160710
2365.267370
2553.064441
2009.193390
2602.963162
2283.199798
2733.642213
2571.027103
2940.845379
2876.906940
2205.215557
2030.108736
2043.082282
2838.940544
2380.938203
2901.936208
2983.847139
2202.012521
2110.082313
2339.419208
2568.440137
2920.822876
2816.992916
2361.972713
2178.128640
2258.278409
2461.336779
2448.918788
2385.225009
2372.401234
2612.418359
2790.667159
2645.180115
2141.273170
2484.067085
2739.983981
2738.784754
2090.076200
2940.907964
2694.133544
2630.167150
2365.193732
2553.150689
2009.200975
2602.961718
2283.207632
2733.628173
2571.028166
2940.839315
2876.903290
2205.224014
2030.113000
2043.085509
2838.938213
2380.935777
2901.933706
2983.841143
2202.013012
2110.085541
2339.560240
2568.415140
2920.815929
2816.992638
2361.971642
2178.133684
2258.289338
2461.349993
2448.915604
2385.233831
2372.377298
2612.354932
2790.654090
2645.187194
2141.283885
2484.069717
2739.983353
2738.776303
2090.079188
2940.904355
2694.138794
2630.173717
2365.118255
2553.238956
2009.208705
2602.960245
2283.215617
2733.613863
2571.029250
2940.833134
2876.899569
2205.232634
2030.117347
2043.088799
2838.935838
2380.933304
2901.931156
2983.835032
2202.013512
2110.088831
2339.704601
2568.389380
2920.808849
2816.992356
2361.970552
2178.138826
2258.300478
2461.363461
2448.912359
2385.242822
2372.352866
2612.290171
2790.640768
2645.194411
2141.294805
2484.072399
2739.982713
2738.767689
2090.082233
2940.900676
2694.144144
2630.180412
2365.040909
2553.329267
2009.216582
2602.958745
2283.223753
2733.599282
2571.030354
2940.826837
2876.895778
2205.241416
2030.121776
2043.092150
2838.933417
2380.930783
2901.928558
2983.828806
2202.014021
2110.092183
2339.852339
2568.362833
2920.801636
2816.992067
2361.969440
2178.144064
2258.311829
2461.377183
2448.909053
2385.251983
2372.327935
2612.224069
2790.627193
2645.201765
2141.305932
2484.075132
2739.982061
2738.758911
2090.085336
2940.896928
2694.149597
2630.187234
2364.961663
2553.421647
2009.224604
2602.957217
2283.232039
2733.584431
2571.031479
2940.820423
2876.891917
2205.250362
2030.126287
2043.095563
2838.930952
2380.928216
2901.925912
2983.822464
2202.014540
2110.095597
2340.003501
2568.335475
2920.794289
2816.991774
2361.968308
2178.149400
2258.323391
2461.391160
2448.905686
2385.261314
2372.302502
2612.156619
2790.613366
2645.209257
2141.317265
2484.077916
2739.981397
2738.749970
2090.088497
2940.893111
2694.155152
2630.194183
2364.880482
2553.516123
2009.232773
2602.955662
2283.240475
2733.569308
2571.032624
2940.813893
2876.887985
2205.259471
2030.130879
2043.099039
2838.928442
2380.925602
2901.923217
2983.816007
2202.015068
2110.099073
2340.158139
2568.307282
2920.786808
2816.991475
2361.967155
2178.154832
2258.335164
2461.405392
2448.902257
2385.270813
2372.276565
2612.087812
2790.599286
2645.216887
2141.328805
2484.080750
2739.980721
2738.740865
2090.091715
2940.889224
2694.160809
2630.201260
2364.797332
2553.612723
2009.241087
2602.954079
2283.249062
2733.553915
2571.033790
2940.807246
2876.883983
2205.268742
2030.135554
2043.102576
2838.925888
2380.922941
2901.920475
2983.809434
2202.015606
2110.102611
2340.316305
2568.278225
2920.779193
2816.991171
2361.965982
2178.160362
2258.347149
2461.419879
2448.898768
2385.280483
2372.250123
2612.017640
2790.584952
2645.224654
2141.340550
2484.083635
2739.980033
2738.731597
2090.094990
2940.885267
2694.166568
2630.208464
2364.712176
2553.711477
2009.249548
2602.952467
2283.257800
2733.538251
2571.034976
2940.800482
2876.879911
2205.278177
2030.140311
2043.106176
2838.923288
2380.920233
2901.917684
2983.802746
2202.016153
2110.106211
2340.478056
2568.248277
2920.771445
2816.990862
2361.964788
2178.165988
2258.359345
2461.434620
2448.895217
2385.290322
2372.223171
2611.946097
2790.570366
2645.232559
2141.352502
2484.086571
2739.979333
2738.722166
2090.098323
2940.881242
2694.172429
2630.215796
2364.624975
2553.812415
2009.258154
2602.950829
2283.266689
2733.522316
2571.036182
2940.793602
2876.875768
2205.287774
2030.145150
2043.109838
2838.920644
2380.917478
2901.914845
2983.795943
2202.016709
2110.109873
2340.643451
2568.217407
2920.763564
2816.990547
2361.963574
2178.171712
2258.371752
2461.449616
2448.891605
2385.300330
2372.195709
2611.873173
2790.555527
2645.240602
2141.364660
2484.089558
2739.978620
2738.712571
2090.101713
2940.877147
2694.178393
2630.223256
2364.535688
2553.915569
2009.266906
2602.949162
2283.275727
2733.506110
2571.037409
2940.786605
2876.871555
2205.297535
2030.150071
2043.113562
2838.917955
2380.914676
2901.911958
2983.789024
2202.017275
2110.113598
2340.812552
2568.185583
2920.755549
2816.990227
2361.962339
2178.177532
2258.384370
2461.464867
2448.887932
2385.310508
2372.167732
2611.798859
2790.540435
2645.248783
2141.377024
2484.092595
2739.977896
2738.702812
2090.105161
2940.872982
2694.184458
2630.230843
2364.444270
2554.020974
2009.275804
2602.947468
2283.284917
2733.489633
2571.038657
2940.779491
2876.867272
2205.307458
2030.155074
2043.117348
2838.915222
2380.911827
2901.909023
2983.781990
2202.017850
2110.117384
2340.985426
2568.152771
2920.747400
2816.989902
2361.961084
2178.183450
2258.397200
2461.480372
2448.884198
2385.320855
2372.139239
2611.723148
2790.525089
2645.257102
2141.389595
2484.095683
2739.977159
2738.692890
2090.108666
2940.868748
2694.190626
2630.238558
2364.350678
2554.128666
2009.284849
2602.945745
2283.294257
2733.472885
2571.039925
2940.772261
2876.862918
2205.317545
2030.160159
2043.121196
2838.912444
2380.908931
2901.906039
2983.774840
2202.018435
2110.121232
2341.162140
2568.118934
2920.739117
2816.989572
2361.959807
2178.189464
2258.410241
2461.496133
2448.880403
2385.331372
2372.110227
2611.646030
2790.509490
2645.265559
2141.402371
2484.098821
2739.976411
2738.682804
2090.112229
2940.864444
2694.196897
2630.246400
2364.254861
2554.238682
2009.294039
2602.943996
2283.303747
2733.455867
2571.041214
2940.764914
2876.858494
2205.327795
2030.165326
2043.125106
2838.909621
2380.905988
2901.903008
2983.767575
2202.019029
2110.125143
2341.342769
2568.084033
2920.730701
2816.989236
2361.958511
2178.195575
2258.423493
2461.512148
2448.876547
2385.342058
2372.080694
2611.567496
2790.493638
2645.274154
2141.415355
2484.102011
2739.975650
2738.672554
2090.115849
2940.860072
2694.203269
2630.254371
2364.156770
2554.351063
2009.303375
2602.942218
2283.313388
2733.438576
2571.042523
2940.757450
2876.854000
2205.338207
2030.170576
2043.129078
2838.906753
2380.902998
2901.899928
2983.760195
2202.019632
2110.129116
2341.527390
2568.048028
2920.722152
2816.988895
2361.957193
2178.201784
2258.436958
2461.528418
2448.872630
2385.352913
2372.050635
2611.487537
2790.477532
2645.282887
2141.428544
2484.105251
2739.974878
2738.662140
2090.119527
2940.855629
2694.209745
2630.262469
2364.056349
2554.465850
2009.312857
2602.940413
2283.323180
2733.421015
2571.043852
2940.749870
2876.849436
2205.348783
2030.175907
2043.133112
2838.903840
2380.899961
2901.896800
2983.752699
2202.020245
2110.133150
2341.716083
2568.010875
2920.713468
2816.988548
2361.955855
2178.208089
2258.450633
2461.544943
2448.868651
2385.363938
2372.020049
2611.406142
2790.461172
2645.291759
2141.441940
2484.108542
2739.974093
2738.651562
2090.123262
2940.851118
2694.216323
2630.270696
2363.953542
2554.583087
2009.322485
2602.938579
2283.333122
2733.403183
2571.045202
2940.742173
2876.844801
2205.359523
2030.181321
2043.137209
2838.900883
2380.896877
2901.893624
2983.745087
2202.020867
2110.137247
2341.908937
2567.972525
2920.704651
2816.988197
2361.954497
2178.214491
2258.464521
2461.561724
2448.864612
2385.375133
2371.988931
2611.323301
2790.444559
2645.300769
2141.455542
2484.111883
2739.973297
2738.640821
2090.127054
2940.846536
2694.223003
2630.279051
2363.848286
2554.702822
2009.332259
2602.936718
2283.343214
2733.385079
2571.046573
2940.734359
2876.840095
2205.370425
2030.186816
2043.141367
2838.897881
2380.893746
2901.890400
2983.737360
2202.021498
2110.141406
2342.106042
2567.932929
2920.695701
2816.987840
2361.953117
2178.220991
2258.478619
2461.578759
2448.860511
2385.386496
2371.957281
2611.239005
2790.427691
2645.309918
2141.469350
2484.115276
2739.972488
2738.629915
2090.130904
2940.841886
2694.229787
2630.287533
2363.740518
2554.825104
2009.342179
2602.934830
2283.353457
2733.366704
2571.047964
2940.726429
2876.835320
2205.381490
2030.192394
2043.145588
2838.894835
2380.890567
2901.887128
2983.729518
2202.022139
2110.145626
2342.307498
2567.892033
2920.686617
2816.987477
2361.951718
2178.227587
2258.492930
2461.596049
2448.856350
2385.398030
2371.925093
2611.153242
2790.410570
2645.319205
2141.483365
2484.118719
2739.971667
2738.618845
2090.134812
2940.837166
2694.236673
2630.296144
2363.630167
2554.949987
2009.352245
2602.932913
2283.363851
2733.348058
2571.049375
2940.718382
2876.830473
2205.392719
2030.198053
2043.149871
2838.891744
2380.887342
2901.883807
2983.721560
2202.022789
2110.149909
2342.513407
2567.849778
2920.677399
2816.987110
2361.950297
2178.234280
2258.507452
2461.613594
2448.852127
2385.409732
2371.892365
2611.066002
2790.393195
2645.328632
2141.497586
2484.122213
2739.970834
2738.607612
2090.138776
2940.832377
2694.243662
2630.304883
2363.517161
2555.077527
2009.362457
2602.930969
2283.374394
2733.329140
2571.050807
2940.710219
2876.825557
2205.404111
2030.203795
2043.154216
2838.888608
2380.884069
2901.880439
2983.713487
2202.023449
2110.154254
2342.723882
2567.806102
2920.668047
2816.986737
2361.948856
2178.241071
2258.522187
2461.631395
2448.847843
2385.421604
2371.859094
2610.977273
2790.375566
2645.338197
2141.512013
2484.125758
2739.969990
2738.596214
2090.142799
2940.827518
2694.250754
2630.313751
2363.401420
2555.207783
2009.372815
2602.928997
2283.385089
2733.309951
2571.052260
2940.701938
2876.820570
2205.415666
2030.209619
2043.158623
2838.885427
2380.880749
2901.877022
2983.705298
2202.024118
2110.158661
2342.939039
2567.760939
2920.658562
2816.986359
2361.947395
2178.247958
2258.537133
2461.649450
2448.843499
2385.433645
2371.825276
2610.887045
2790.357683
2645.347901
2141.526647
2484.129353
2739.969133
2738.584651
2090.146878
2940.822590
2694.257949
2630.322747
2363.282859
2555.340819
2009.383320
2602.926997
2283.395934
2733.290490
2571.053733
2940.693541
2876.815513
2205.427384
2030.215525
2043.163092
2838.882202
2380.877382
2901.873557
2983.696994
2202.024796
2110.163130
2343.159007
2567.714214
2920.648944
2816.985975
2361.945913
2178.254942
2258.552291
2461.667761
2448.839093
2385.445856
2371.790908
2610.795304
2790.339545
2645.357744
2141.541487
2484.133000
2739.968264
2738.572925
2090.151015
2940.817592
2694.265247
2630.331872
2363.161389
2555.476703
2009.393970
2602.924970
2283.406929
2733.270758
2571.055227
2940.685028
2876.810385
2205.439266
2030.221513
2043.167623
2838.878932
2380.873967
2901.870044
2983.688574
2202.025484
2110.167661
2343.383921
2567.665851
2920.639191
2816.985587
2361.944410
2178.262023
2258.567660
2461.686327
2448.834626
2385.458236
2371.755987
2610.702040
2790.321153
2645.367726
2141.556534
2484.136697
2739.967383
2738.561034
2090.155210
2940.812525
2694.272648
2630.341125
2363.036912
2555.615508
2009.404766
2602.922915
2283.418074
2733.250754
2571.056741
2940.676398
2876.805187
2205.451311
2030.227583
2043.172217
2838.875617
2380.870506
2901.866483
2983.680039
2202.026181
2110.172254
2343.613927
2567.615763
2920.629305
2816.985193
2361.942886
2178.269201
2258.583242
2461.705148
2448.830098
2385.470786
2371.720508
2610.607239
2790.302507
2645.377847
2141.571787
2484.140445
2739.966490
2738.548979
2090.159462
2940.807388
2694.280152
2630.350507
2362.909324
2555.757313
2009.415708
2602.920832
2283.429371
2733.230478
2571.058276
2940.667651
2876.799919
2205.463519
2030.233735
2043.176872
2838.872258
2380.866997
2901.862873
2983.671388
2202.026888
2110.176909
2343.849182
2567.563858
2920.619286
2816.984793
2361.941342
2178.276476
2258.599036
2461.724225
2448.825509
2385.483504
2371.684468
2610.510888
2790.283606
2645.388108
2141.587247
2484.144243
2739.965585
2738.536759
2090.163772
2940.802183
2694.287760
2630.360017
2362.778511
2555.902201
2009.426796
2602.918721
2283.440817
2733.209931
2571.059831
2940.658787
2876.794580
2205.475891
2030.239969
2043.181590
2838.868854
2380.863441
2901.859215
2983.662622
2202.027603
2110.181627
2344.089856
2567.510035
2920.609133
2816.984389
2361.939778
2178.283848
2258.615042
2461.743557
2448.820859
2385.496392
2371.647864
2610.412975
2790.264450
2645.398508
2141.602912
2484.148093
2739.964668
2738.524375
2090.168138
2940.796907
2694.295471
2630.369656
2362.644351
2556.050264
2009.438030
2602.916583
2283.452414
2733.189112
2571.061407
2940.649807
2876.789170
2205.488426
2030.246286
2043.186370
2838.865405
2380.859838
2901.855510
2983.653740
2202.028328
2110.186406
2344.336133
2567.454185
2920.598846
2816.983979
2361.938193
2178.291317
2258.631260
2461.763144
2448.816148
2385.509450
2371.610692
2610.313486
2790.245039
2645.409047
2141.618785
2484.151993
2739.963739
2738.511826
2090.172563
2940.791563
2694.303286
2630.379425
2362.506713
2556.201599
2009.449411
2602.914416
2283.464161
2733.168021
2571.063003
2940.640710
2876.783691
2205.501124
2030.252684
2043.191212
2838.861912
2380.856187
2901.851756
2983.644743
2202.029063
2110.191247
2344.588213
2567.396187
2920.588425
2816.983564
2361.936587
2178.298884
2258.647691
2461.782987
2448.811376
2385.522677
2371.572947
2610.212406
2790.225374
2645.419727
2141.634864
2484.155945
2739.962798
2738.499112
2090.177045
2940.786148
2694.311204
2630.389322
2362.365451
2556.356313
2009.460937
2602.912222
2283.476059
2733.146659
2571.064620
2940.631496
2876.778140
2205.513986
2030.259165
2043.196116
2838.858374
2380.852489
2901.847953
2983.635630
2202.029807
2110.196150
2344.846311
2567.335908
2920.577871
2816.983144
2361.934960
2178.306546
2258.664333
2461.803085
2448.806543
2385.536073
2371.534626
2610.109722
2790.205453
2645.430546
2141.651149
2484.159947
2739.961845
2738.486233
2090.181584
2940.780665
2694.319226
2630.399348
2362.220409
2556.514521
2009.472610
2602.910001
2283.488107
2733.125024
2571.066257
2940.622166
2876.772520
2205.527011
2030.265728
2043.201082
2838.854791
2380.848744
2901.844103
2983.626402
2202.030560
2110.201116
2345.110666
2567.273202
2920.567183
2816.982718
2361.933313
2178.314306
2258.681188
2461.823439
2448.801649
2385.549638
2371.495725
2610.005419
2790.185277
2645.441504
2141.667641
2484.164000
2739.960880
2738.473190
2090.186181
2940.775112
2694.327351
2630.409504
2362.071415
2556.676350
2009.484428
2602.907751
2283.500305
2733.103118
2571.067915
2940.612719
2876.766828
2205.540200
2030.272373
2043.206110
2838.851164
2380.844951
2901.840204
2983.617058
2202.031322
2110.206143
2345.381537
2567.207909
2920.556362
2816.982287
2361.931646
2178.322163
2258.698256
2461.844048
2448.796694
2385.563373
2371.456239
2609.899482
2790.164846
2645.452603
2141.684339
2484.168104
2739.959903
2738.459982
2090.190835
2940.769489
2694.335580
2630.419789
2361.918280
2556.841938
2009.496393
2602.905474
2283.512654
2733.080939
2571.069593
2940.603155
2876.761067
2205.553552
2030.279100
2043.211201
2838.847492
2380.841111
2901.836258
2983.607599
2202.032094
2110.211233
2345.659209
2567.139849
2920.545407
2816.981851
2361.929957
2178.330117
2258.715535
2461.864913
2448.791678
2385.577277
2371.416165
2609.791894
2790.144160
2645.463842
2141.701244
2484.172259
2739.958914
2738.446609
2090.195546
2940.763797
2694.343913
2630.430203
2361.760796
2557.011436
2009.508503
2602.903169
2283.525153
2733.058488
2571.071292
2940.593475
2876.755235
2205.567068
2030.285909
2043.216354
2838.843775
2380.837223
2901.832263
2983.598024
2202.032875
2110.216384
2345.944000
2567.068821
2920.534318
2816.981410
2361.928248
2178.338168
2258.733027
2461.886033
2448.786602
2385.591350
2371.375498
2609.682641
2790.123218
2645.475221
2141.718355
2484.176464
2739.957913
2738.433071
2090.200315
2940.758036
2694.352350
2630.440746
2361.598732
2557.185014
2009.520760
2602.900836
2283.537802
2733.035765
2571.073011
2940.583678
2876.749332
2205.580748
2030.292800
2043.221568
2838.840014
2380.833288
2901.828220
2983.588333
2202.033666
2110.221598
2346.236259
2566.994602
2920.523096
2816.980963
2361.926519
2178.346316
2258.750732
2461.907409
2448.781464
2385.605593
2371.334233
2609.571705
2790.102020
2645.486741
2141.735673
2484.180721
2739.956899
2738.419368
2090.205142
2940.752205
2694.360891
2630.451419
2361.431833
2557.362857
2009.533163
2602.898476
2283.550601
2733.012770
2571.074751
2940.573764
2876.743359
2205.594590
2030.299773
2043.226845
2838.836208
2380.829306
2901.824128
2983.578527
2202.034466
2110.226873
2346.536378
2566.916940
2920.511739
2816.980512
2361.924769
2178.354561
2258.768649
2461.929041
2448.776265
2385.620005
2371.292367
2609.459069
2790.080567
2645.498401
2141.753198
2484.185029
2739.955874
2738.405499
2090.210026
2940.746305
2694.369537
2630.462222
2361.259812
2557.545174
2009.545712
2602.896088
2283.563551
2732.989503
2571.076512
2940.563734
2876.737316
2205.608597
2030.306829
2043.232184
2838.832358
2380.825276
2901.819989
2983.568605
2202.035275
2110.232211
2346.844795
2566.835548
2920.500250
2816.980054
2361.922998
2178.362902
2258.786778
2461.950928
2448.771005
2385.634586
2371.249894
2609.344717
2790.058857
2645.510201
2141.770929
2484.189387
2739.954837
2738.391465
2090.214967
2940.740336
2694.378286
2630.473154
2361.082346
2557.732198
2009.558407
2602.893672
2283.576651
2732.965963
2571.078293
2940.553587
2876.731202
2205.622767
2030.313966
2043.237586
2838.828463
2380.821199
2901.815801
2983.558568
2202.036093
2110.237611
2347.162008
2566.750100
2920.488626
2816.979592
2361.921207
2178.371341
2258.805120
2461.973072
2448.765685
2385.649337
2371.206810
2609.228630
2790.036892
2645.522142
2141.788867
2484.193797
2739.953788
2738.377266
2090.219966
2940.734297
2694.387140
2630.484216
2360.899073
2557.924194
2009.571248
2602.891228
2283.589902
2732.942151
2571.080095
2940.543323
2876.725017
2205.637101
2030.321186
2043.243049
2838.824523
2380.817074
2901.811565
2983.548415
2202.036921
2110.243072
2347.488579
2566.660222
2920.476869
2816.979125
2361.919395
2178.379876
2258.823675
2461.995471
2448.760303
2385.664256
2371.163111
2609.110790
2790.014671
2645.534224
2141.807011
2484.198257
2739.952727
2738.362902
2090.225022
2940.728188
2694.396098
2630.495408
2360.709576
2558.121462
2009.584236
2602.888757
2283.603302
2732.918066
2571.081917
2940.532942
2876.718762
2205.651598
2030.328488
2043.248575
2838.820539
2380.812902
2901.807281
2983.538147
2202.037758
2110.248596
2347.825154
2566.565481
2920.464979
2816.978652
2361.917562
2178.388509
2258.842443
2462.018126
2448.754861
2385.679345
2371.118791
2608.991177
2789.992193
2645.546447
2141.825362
2484.202768
2739.951653
2738.348372
2090.230135
2940.722010
2694.405160
2630.506730
2360.513381
2558.324348
2009.597369
2602.886258
2283.616853
2732.893709
2571.083760
2940.522445
2876.712436
2205.666260
2030.335872
2043.254162
2838.816510
2380.808682
2901.802949
2983.527762
2202.038605
2110.254182
2348.172481
2566.465371
2920.452954
2816.978174
2361.915709
2178.397238
2258.861423
2462.041037
2448.749357
2385.694604
2371.073845
2608.869774
2789.969459
2645.558811
2141.843919
2484.207331
2739.950568
2738.333677
2090.235307
2940.715763
2694.414328
2630.518182
2360.309937
2558.533253
2009.610649
2602.883731
2283.630554
2732.869079
2571.085623
2940.511831
2876.706040
2205.681084
2030.343338
2043.259812
2838.812437
2380.804414
2901.798568
2983.517263
2202.039461
2110.259830
2348.531431
2566.359294
2920.440796
2816.977690
2361.913835
2178.406065
2258.880616
2462.064203
2448.743793
2385.710031
2371.028269
2608.746559
2789.946469
2645.571316
2141.862684
2484.211944
2739.949471
2738.318816
2090.240535
2940.709446
2694.423599
2630.529764
2360.098598
2558.748644
2009.624075
2602.881176
2283.644405
2732.844177
2571.087507
2940.501100
2876.699573
2205.696073
2030.350886
2043.265524
2838.808319
2380.800099
2901.794140
2983.506647
2202.040326
2110.265540
2348.903034
2566.246538
2920.428505
2816.977202
2361.911941
2178.414988
2258.900021
2462.087626
2448.738168
2385.725628
2370.982057
2608.621511
2789.923222
2645.583962
2141.881655
2484.216609
2739.948362
2738.303789
2090.245821
2940.703060
2694.432976
2630.541476
2359.878605
2558.971077
2009.637647
2602.878594
2283.658406
2732.819001
2571.089411
2940.490253
2876.693036
2205.711226
2030.358517
2043.271299
2838.804157
2380.795736
2901.789663
2983.495916
2202.041200
2110.271311
2349.288522
2566.126240
2920.416079
2816.976708
2361.910026
2178.424009
2258.919640
2462.111305
2448.732482
2385.741394
2370.935204
2608.494611
2789.899718
2645.596750
2141.900832
2484.221324
2739.947241
2738.288596
2090.251164
2940.696605
2694.442457
2630.553319
2359.649043
2559.201221
2009.651365
2602.875984
2283.672557
2732.793553
2571.091336
2940.479289
2876.686428
2205.726542
2030.366229
2043.277135
2838.799950
2380.791326
2901.785138
2983.485070
2202.042084
2110.277145
2349.689395
2565.997338
2920.403520
2816.976209
2361.908090
2178.433126
2258.939471
2462.135240
2448.726735
2385.757330
2370.887706
2608.365836
2789.875957
2645.609680
2141.920217
2484.226090
2739.946107
2738.273238
2090.256565
2940.690080
2694.452044
2630.565292
2359.408802
2559.439893
2009.665229
2602.873346
2283.686859
2732.767832
2571.093282
2940.468208
2876.679750
2205.742022
2030.374024
2043.283034
2838.795698
2380.786868
2901.780564
2983.474107
2202.042977
2110.283041
2350.107508
2565.858501
2920.390827
2816.975705
2361.906134
2178.442340
2258.959516
2462.159431
2448.720928
2385.773435
2370.839556
2608.235164
2789.851939
2645.622751
2141.939808
2484.230908
2739.944962
2738.257713
2090.262023
2940.683485
2694.461735
2630.577396
2359.156505
2559.688112
2009.679240
2602.870681
2283.701310
2732.741839
2571.095248
2940.457011
2876.673001
2205.757666
2030.381901
2043.288994
2838.791402
2380.782362
2901.775943
2983.463029
2202.043879
2110.288999
2350.545212
2565.708017
2920.378001
2816.975195
2361.904157
2178.451651
2258.979773
2462.183879
2448.715059
2385.789709
2370.790749
2608.102572
2789.827664
2645.635964
2141.959605
2484.235777
2739.943805
2738.242023
2090.267539
2940.676821
2694.471532
2630.589631
2358.890406
2559.947179
2009.693396
2602.867987
2283.715912
2732.715572
2571.097235
2940.445696
2876.666181
2205.773474
2030.389860
2043.295017
2838.787061
2380.777809
2901.771273
2983.451836
2202.044790
2110.295019
2351.005568
2565.543628
2920.365041
2816.974681
2361.902160
2178.461059
2259.000243
2462.208582
2448.709130
2385.806152
2370.741279
2607.968037
2789.803131
2645.649319
2141.979610
2484.240696
2739.942636
2738.226166
2090.273112
2940.670088
2694.481434
2630.601996
2358.608229
2560.218808
2009.707699
2602.865266
2283.730663
2732.689032
2571.099242
2940.434265
2876.659291
2205.789446
2030.397901
2043.301102
2838.782676
2380.773207
2901.766555
2983.440526
2202.045711
2110.301101
2351.492705
2565.362230
2920.351947
2816.974161
2361.900142
2178.470564
2259.020926
2462.233542
2448.703140
2385.822764
2370.691142
2607.831534
2789.778341
2645.662816
2141.999821
2484.245667
2739.941455
2738.210143
2090.278742
2940.663285
2694.491441
2630.614492
2358.306903
2560.505339
2009.722148
2602.862518
2283.745565
2732.662219
2571.101270
2940.422718
2876.652330
2205.805581
2030.406025
2043.307250
2838.778246
2380.768558
2901.761789
2983.429101
2202.046641
2110.307245
2352.012448
2565.159359
2920.338720
2816.973636
2361.898103
2178.480166
2259.041822
2462.258758
2448.697089
2385.839546
2370.640331
2607.693039
2789.753294
2645.676455
2142.020239
2484.250689
2739.940261
2738.193954
2090.284430
2940.656413
2694.501554
2630.627119
2357.982093
2560.810130
2009.736744
2602.859741
2283.760617
2732.635132
2571.103319
2940.411053
2876.645299
2205.821881
2030.414231
2043.313459
2838.773771
2380.763862
2901.756974
2983.417561
2202.047581
2110.313451
2352.573549
2564.928141
2920.325359
2816.973105
2361.896044
2178.489865
2259.062932
2462.284231
2448.690977
2385.856497
2370.588841
2607.552527
2789.727989
2645.690236
2142.040864
2484.255763
2739.939056
2738.177598
2090.290176
2940.649471
2694.511772
2630.639877
2357.627280
2561.138334
