2376.998016
2634.000231
2646.000334
2857.999678
2653.999093
2373.001133
2168.999634
2690.999604
2519.998413
2393.003873
2588.999987
2919.999407
2433.012268
2023.983303
2520.982147
2420.006279
2171.001060
2185.999720
2551.000871
2951.998550
2958.004394
2680.996079
2298.001489
2678.998732
2878.999340
2685.999906
2185.002303
2854.999523
2743.001758
2727.997267
2974.993100
2669.004214
2667.998108
2454.999484
2742.001082
2976.016140
2224.000926
2146.999733
2761.000262
2698.000625
2814.999726
2656.000707
2502.000172
2305.999536
2399.998067
2184.998543
2672.000293
2721.999846
2985.998878
2816.997713
2046.000876
2792.999548
2027.001197
2461.000556
2384.000680
2555.999461
2513.000349
2779.999358
2828.999858
2893.000269
2096.000973
2707.998457
2748.999175
2211.000091
2082.002563
2611.003627
2099.996713
2635.000542
2326.005443
2974.002636
2279.996569
2020.007530
2903.999311
2399.000305
2981.999029
2782.999869
2037.002765
2648.999238
2592.000844
2477.998476
2197.000635
2925.998794
2457.999606
2675.999363
2377.986597
2109.977183
2835.999443
2562.000633
2016.000917
2889.000533
2365.000533
2168.998781
2508.001484
2424.997591
2111.999880
2408.000176
2624.000332
2445.001036
2268.003186
2036.998404
2453.000657
2234.000023
2051.000453
2045.001211
2859.999470
2774.999047
2632.999830
2610.999782
2392.999351
2978.998561
2127.000278
2345.000082
2232.999595
2852.998315
2387.000956
2317.000764
2029.000438
2940.998823
2319.001284
2561.000129
2439.996050
2014.006570
2487.007459
2418.001938
2561.998462
2277.999857
2099.006527
2262.993205
2198.001274
2008.002582
2538.999427
2135.001522
2401.000471
2368.999054
2687.999905
2108.000705
2735.998503
2136.999455
2229.000174
2809.001299
2110.998944
2249.001913
2579.999999
2735.999733
2094.004180
2649.987759
2735.997983
2101.001301
2341.001402
2650.998799
2924.999382
2190.000336
2855.000911
2942.999705
2340.990777
2983.992637
2792.998042
2719.998119
2888.997048
2948.999004
2195.001579
2060.000812
2866.999455
2992.997612
2309.000932
2087.002298
2029.000934
2174.999982
2365.000407
2516.001169
2709.997005
2442.000629
2541.999802
2648.999885
2742.999301
2989.991068
2403.997446
2135.000413
2554.999338
2025.001064
2515.000488
2220.000106
2076.000221
2439.000071
2372.999079
2100.002571
2320.001060
2128.998615
2719.999363
2846.999632
2419.998717
2556.999880
2014.000958
2099.000866
2550.997877
2194.001400
2424.999198
2949.999884
2018.001261
2505.998900
2376.994049
2634.000692
2646.001001
2857.999035
2653.997280
2373.003400
2168.998901
2690.998811
2519.995239
2393.011622
2588.999961
2919.998222
2433.036862
2023.949825
2520.946386
2420.018856
2171.003179
2185.999161
2551.002612
2951.995650
2958.013188
2680.988233
2298.004466
2678.996195
2878.998021
2685.999717
2185.006911
2854.998569
2743.005274
2727.991800
2974.979293
2669.012648
2667.994325
2454.998453
2742.003249
2976.048481
2224.002777
2146.999200
2761.000787
2698.001874
2814.999178
2656.002121
2502.000517
2305.998609
2399.994200
2184.995628
2672.000879
2721.999537
2985.996635
2816.993139
2046.002627
2792.998643
2027.003591
2461.001668
2384.002040
2555.998384
2513.001048
2779.998075
2828.999573
2893.000806
2096.002920
2707.995372
2748.997524
2211.000272
2082.007689
2611.010883
2099.990135
2635.001630
2326.016340
2974.007915
2279.989703
2020.022595
2903.997933
2399.000914
2981.997088
2782.999607
2037.008297
2648.997715
2592.002532
2477.995426
2197.001905
2925.996381
2457.998817
2675.998090
2377.959726
2109.931422
2835.998328
2562.001900
2016.002751
2889.001600
2365.001598
2168.996344
2508.004462
2424.992769
2111.999640
2408.000527
2624.000995
2445.003109
2268.009561
2036.995207
2453.001970
2234.000068
2051.001358
2045.003634
2859.998411
2774.997142
2632.999489
2610.999346
2392.998054
2978.995684
2127.000835
2345.000246
2232.998784
2852.994946
2387.002869
2317.002291
2029.001314
2940.996468
2319.003852
2561.000387
2439.988133
2014.019733
2487.022382
2418.005815
2561.995385
2277.999570
2099.019587
2262.979607
2198.003823
2008.007747
2538.998280
2135.004566
2401.001414
2368.997162
2687.999714
2108.002115
2735.995509
2136.998365
2229.000523
2809.003897
2110.996830
2249.005740
2579.999996
2735.999198
2094.012546
2649.963256
2735.993950
2101.003902
2341.004205
2650.996396
2924.998147
2190.001008
2855.002733
2942.999114
2340.972311
2983.977897
2792.994127
2719.994358
2888.991145
2948.997013
2195.004736
2060.002437
2866.998364
2992.992837
2309.002796
2087.006896
2029.002802
2174.999947
2365.001221
2516.003506
2709.991016
2442.001888
2541.999407
2648.999656
2742.997900
2989.973176
2403.992337
2135.001238
2554.998014
2025.003191
2515.001463
2220.000319
2076.000664
2439.000212
2372.997239
2100.007718
2320.003179
2128.995845
2719.998090
2846.998896
2419.996152
2556.999640
2014.002874
2099.002598
2550.993631
2194.004199
2424.997595
2949.999651
2018.003784
2505.996699
2376.988096
2634.001385
2646.002001
2857.998070
2653.994560
2373.006801
2168.997803
2690.997622
2519.990474
2393.023247
2588.999922
2919.996445
2433.073906
2023.899392
2520.892609
2420.037767
2171.006358
2185.998322
2551.005225
2951.991301
2958.026401
2680.976449
2298.008932
2678.992390
2878.996043
2685.999434
2185.013822
2854.997138
2743.010549
2727.983598
2974.958562
2669.025312
2667.988650
2454.996905
2742.006511
2976.097148
2224.005555
2146.998399
2761.001573
2698.003748
2814.998356
2656.004242
2502.001034
2305.997218
2399.988400
2184.991256
2672.001759
2721.999074
2985.993271
2816.986277
2046.005254
2792.997287
2027.007183
2461.003337
2384.004080
2555.996768
2513.002095
2779.996151
2828.999147
2893.001612
2096.005840
2707.990744
2748.995048
2211.000543
2082.015380
2611.021771
2099.980262
2635.003273
2326.032712
2974.015850
2279.979393
2020.045209
2903.995865
2399.001829
2981.994175
2782.999215
2037.016594
2648.995430
2592.005065
2477.990853
2197.003810
2925.992763
2457.997634
2675.996181
2377.919254
2109.862459
2835.996655
2562.003801
2016.005502
2889.003199
2365.003197
2168.992687
2508.008953
2424.985526
2111.999280
2408.001054
2624.001990
2445.006218
2268.019131
2036.990401
2453.003939
2234.000135
2051.002715
2045.007268
2859.996822
2774.994284
2632.998978
2610.998691
2392.996109
2978.991368
2127.001669
2345.000491
2232.997568
2852.989891
2387.005737
2317.004581
2029.002628
2940.992936
2319.007703
2561.000773
2439.976214
2014.039540
2487.044780
2418.011634
2561.990770
2277.999140
2099.039196
2262.959188
2198.007647
2008.015495
2538.996560
2135.009132
2401.002827
2368.994325
2687.999429
2108.004229
2735.991018
2136.996729
2229.001047
2809.007794
2110.993654
2249.011488
2579.999992
2735.998397
2094.025109
2649.926446
2735.987899
2101.007805
2341.008411
2650.992792
2924.996295
2190.002017
2855.005467
2942.998228
2340.944562
2983.955757
2792.988252
2719.988715
2888.982288
2948.994025
2195.009471
2060.004874
2866.996727
2992.985674
2309.005592
2087.013792
2029.005604
2174.999893
2365.002442
2516.007012
2709.982031
2442.003775
2541.998814
2648.999312
2742.995794
2989.946265
2403.984673
2135.002476
2554.996028
2025.006382
2515.002926
2220.000637
2076.001328
2439.000423
2372.994482
2100.015448
2320.006357
2128.991688
2719.996179
2846.997791
2419.992304
2556.999279
2014.005748
2099.005196
2550.987261
2194.008398
2424.995190
2949.999303
2018.007569
2505.993398
2376.980157
2634.002309
2646.003336
2857.996784
2653.990934
2373.011335
2168.996337
2690.996036
2519.984115
2393.038754
2588.999870
2919.994075
2433.123583
2023.831742
2520.820649
2420.063069
2171.010597
2185.997204
2551.008708
2951.985501
2958.044054
2680.960712
2298.014887
2678.987317
2878.993404
2685.999056
2185.023038
2854.995230
2743.017584
2727.972659
2974.930884
2669.042223
2667.981082
2454.994842
2742.010882
2976.162331
2224.009258
2146.997332
2761.002622
2698.006248
2814.997259
2656.007070
2502.001724
2305.995363
2399.980665
2184.985424
2672.002931
2721.998457
2985.988784
2816.977127
2046.008757
2792.995478
2027.011971
2461.005562
2384.006802
2555.994612
2513.003493
2779.993585
2828.998578
2893.002687
2096.009734
2707.984574
2748.991746
2211.000905
2082.025638
2611.036297
2099.967085
2635.005485
2326.054589
2974.026461
2279.965628
2020.075389
2903.993109
2399.003048
2981.990292
2782.998692
2037.027658
2648.992383
2592.008442
2477.984754
2197.006349
2925.987938
2457.996057
2675.993634
2377.864978
2109.769895
2835.994426
2562.006335
2016.009170
2889.005333
2365.005329
2168.987811
2508.014986
2424.975848
2111.998799
2408.001757
2624.003318
2445.010364
2268.031903
2036.983975
2453.006566
2234.000225
2051.004526
2045.012113
2859.994703
2774.990473
2632.998296
2610.997819
2392.993516
2978.985613
2127.002782
2345.000819
2232.995947
2852.983151
2387.009562
2317.007636
2029.004380
2940.988226
2319.012839
2561.001289
2439.960241
2014.066064
2487.074671
2418.019396
2561.984617
2277.998567
2099.065375
2262.931923
2198.012745
2008.025825
2538.994266
2135.015220
2401.004712
2368.990540
2687.999049
2108.007049
2735.985029
2136.994548
2229.001745
2809.012992
2110.989409
2249.019164
2579.999987
2735.997328
2094.041886
2649.877262
2735.979831
2101.013008
2341.014020
2650.987986
2924.993825
2190.003361
2855.009114
2942.997046
2340.907473
2983.926176
2792.980417
2719.981191
2888.970476
2948.990041
2195.015785
2060.008124
2866.994545
2992.976122
2309.009322
2087.022989
2029.009340
2174.999822
2365.004070
2516.011688
2709.970051
2442.006292
2541.998024
2648.998853
2742.992977
2989.910247
2403.974453
2135.004126
2554.993379
2025.010636
2515.004878
2220.001061
2076.002213
2439.000706
2372.990815
2100.025773
2320.010596
2128.986145
2719.993632
2846.996318
2419.987172
2556.998799
2014.009580
2099.008661
2550.978767
2194.013998
2424.991983
2949.998838
2018.012614
2505.988997
2376.970231
2634.003466
2646.005004
2857.995176
2653.986401
2373.017002
2168.994506
2690.994054
2519.976158
2393.058147
2588.999804
2919.991112
2433.186149
2023.746511
2520.730280
2420.094836
2171.015896
2185.995805
2551.013063
2951.978251
2958.066181
2680.940999
2298.022331
2678.980975
2878.990106
2685.998584
2185.034559
2854.992844
2743.026381
2727.958982
2974.896229
2669.063402
2667.971621
2454.992262
2742.016380
2976.244287
2224.013887
2146.995997
2761.003932
2698.009374
2814.995889
2656.010605
2502.002586
2305.993044
2399.970993
2184.978133
2672.004397
2721.997686
2985.983176
2816.965688
2046.013136
2792.993217
2027.017957
2461.008343
2384.010204
2555.991918
2513.005239
2779.990377
2828.997868
2893.004030
2096.014601
2707.976861
2748.987619
2211.001358
2082.038466
2611.054467
2099.950595
2635.008286
2326.082014
2974.039778
2279.948390
2020.113160
2903.989663
2399.004572
2981.985438
2782.998039
2037.041491
2648.988573
2592.012666
2477.977130
2197.009524
2925.981906
2457.994085
2675.990452
2377.796620
2109.653184
2835.991638
2562.009502
2016.013755
2889.008000
2365.007994
2168.981715
2508.022602
2424.963719
2111.998199
2408.002636
2624.004978
2445.015547
2268.047891
2036.975912
2453.009849
2234.000338
2051.006789
2045.018170
2859.992054
2774.985709
2632.997444
2610.996728
2392.990275
2978.978418
2127.004173
2345.001228
2232.993920
2852.974723
2387.014343
2317.011455
2029.006571
2940.982338
2319.019260
2561.001933
2439.940142
2014.099409
2487.112078
2418.029106
2561.976924
2277.997850
2099.098154
2262.897775
2198.019118
2008.038740
2538.991399
2135.022830
2401.007067
2368.985809
2687.998573
2108.010574
2735.977543
2136.991820
2229.002617
2809.019491
2110.984086
2249.028778
2579.999981
2735.995992
2094.062900
2649.815616
2735.969745
2101.019513
2341.021034
2650.981977
2924.990737
2190.005042
2855.013675
2942.995570
2340.860963
2983.889104
2792.970620
2719.971783
2888.955708
2948.985061
2195.023678
2060.012186
2866.991818
2992.964180
2309.013985
2087.034488
2029.014010
2174.999733
2365.006106
2516.017533
2709.955074
2442.009438
2541.997036
2648.998280
2742.989439
2989.865001
2403.961677
2135.006190
2554.990069
2025.015954
2515.007318
2220.001590
2076.003319
2439.001059
2372.986245
2100.038708
2320.015894
2128.979214
2719.990447
2846.994478
2419.980757
2556.998198
2014.014370
2099.012991
2550.968148
2194.020998
2424.987974
2949.998256
2018.018922
2505.983494
2376.958314
2634.004856
2646.007006
2857.993246
2653.980961
2373.023804
2168.992307
2690.991676
2519.966597
2393.081434
2588.999725
2919.987557
2433.261936
2023.643227
2520.621213
2420.133166
2171.022254
2185.994127
2551.018289
2951.969551
2958.092823
2680.917282
2298.031264
2678.973365
2878.986147
2685.998017
2185.048386
2854.989980
2743.036943
2727.942563
2974.854556
2669.088877
2667.960266
2454.989167
2742.023029
2976.343350
2224.019442
2146.994396
2761.005504
2698.013128
2814.994244
2656.014848
2502.003621
2305.990260
2399.959384
2184.969380
2672.006156
2721.996760
2985.976446
2816.951958
2046.018390
2792.990504
2027.025139
2461.011681
2384.014287
2555.988685
2513.007334
2779.986528
2828.997016
2893.005643
2096.020441
2707.967606
2748.982666
2211.001901
2082.053867
2611.076289
2099.930777
2635.011698
2326.115042
2974.055834
2279.927658
2020.158553
2903.985528
2399.006401
2981.979614
2782.997256
2037.058093
2648.984000
2592.017735
2477.967981
2197.013334
2925.974668
2457.991719
2675.986632
2377.713813
2109.511610
2835.988294
2562.013303
2016.019257
2889.011201
2365.011194
2168.974400
2508.031853
2424.949115
2111.997478
2408.003690
2624.006972
2445.021768
2268.067107
2036.966191
2453.013790
2234.000474
2051.009504
2045.025438
2859.988876
2774.979993
2632.996422
2610.995419
2392.986387
2978.969783
2127.005843
2345.001719
2232.991487
2852.964608
2387.020081
2317.016039
2029.009199
2940.975273
2319.026964
2561.002706
2439.915821
2014.139708
2487.157028
2418.040769
2561.967693
2277.996990
2099.137571
2262.856700
2198.026766
2008.054237
2538.987958
2135.031963
2401.009894
2368.980132
2687.998004
2108.014803
2735.968558
2136.988545
2229.003664
2809.027293
2110.977675
2249.040343
2579.999973
2735.994389
2094.088178
2649.741392
2735.957641
2101.027319
2341.029453
2650.974765
2924.987032
2190.007059
2855.019154
2942.993800
2340.804929
2983.844473
2792.958860
2719.960492
2888.937980
2948.979083
2195.033150
2060.017061
2866.988545
2992.949849
2309.019584
2087.048289
2029.019614
2174.999626
2365.008549
2516.024547
2709.937099
2442.013213
2541.995850
2648.997591
2742.985169
2989.810371
2403.946343
2135.008668
2554.986096
2025.022336
2515.010249
2220.002224
2076.004646
2439.001483
2372.980781
2100.054276
2320.022252
2128.970894
2719.986626
2846.992269
2419.973057
2556.997476
2014.020118
2099.018188
2550.955404
2194.029401
2424.983163
2949.997559
2018.026491
2505.976889
2376.944406
2634.006481
2646.009341
2857.990995
2653.974615
2373.031741
2168.989742
2690.988901
2519.955424
2393.108622
2588.999633
2919.983411
2433.351362
2023.521295
2520.493089
2420.178179
2171.029673
2185.992169
2551.024388
2951.959400
2958.124028
2680.889526
2298.041687
2678.964485
2878.981528
2685.997356
2185.064521
2854.986637
2743.049271
2727.923400
2974.805816
2669.118681
2667.947015
2454.985555
2742.030859
2976.459935
2224.025923
2146.992527
2761.007338
2698.017510
2814.992325
2656.019798
2502.004829
2305.987013
2399.945836
2184.959164
2672.008207
2721.995680
2985.968593
2816.935937
2046.024520
2792.987338
2027.033519
2461.015576
2384.019054
2555.984912
2513.009779
2779.982037
2828.996022
2893.007524
2096.027255
2707.956808
2748.976888
2211.002534
2082.071847
2611.101775
2099.907615
2635.015751
2326.153738
2974.074673
2279.903407
2020.211605
2903.980704
2399.008534
2981.972819
2782.996344
2037.077466
2648.978664
2592.023653
2477.957305
2197.017778
2925.966224
2457.988958
2675.982176
2377.616095
2109.344269
2835.984392
2562.017738
2016.025677
2889.014937
2365.014929
2168.965864
2508.042803
2424.932009
2111.996638
2408.004921
2624.009299
2445.029026
2268.089569
2036.954787
2453.018388
2234.000633
2051.012672
2045.033918
2859.985168
2774.973323
2632.995229
2610.993892
2392.981852
2978.959707
2127.007790
2345.002292
2232.988648
2852.952802
2387.026776
2317.021388
2029.012264
2940.967029
2319.035954
2561.003609
2439.887162
2014.187131
2487.209557
2418.054390
2561.956922
2277.995986
2099.183671
2262.808645
2198.035690
2008.072320
2538.983943
2135.042619
2401.013191
2368.973506
2687.997340
2108.019738
2735.958075
2136.984723
2229.004886
2809.036399
2110.970161
2249.053876
2579.999964
2735.992519
2094.117757
2649.654451
2735.943517
2101.036427
2341.039280
2650.966348
2924.982710
2190.009412
2855.025550
2942.991736
2340.739249
2983.792203
2792.945133
2719.947316
2888.917288
2948.972108
2195.044201
2060.022747
2866.984726
2992.933125
2309.026119
2087.064397
2029.026152
2174.999501
2365.011399
2516.032732
2709.916127
2442.017617
2541.994467
2648.996788
2742.980153
2989.746164
2403.928450
2135.011559
2554.981461
2025.029782
2515.013670
2220.002962
2076.006194
2439.001977
2372.974435
2100.072502
2320.029670
2128.961182
2719.982167
2846.989691
2419.964073
2556.996635
2014.026825
2099.024251
2550.940532
2194.039207
2424.977549
2949.996745
2018.035322
2505.969181
2376.928502
2634.008341
2646.012011
2857.988422
2653.967362
2373.040812
2168.986810
2690.985729
2519.942633
2393.139721
2588.999528
2919.978672
2433.454945
2023.379978
2520.345472
2420.230022
2171.038152
2185.989930
2551.031358
2951.947798
2958.159856
2680.857692
2298.053599
2678.954337
2878.976248
2685.996600
2185.082965
2854.982815
2743.063369
2727.901488
2974.749953
2669.152855
2667.931869
2454.981428
2742.039907
2976.594550
2224.033331
2146.990391
2761.009433
2698.022522
2814.990133
2656.025456
2502.006210
2305.983301
2399.930346
2184.947483
2672.010553
2721.994446
2985.959617
2816.917622
2046.031526
2792.983721
2027.043096
2461.020028
2384.024503
2555.980600
2513.012574
2779.976905
2828.994887
2893.009674
2096.035043
2707.944467
2748.970284
2211.003258
2082.092410
2611.130935
2099.881089
2635.020481
2326.198181
2974.096346
2279.875606
2020.272362
2903.975191
2399.010973
2981.965054
2782.995303
2037.099611
2648.972563
2592.030419
2477.945103
2197.022857
2925.956573
2457.985802
2675.977084
2377.502891
2109.150031
2835.979932
2562.022806
2016.033014
2889.019208
2365.019199
2168.956106
2508.055531
2424.912368
2111.995677
2408.006328
2624.011961
2445.037323
2268.115299
2036.941670
2453.023644
2234.000815
2051.016292
2045.043610
2859.980930
2774.965701
2632.993866
2610.992147
2392.976672
2978.948190
2127.010017
2345.002947
2232.985402
2852.939306
2387.034427
2317.027502
2029.015768
2940.957606
2319.046228
2561.004640
2439.854015
2014.241888
2487.269705
2418.069976
2561.944612
2277.994838
2099.236509
2262.753544
2198.045889
2008.092988
2538.979354
2135.054798
2401.016959
2368.965933
2687.996583
2108.025377
2735.946092
2136.980351
2229.006282
2809.046810
2110.961529
2249.069395
2579.999954
2735.990382
2094.151679
2649.554628
2735.927373
2101.046838
2341.050516
2650.956726
2924.977770
2190.012101
2855.032869
2942.989378
2340.663771
2983.732197
2792.929437
2719.932254
2888.893630
2948.964134
2195.056830
2060.029247
2866.980362
2992.914010
2309.033593
2087.082812
2029.033624
2174.999358
2365.014656
2516.042088
2709.892154
2442.022651
2541.992886
2648.995871
2742.974376
2989.672141
2403.907997
2135.014863
2554.976164
2025.038291
2515.017582
2220.003803
2076.007963
2439.002543
2372.967222
2100.093420
2320.038148
2128.950076
2719.977071
2846.986746
2419.953803
2556.995672
2014.034489
2099.031181
2550.923533
2194.050417
2424.971132
2949.995815
2018.045416
2505.960371
2376.910599
2634.010439
2646.015015
2857.985527
2653.959202
2373.051018
2168.983511
2690.982160
2519.928212
2393.174741
2588.999408
2919.973341
2433.573323
2023.218369
2520.177843
2420.288867
2171.047692
2185.987411
2551.039202
2951.934745
2958.200375
2680.821732
2298.067002
2678.942919
2878.970308
2685.995749
2185.103718
2854.978514
2743.079239
2727.876823
2974.686899
2669.191445
2667.914824
2454.976784
2742.050215
2976.747806
2224.041665
2146.987987
2761.011788
2698.028165
2814.987666
2656.031822
2502.007765
2305.979124
2399.912912
2184.934334
2672.013191
2721.993057
2985.949519
2816.897012
2046.039407
2792.979651
2027.053870
2461.025037
2384.030636
2555.975748
2513.015717
2779.971131
2828.993611
2893.012094
2096.043804
2707.930585
2748.962855
2211.004072
2082.115562
2611.163785
2099.851177
2635.025929
2326.248464
2974.120914
2279.844220
2020.340875
2903.968989
2399.013716
2981.956318
2782.994134
2037.124532
2648.965697
2592.038034
2477.931374
2197.028571
2925.945715
2457.982252
2675.971355
2377.373489
2108.927500
2835.974916
2562.028508
2016.041268
2889.024015
2365.024005
2168.945127
2508.070131
2424.890152
2111.994596
2408.007911
2624.014959
2445.046658
2268.144319
2036.926806
2453.029558
2234.001020
2051.020365
2045.054513
2859.976162
2774.957125
2632.992333
2610.990183
2392.970848
2978.935231
2127.012521
2345.003684
2232.981750
2852.924116
2387.043036
2317.034383
2029.019710
2940.947004
2319.057788
2561.005800
2439.816201
2014.304235
2487.337519
2418.087535
2561.930761
2277.993546
2099.296146
2262.691325
2198.057365
2008.116242
2538.974191
2135.068500
2401.021198
2368.957411
2687.995732
2108.031722
2735.932610
2136.975430
2229.007852
2809.058530
2110.951761
2249.086922
2579.999942
2735.987977
2094.189992
2649.441727
2735.909209
2101.058551
2341.063163
2650.945897
2924.972212
2190.015126
2855.041111
2942.986727
2340.578323
2983.664342
2792.911768
2719.915303
2888.867001
2948.955161
2195.071039
2060.036558
2866.975453
2992.892499
2309.042006
2087.103537
2029.042030
2174.999197
2365.018321
2516.052615
2709.865180
2442.028313
2541.991108
2648.994838
2742.967815
2989.588017
2403.884980
2135.018583
2554.970205
2025.047865
2515.021988
2220.004748
2076.009953
2439.003181
2372.959162
2100.117072
2320.047686
2128.937574
2719.971338
2846.983433
2419.942246
2556.994589
2014.043112
2099.038977
2550.904405
2194.063032
2424.963912
2949.994768
2018.056771
2505.950457
2376.890694
2634.012776
2646.018353
2857.982311
2653.950136
2373.062359
2168.979845
2690.978194
2519.912151
2393.213693
2588.999275
2919.967418
2433.707274
2023.035361
2519.989584
2420.354922
2171.058292
2185.984612
2551.047918
2951.920240
2958.245664
2680.781592
2298.081895
2678.930231
2878.963706
2685.994804
2185.126784
2854.973732
2743.096887
2727.849401
2974.616578
2669.234504
2667.895881
2454.971624
2742.061838
2976.920436
2224.050926
2146.985315
2761.014404
2698.034441
2814.984924
2656.038895
2502.009493
2305.974482
2399.893531
2184.919715
2672.016122
2721.991513
2985.938297
2816.874104
2046.048164
2792.975129
2027.065840
2461.030604
2384.037454
2555.970355
2513.019211
2779.964716
2828.992194
2893.014783
2096.053539
2707.915160
2748.954600
2211.004977
2082.141309
2611.200340
2099.817854
2635.032143
2326.304695
2974.148448
2279.809209
2020.417203
2903.962098
2399.016764
2981.946612
2782.992836
2037.152230
2648.958066
2592.046502
2477.916118
2197.034920
2925.933650
2457.978308
2675.964989
2377.227010
2108.674953
2835.969342
2562.034844
2016.050441
2889.029357
2365.029348
2168.932925
2508.086717
2424.865314
2111.993394
2408.009671
2624.018294
2445.057033
2268.176658
2036.910156
2453.036131
2234.001249
2051.024890
2045.066629
2859.970865
2774.947596
2632.990629
2610.988002
2392.964379
2978.920828
2127.015304
2345.004502
2232.977691
2852.907232
2387.052602
2317.042031
2029.024089
2940.935223
2319.070634
2561.007090
2439.773499
2014.374487
2487.413052
2418.107076
2561.915370
2277.992109
2099.362655
2262.621900
2198.070117
2008.142082
2538.968453
2135.083726
2401.025907
2368.947939
2687.994789
2108.038772
2735.917627
2136.969958
2229.009597
2809.071560
2110.940834
2249.106482
2579.999929
2735.985306
2094.232752
2649.315523
2735.889023
2101.071567
2341.077225
2650.933860
2924.966037
2190.018488
2855.050282
2942.983784
2340.482700
2983.588504
2792.892123
2719.896463
2888.837396
2948.945189
2195.086828
2060.044682
2866.969998
2992.868593
2309.051361
2087.126575
2029.051370
2174.999017
2365.022393
2516.064315
2709.835203
2442.034605
2541.989131
2648.993691
2742.960446
2989.493449
2403.859400
2135.022717
2554.963583
2025.058502
2515.026887
2220.005794
2076.012164
2439.003889
2372.950278
2100.143508
2320.058284
2128.923674
2719.964967
2846.979751
2419.929401
2556.993385
2014.052693
2099.047640
2550.883145
2194.077055
2424.955888
2949.993605
2018.069389
2505.939437
