2117.000107
2712.000028
2031.000017
2077.000015
2527.000072
2620.000076
2388.000086
2806.000080
2833.000062
2096.000024
2619.000055
2940.000050
2790.000041
2469.000040
2276.000181
2714.000119
2630.000033
2140.000024
2289.000058
2215.000045
2117.000322
2712.000083
2031.000050
2077.000044
2527.000215
2620.000228
2388.000258
2806.000241
2833.000187
2096.000072
2619.000166
2940.000150
2790.000123
2469.000120
2276.000543
2714.000357
2630.000099
2140.000071
2289.000175
2215.000136
2117.000643
2712.000166
2031.000101
2077.000087
2527.000429
2620.000456
2388.000516
2806.000482
2833.000374
2096.000144
2619.000332
2940.000300
2790.000246
2469.000240
2276.001086
2714.000714
2630.000198
2140.000142
2289.000349
2215.000271
