2431.002571
2275.001976
2721.001523
2412.002890
2910.981986
2626.050629
2662.003972
2616.997830
2810.995483
2342.005251
2898.004204
2669.978942
2959.998320
2783.996838
2122.000162
2372.000003
2855.001515
2696.998858
2246.000000
2188.000000
2431.007713
2275.005929
2721.004568
2412.008671
2910.945910
2626.152055
2662.011917
2616.993489
2810.986449
2342.015754
2898.012635
2669.936755
2959.994960
2783.990515
2122.000487
2372.000009
2855.004543
2696.996574
2246.000000
2188.000000
2431.015427
2275.011858
2721.009135
2412.017343
2910.891673
2626.304618
2662.023835
2616.986978
2810.972895
2342.031508
2898.025336
2669.873293
2959.989921
2783.981029
2122.000973
2372.000018
2855.009085
2696.993148
2246.000000
2188.000000
2431.025711
2275.019764
2721.015223
2412.028905
2910.819125
2626.508838
2662.039727
2616.978298
2810.954822
2342.052517
2898.042374
2669.788336
2959.983202
2783.968380
2122.001622
2372.000030
2855.015137
2696.988577
2246.000000
2188.000000
2431.038566
2275.029646
2721.022831
2412.043357
2910.728062
2626.765419
2662.059595
2616.967449
2810.932226
2342.078780
2898.063839
2669.681581
2959.974804
2783.952567
2122.002433
2372.000045
2855.022699
2696.982863
2246.000000
2188.000000
2431.053993
2275.041505
2721.031958
2412.060701
2910.618220
2627.075268
2662.083441
2616.954431
2810.905106
2342.110300
2898.089849
2669.552642
2959.964726
2783.933589
2122.003406
2372.000063
2855.031766
2696.976002
2246.000000
2188.000000
2431.071990
2275.055341
2721.042602
2412.080936
2910.489275
2627.439512
2662.111267
2616.939247
2810.873457
2342.147078
2898.120547
2669.401037
2959.952969
2783.911445
2122.004541
2372.000084
2855.042335
2696.967993
2246.000000
2188.000000
2431.092558
2275.071155
2721.054762
2412.104063
2910.340830
2627.859522
2662.143075
2616.921896
2810.837276
2342.189119
2898.156111
2669.226183
2959.939534
2783.886133
2122.005839
2372.000108
2855.054402
2696.958836
2246.000000
2188.000000
2431.115697
2275.088946
2721.068435
2412.130081
2910.172410
2628.336941
2662.178869
2616.902381
2810.796559
2342.236425
2898.196748
2669.027376
2959.924419
2783.857651
2122.007298
2372.000136
2855.067962
2696.948526
2246.000000
2188.000000
2431.141406
2275.108715
2721.083619
2412.158991
2909.983451
2628.873726
2662.218652
2616.880702
2810.751301
2342.288998
2898.242709
2668.803781
2959.907627
2783.825996
2122.008920
2372.000166
2855.083010
2696.937062
2246.000000
2188.000000
