2131.000120
2413.000145
2881.000018
2069.000020
2640.000354
2777.000075
2091.000063
2582.000105
2075.000093
2684.000362
2500.000083
2753.000040
2310.000047
2969.000064
2721.000060
2443.000063
2359.000060
2380.000050
2759.000069
2760.000021
2131.000360
2413.000436
2881.000054
2069.000059
2640.001062
2777.000226
2091.000190
2582.000314
2075.000278
2684.001087
2500.000250
2753.000121
2310.000142
2969.000192
2721.000180
2443.000190
2359.000180
2380.000149
2759.000208
2760.000063
2131.000720
2413.000871
2881.000108
2069.000119
2640.002123
2777.000451
2091.000380
2582.000629
2075.000557
2684.002174
2500.000500
2753.000241
2310.000284
2969.000384
2721.000360
2443.000379
2359.000361
2380.000297
2759.000416
2760.000125
