2545.998955
2675.999109
2471.999726
2942.999341
2467.989386
2268.982233
2989.000000
2284.000000
2788.000000
2630.000000
2615.000000
2336.000000
2719.000000
2960.000000
2213.000000
2466.000000
2032.000000
2595.000000
2529.000000
2591.000000
2124.000000
2489.000000
2392.000000
2313.000000
2648.000000
2782.000000
2066.000000
2123.000000
2310.000000
2263.000000
2169.000000
2878.000000
2604.000000
2597.000000
2427.000000
2162.000000
2234.000000
2547.000000
2827.000000
2076.000000
2246.000000
2552.000000
2693.000000
2944.000000
2084.000000
2945.000000
2096.000000
2363.000000
2392.000000
2025.000000
2671.000000
2194.000000
2285.000000
2151.000000
2212.000000
2930.000000
2606.000000
2164.000000
2946.000000
2992.000000
2230.000000
2590.000000
2003.000000
2284.000000
2441.000000
2720.000000
2662.000000
2816.000000
2357.000000
2560.000000
2964.000000
2231.000000
2154.000000
2869.000000
2941.000000
2081.000000
2890.000000
2039.000000
2739.000000
2338.000000
2015.000000
2568.000000
2196.000000
2923.000000
2322.000000
2716.000000
2392.000000
2378.000000
2530.000000
2736.000000
2342.000000
2052.000000
2700.000000
2206.000000
2209.000000
2147.000000
2648.000000
2390.000000
2252.000000
2481.000000
2200.000000
2848.000000
2739.000000
2045.000000
2913.000000
2367.000000
2808.000000
2111.000000
2518.000000
2642.000000
2141.000000
2336.000000
2644.000000
2036.000000
2719.000000
2245.000000
2524.000000
2245.000000
2721.000000
2498.000000
2607.000000
2050.000000
2062.000000
2141.000000
2791.000000
2055.000000
2237.000000
2863.000000
2414.000000
2733.000000
2974.000000
2875.000000
2291.000000
2871.000000
2463.000000
2590.000000
2486.000000
2467.000000
2899.000000
2540.000000
2793.000000
2147.000000
2887.000000
2209.000000
2379.000000
2353.000000
2237.000000
2942.000000
2207.000000
2356.000000
2171.000000
2683.000000
2471.000000
2974.000000
2159.000000
2789.000000
2092.000000
2275.000000
2623.000000
2174.000000
2003.000000
2319.000000
2786.000000
2559.000000
2359.000000
2938.000000
2338.000000
2175.000000
2533.000000
2735.000000
2461.000000
2258.000000
2264.000000
2730.000000
2290.000000
2241.000000
2906.000000
2334.000000
2990.000000
2309.000000
2613.000000
2664.000000
2736.000000
2451.000000
2069.000000
2162.000000
2106.000000
2500.000000
2086.000000
2033.000000
2775.000000
2494.000000
2146.000000
2110.000000
2844.000000
2400.000000
2332.000000
2307.000000
2095.000000
2297.000000
2545.996865
2675.997326
2471.999178
2942.998023
2467.968125
2268.946646
2989.000000
2284.000000
2788.000000
2630.000000
2615.000000
2336.000000
2719.000000
2960.000000
2213.000000
2466.000000
2032.000000
2595.000000
2529.000000
2591.000000
2124.000000
2489.000000
2392.000000
2313.000000
2648.000000
2782.000000
2066.000000
2123.000000
2310.000000
2263.000000
2169.000000
2878.000000
2604.000000
2597.000000
2427.000000
2162.000000
2234.000000
2547.000000
2827.000000
2076.000000
2246.000000
2552.000000
2693.000000
2944.000000
2084.000000
2945.000000
2096.000000
2363.000000
2392.000000
2025.000000
2671.000000
2194.000000
2285.000000
2151.000000
2212.000000
2930.000000
2606.000000
2164.000000
2946.000000
2992.000000
2230.000000
2590.000000
2003.000000
2284.000000
2441.000000
2720.000000
2662.000000
2816.000000
2357.000000
2560.000000
2964.000000
2231.000000
2154.000000
2869.000000
2941.000000
2081.000000
2890.000000
2039.000000
2739.000000
2338.000000
2015.000000
2568.000000
2196.000000
2923.000000
2322.000000
2716.000000
2392.000000
2378.000000
2530.000000
2736.000000
2342.000000
2052.000000
2700.000000
2206.000000
2209.000000
2147.000000
2648.000000
2390.000000
2252.000000
2481.000000
2200.000000
2848.000000
2739.000000
2045.000000
2913.000000
2367.000000
2808.000000
2111.000000
2518.000000
2642.000000
2141.000000
2336.000000
2644.000000
2036.000000
2719.000000
2245.000000
2524.000000
2245.000000
2721.000000
2498.000000
2607.000000
2050.000000
2062.000000
2141.000000
2791.000000
2055.000000
2237.000000
2863.000000
2414.000000
2733.000000
2974.000000
2875.000000
2291.000000
2871.000000
2463.000000
2590.000000
2486.000000
2467.000000
2899.000000
2540.000000
2793.000000
2147.000000
2887.000000
2209.000000
2379.000000
2353.000000
2237.000000
2942.000000
2207.000000
2356.000000
2171.000000
2683.000000
2471.000000
2974.000000
2159.000000
2789.000000
2092.000000
2275.000000
2623.000000
2174.000000
2003.000000
2319.000000
2786.000000
2559.000000
2359.000000
2938.000000
2338.000000
2175.000000
2533.000000
2735.000000
2461.000000
2258.000000
2264.000000
2730.000000
2290.000000
2241.000000
2906.000000
2334.000000
2990.000000
2309.000000
2613.000000
2664.000000
2736.000000
2451.000000
2069.000000
2162.000000
2106.000000
2500.000000
2086.000000
2033.000000
2775.000000
2494.000000
2146.000000
2110.000000
2844.000000
2400.000000
2332.000000
2307.000000
2095.000000
2297.000000
2545.993730
2675.994651
2471.998356
2942.996045
2467.936147
2268.893129
2989.000000
2284.000000
2788.000000
2630.000000
2615.000000
2336.000000
2719.000000
2960.000000
2213.000000
2466.000000
2032.000000
2595.000000
2529.000000
2591.000000
2124.000000
2489.000000
2392.000000
2313.000000
2648.000000
2782.000000
2066.000000
2123.000000
2310.000000
2263.000000
2169.000000
2878.000000
2604.000000
2597.000000
2427.000000
2162.000000
2234.000000
2547.000000
2827.000000
2076.000000
2246.000000
2552.000000
2693.000000
2944.000000
2084.000000
2945.000000
2096.000000
2363.000000
2392.000000
2025.000000
2671.000000
2194.000000
2285.000000
2151.000000
2212.000000
2930.000000
2606.000000
2164.000000
2946.000000
2992.000000
2230.000000
2590.000000
2003.000000
2284.000000
2441.000000
2720.000000
2662.000000
2816.000000
2357.000000
2560.000000
2964.000000
2231.000000
2154.000000
2869.000000
2941.000000
2081.000000
2890.000000
2039.000000
2739.000000
2338.000000
2015.000000
2568.000000
2196.000000
2923.000000
2322.000000
2716.000000
2392.000000
2378.000000
2530.000000
2736.000000
2342.000000
2052.000000
2700.000000
2206.000000
2209.000000
2147.000000
2648.000000
2390.000000
2252.000000
2481.000000
2200.000000
2848.000000
2739.000000
2045.000000
2913.000000
2367.000000
2808.000000
2111.000000
2518.000000
2642.000000
2141.000000
2336.000000
2644.000000
2036.000000
2719.000000
2245.000000
2524.000000
2245.000000
2721.000000
2498.000000
2607.000000
2050.000000
2062.000000
2141.000000
2791.000000
2055.000000
2237.000000
2863.000000
2414.000000
2733.000000
2974.000000
2875.000000
2291.000000
2871.000000
2463.000000
2590.000000
2486.000000
2467.000000
2899.000000
2540.000000
2793.000000
2147.000000
2887.000000
2209.000000
2379.000000
2353.000000
2237.000000
2942.000000
2207.000000
2356.000000
2171.000000
2683.000000
2471.000000
2974.000000
2159.000000
2789.000000
2092.000000
2275.000000
2623.000000
2174.000000
2003.000000
2319.000000
2786.000000
2559.000000
2359.000000
2938.000000
2338.000000
2175.000000
2533.000000
2735.000000
2461.000000
2258.000000
2264.000000
2730.000000
2290.000000
2241.000000
2906.000000
2334.000000
2990.000000
2309.000000
2613.000000
2664.000000
2736.000000
2451.000000
2069.000000
2162.000000
2106.000000
2500.000000
2086.000000
2033.000000
2775.000000
2494.000000
2146.000000
2110.000000
2844.000000
2400.000000
2332.000000
2307.000000
2095.000000
2297.000000
2545.989550
2675.991085
2471.997260
2942.993409
2467.893348
2268.821520
2989.000000
2284.000000
2788.000000
2630.000000
2615.000000
2336.000000
2719.000000
2960.000000
2213.000000
2466.000000
2032.000000
2595.000000
2529.000000
2591.000000
2124.000000
2489.000000
2392.000000
2313.000000
2648.000000
2782.000000
2066.000000
2123.000000
2310.000000
2263.000000
2169.000000
2878.000000
2604.000000
2597.000000
2427.000000
2162.000000
2234.000000
2547.000000
2827.000000
2076.000000
2246.000000
2552.000000
2693.000000
2944.000000
2084.000000
2945.000000
2096.000000
2363.000000
2392.000000
2025.000000
2671.000000
2194.000000
2285.000000
2151.000000
2212.000000
2930.000000
2606.000000
2164.000000
2946.000000
2992.000000
2230.000000
2590.000000
2003.000000
2284.000000
2441.000000
2720.000000
2662.000000
2816.000000
2357.000000
2560.000000
2964.000000
2231.000000
2154.000000
2869.000000
2941.000000
2081.000000
2890.000000
2039.000000
2739.000000
2338.000000
2015.000000
2568.000000
2196.000000
2923.000000
2322.000000
2716.000000
2392.000000
2378.000000
2530.000000
2736.000000
2342.000000
2052.000000
2700.000000
2206.000000
2209.000000
2147.000000
2648.000000
2390.000000
2252.000000
2481.000000
2200.000000
2848.000000
2739.000000
2045.000000
2913.000000
2367.000000
2808.000000
2111.000000
2518.000000
2642.000000
2141.000000
2336.000000
2644.000000
2036.000000
2719.000000
2245.000000
2524.000000
2245.000000
2721.000000
2498.000000
2607.000000
2050.000000
2062.000000
2141.000000
2791.000000
2055.000000
2237.000000
2863.000000
2414.000000
2733.000000
2974.000000
2875.000000
2291.000000
2871.000000
2463.000000
2590.000000
2486.000000
2467.000000
2899.000000
2540.000000
2793.000000
2147.000000
2887.000000
2209.000000
2379.000000
2353.000000
2237.000000
2942.000000
2207.000000
2356.000000
2171.000000
2683.000000
2471.000000
2974.000000
2159.000000
2789.000000
2092.000000
2275.000000
2623.000000
2174.000000
2003.000000
2319.000000
2786.000000
2559.000000
2359.000000
2938.000000
2338.000000
2175.000000
2533.000000
2735.000000
2461.000000
2258.000000
2264.000000
2730.000000
2290.000000
2241.000000
2906.000000
2334.000000
2990.000000
2309.000000
2613.000000
2664.000000
2736.000000
2451.000000
2069.000000
2162.000000
2106.000000
2500.000000
2086.000000
2033.000000
2775.000000
2494.000000
2146.000000
2110.000000
2844.000000
2400.000000
2332.000000
2307.000000
2095.000000
2297.000000
2545.984324
2675.986627
2471.995890
2942.990113
2467.839586
2268.731594
2989.000000
2284.000000
2788.000000
2630.000000
2615.000000
2336.000000
2719.000000
2960.000000
2213.000000
2466.000000
2032.000000
2595.000000
2529.000000
2591.000000
2124.000000
2489.000000
2392.000000
2313.000000
2648.000000
2782.000000
2066.000000
2123.000000
2310.000000
2263.000000
2169.000000
2878.000000
2604.000000
2597.000000
2427.000000
2162.000000
2234.000000
2547.000000
2827.000000
2076.000000
2246.000000
2552.000000
2693.000000
2944.000000
2084.000000
2945.000000
2096.000000
2363.000000
2392.000000
2025.000000
2671.000000
2194.000000
2285.000000
2151.000000
2212.000000
2930.000000
2606.000000
2164.000000
2946.000000
2992.000000
2230.000000
2590.000000
2003.000000
2284.000000
2441.000000
2720.000000
2662.000000
2816.000000
2357.000000
2560.000000
2964.000000
2231.000000
2154.000000
2869.000000
2941.000000
2081.000000
2890.000000
2039.000000
2739.000000
2338.000000
2015.000000
2568.000000
2196.000000
2923.000000
2322.000000
2716.000000
2392.000000
2378.000000
2530.000000
2736.000000
2342.000000
2052.000000
2700.000000
2206.000000
2209.000000
2147.000000
2648.000000
2390.000000
2252.000000
2481.000000
2200.000000
2848.000000
2739.000000
2045.000000
2913.000000
2367.000000
2808.000000
2111.000000
2518.000000
2642.000000
2141.000000
2336.000000
2644.000000
2036.000000
2719.000000
2245.000000
2524.000000
2245.000000
2721.000000
2498.000000
2607.000000
2050.000000
2062.000000
2141.000000
2791.000000
2055.000000
2237.000000
2863.000000
2414.000000
2733.000000
2974.000000
2875.000000
2291.000000
2871.000000
2463.000000
2590.000000
2486.000000
2467.000000
2899.000000
2540.000000
2793.000000
2147.000000
2887.000000
2209.000000
2379.000000
2353.000000
2237.000000
2942.000000
2207.000000
2356.000000
2171.000000
2683.000000
2471.000000
2974.000000
2159.000000
2789.000000
2092.000000
2275.000000
2623.000000
2174.000000
2003.000000
2319.000000
2786.000000
2559.000000
2359.000000
2938.000000
2338.000000
2175.000000
2533.000000
2735.000000
2461.000000
2258.000000
2264.000000
2730.000000
2290.000000
2241.000000
2906.000000
2334.000000
2990.000000
2309.000000
2613.000000
2664.000000
2736.000000
2451.000000
2069.000000
2162.000000
2106.000000
2500.000000
2086.000000
2033.000000
2775.000000
2494.000000
2146.000000
2110.000000
2844.000000
2400.000000
2332.000000
2307.000000
2095.000000
2297.000000
2545.978053
2675.981276
2471.994246
2942.986158
2467.774677
2268.623063
2989.000000
2284.000000
2788.000000
2630.000000
2615.000000
2336.000000
2719.000000
2960.000000
2213.000000
2466.000000
2032.000000
2595.000000
2529.000000
2591.000000
2124.000000
2489.000000
2392.000000
2313.000000
2648.000000
2782.000000
2066.000000
2123.000000
2310.000000
2263.000000
2169.000000
2878.000000
2604.000000
2597.000000
2427.000000
2162.000000
2234.000000
2547.000000
2827.000000
2076.000000
2246.000000
2552.000000
2693.000000
2944.000000
2084.000000
2945.000000
2096.000000
2363.000000
2392.000000
2025.000000
2671.000000
2194.000000
2285.000000
2151.000000
2212.000000
2930.000000
2606.000000
2164.000000
2946.000000
2992.000000
2230.000000
2590.000000
2003.000000
2284.000000
2441.000000
2720.000000
2662.000000
2816.000000
2357.000000
2560.000000
2964.000000
2231.000000
2154.000000
2869.000000
2941.000000
2081.000000
2890.000000
2039.000000
2739.000000
2338.000000
2015.000000
2568.000000
2196.000000
2923.000000
2322.000000
2716.000000
2392.000000
2378.000000
2530.000000
2736.000000
2342.000000
2052.000000
2700.000000
2206.000000
2209.000000
2147.000000
2648.000000
2390.000000
2252.000000
2481.000000
2200.000000
2848.000000
2739.000000
2045.000000
2913.000000
2367.000000
2808.000000
2111.000000
2518.000000
2642.000000
2141.000000
2336.000000
2644.000000
2036.000000
2719.000000
2245.000000
2524.000000
2245.000000
2721.000000
2498.000000
2607.000000
2050.000000
2062.000000
2141.000000
2791.000000
2055.000000
2237.000000
2863.000000
2414.000000
2733.000000
2974.000000
2875.000000
2291.000000
2871.000000
2463.000000
2590.000000
2486.000000
2467.000000
2899.000000
2540.000000
2793.000000
2147.000000
2887.000000
2209.000000
2379.000000
2353.000000
2237.000000
2942.000000
2207.000000
2356.000000
2171.000000
2683.000000
2471.000000
2974.000000
2159.000000
2789.000000
2092.000000
2275.000000
2623.000000
2174.000000
2003.000000
2319.000000
2786.000000
2559.000000
2359.000000
2938.000000
2338.000000
2175.000000
2533.000000
2735.000000
2461.000000
2258.000000
2264.000000
2730.000000
2290.000000
2241.000000
2906.000000
2334.000000
2990.000000
2309.000000
2613.000000
2664.000000
2736.000000
2451.000000
2069.000000
2162.000000
2106.000000
2500.000000
2086.000000
2033.000000
2775.000000
2494.000000
2146.000000
2110.000000
2844.000000
2400.000000
2332.000000
2307.000000
2095.000000
2297.000000
2545.970737
2675.975032
2471.992327
2942.981544
2467.698396
2268.495572
2989.000000
2284.000000
2788.000000
2630.000000
2615.000000
2336.000000
2719.000000
2960.000000
2213.000000
2466.000000
2032.000000
2595.000000
2529.000000
2591.000000
2124.000000
2489.000000
2392.000000
2313.000000
2648.000000
2782.000000
2066.000000
2123.000000
2310.000000
2263.000000
2169.000000
2878.000000
2604.000000
2597.000000
2427.000000
2162.000000
2234.000000
2547.000000
2827.000000
2076.000000
2246.000000
2552.000000
2693.000000
2944.000000
2084.000000
2945.000000
2096.000000
2363.000000
2392.000000
2025.000000
2671.000000
2194.000000
2285.000000
2151.000000
2212.000000
2930.000000
2606.000000
2164.000000
2946.000000
2992.000000
2230.000000
2590.000000
2003.000000
2284.000000
2441.000000
2720.000000
2662.000000
2816.000000
2357.000000
2560.000000
2964.000000
2231.000000
2154.000000
2869.000000
2941.000000
2081.000000
2890.000000
2039.000000
2739.000000
2338.000000
2015.000000
2568.000000
2196.000000
2923.000000
2322.000000
2716.000000
2392.000000
2378.000000
2530.000000
2736.000000
2342.000000
2052.000000
2700.000000
2206.000000
2209.000000
2147.000000
2648.000000
2390.000000
2252.000000
2481.000000
2200.000000
2848.000000
2739.000000
2045.000000
2913.000000
2367.000000
2808.000000
2111.000000
2518.000000
2642.000000
2141.000000
2336.000000
2644.000000
2036.000000
2719.000000
2245.000000
2524.000000
2245.000000
2721.000000
2498.000000
2607.000000
2050.000000
2062.000000
2141.000000
2791.000000
2055.000000
2237.000000
2863.000000
2414.000000
2733.000000
2974.000000
2875.000000
2291.000000
2871.000000
2463.000000
2590.000000
2486.000000
2467.000000
2899.000000
2540.000000
2793.000000
2147.000000
2887.000000
2209.000000
2379.000000
2353.000000
2237.000000
2942.000000
2207.000000
2356.000000
2171.000000
2683.000000
2471.000000
2974.000000
2159.000000
2789.000000
2092.000000
2275.000000
2623.000000
2174.000000
2003.000000
2319.000000
2786.000000
2559.000000
2359.000000
2938.000000
2338.000000
2175.000000
2533.000000
2735.000000
2461.000000
2258.000000
2264.000000
2730.000000
2290.000000
2241.000000
2906.000000
2334.000000
2990.000000
2309.000000
2613.000000
2664.000000
2736.000000
2451.000000
2069.000000
2162.000000
2106.000000
2500.000000
2086.000000
2033.000000
2775.000000
2494.000000
2146.000000
2110.000000
2844.000000
2400.000000
2332.000000
2307.000000
2095.000000
2297.000000
2545.962374
2675.967895
2471.990135
2942.976270
2467.610466
2268.348689
2989.000000
2284.000000
2788.000000
2630.000000
2615.000000
2336.000000
2719.000000
2960.000000
2213.000000
2466.000000
2032.000000
2595.000000
2529.000000
2591.000000
2124.000000
2489.000000
2392.000000
2313.000000
2648.000000
2782.000000
2066.000000
2123.000000
2310.000000
2263.000000
2169.000000
2878.000000
2604.000000
2597.000000
2427.000000
2162.000000
2234.000000
2547.000000
2827.000000
2076.000000
2246.000000
2552.000000
2693.000000
2944.000000
2084.000000
2945.000000
2096.000000
2363.000000
2392.000000
2025.000000
2671.000000
2194.000000
2285.000000
2151.000000
2212.000000
2930.000000
2606.000000
2164.000000
2946.000000
2992.000000
2230.000000
2590.000000
2003.000000
2284.000000
2441.000000
2720.000000
2662.000000
2816.000000
2357.000000
2560.000000
2964.000000
2231.000000
2154.000000
2869.000000
2941.000000
2081.000000
2890.000000
2039.000000
2739.000000
2338.000000
2015.000000
2568.000000
2196.000000
2923.000000
2322.000000
2716.000000
2392.000000
2378.000000
2530.000000
2736.000000
2342.000000
2052.000000
2700.000000
2206.000000
2209.000000
2147.000000
2648.000000
2390.000000
2252.000000
2481.000000
2200.000000
2848.000000
2739.000000
2045.000000
2913.000000
2367.000000
2808.000000
2111.000000
2518.000000
2642.000000
2141.000000
2336.000000
2644.000000
2036.000000
2719.000000
2245.000000
2524.000000
2245.000000
2721.000000
2498.000000
2607.000000
2050.000000
2062.000000
2141.000000
2791.000000
2055.000000
2237.000000
2863.000000
2414.000000
2733.000000
2974.000000
2875.000000
2291.000000
2871.000000
2463.000000
2590.000000
2486.000000
2467.000000
2899.000000
2540.000000
2793.000000
2147.000000
2887.000000
2209.000000
2379.000000
2353.000000
2237.000000
2942.000000
2207.000000
2356.000000
2171.000000
2683.000000
2471.000000
2974.000000
2159.000000
2789.000000
2092.000000
2275.000000
2623.000000
2174.000000
2003.000000
2319.000000
2786.000000
2559.000000
2359.000000
2938.000000
2338.000000
2175.000000
2533.000000
2735.000000
2461.000000
2258.000000
2264.000000
2730.000000
2290.000000
2241.000000
2906.000000
2334.000000
2990.000000
2309.000000
2613.000000
2664.000000
2736.000000
2451.000000
2069.000000
2162.000000
2106.000000
2500.000000
2086.000000
2033.000000
2775.000000
2494.000000
2146.000000
2110.000000
2844.000000
2400.000000
2332.000000
2307.000000
2095.000000
2297.000000
2545.952966
2675.959864
2471.987669
2942.970338
2467.510557
2268.181896
2989.000000
2284.000000
2788.000000
2630.000000
2615.000000
2336.000000
2719.000000
2960.000000
2213.000000
2466.000000
2032.000000
2595.000000
2529.000000
2591.000000
2124.000000
2489.000000
2392.000000
2313.000000
2648.000000
2782.000000
2066.000000
2123.000000
2310.000000
2263.000000
2169.000000
2878.000000
2604.000000
2597.000000
2427.000000
2162.000000
2234.000000
2547.000000
2827.000000
2076.000000
2246.000000
2552.000000
2693.000000
2944.000000
2084.000000
2945.000000
2096.000000
2363.000000
2392.000000
2025.000000
2671.000000
2194.000000
2285.000000
2151.000000
2212.000000
2930.000000
2606.000000
2164.000000
2946.000000
2992.000000
2230.000000
2590.000000
2003.000000
2284.000000
2441.000000
2720.000000
2662.000000
2816.000000
2357.000000
2560.000000
2964.000000
2231.000000
2154.000000
2869.000000
2941.000000
2081.000000
2890.000000
2039.000000
2739.000000
2338.000000
2015.000000
2568.000000
2196.000000
2923.000000
2322.000000
2716.000000
2392.000000
2378.000000
2530.000000
2736.000000
2342.000000
2052.000000
2700.000000
2206.000000
2209.000000
2147.000000
2648.000000
2390.000000
2252.000000
2481.000000
2200.000000
2848.000000
2739.000000
2045.000000
2913.000000
2367.000000
2808.000000
2111.000000
2518.000000
2642.000000
2141.000000
2336.000000
2644.000000
2036.000000
2719.000000
2245.000000
2524.000000
2245.000000
2721.000000
2498.000000
2607.000000
2050.000000
2062.000000
2141.000000
2791.000000
2055.000000
2237.000000
2863.000000
2414.000000
2733.000000
2974.000000
2875.000000
2291.000000
2871.000000
2463.000000
2590.000000
2486.000000
2467.000000
2899.000000
2540.000000
2793.000000
2147.000000
2887.000000
2209.000000
2379.000000
2353.000000
2237.000000
2942.000000
2207.000000
2356.000000
2171.000000
2683.000000
2471.000000
2974.000000
2159.000000
2789.000000
2092.000000
2275.000000
2623.000000
2174.000000
2003.000000
2319.000000
2786.000000
2559.000000
2359.000000
2938.000000
2338.000000
2175.000000
2533.000000
2735.000000
2461.000000
2258.000000
2264.000000
2730.000000
2290.000000
2241.000000
2906.000000
2334.000000
2990.000000
2309.000000
2613.000000
2664.000000
2736.000000
2451.000000
2069.000000
2162.000000
2106.000000
2500.000000
2086.000000
2033.000000
2775.000000
2494.000000
2146.000000
2110.000000
2844.000000
2400.000000
2332.000000
2307.000000
2095.000000
2297.000000
2545.942511
2675.950938
2471.984929
2942.963746
2467.398276
2267.994581
2989.000000
2284.000000
2788.000000
2630.000000
2615.000000
2336.000000
2719.000000
2960.000000
2213.000000
2466.000000
2032.000000
2595.000000
2529.000000
2591.000000
2124.000000
2489.000000
2392.000000
2313.000000
2648.000000
2782.000000
2066.000000
2123.000000
2310.000000
2263.000000
2169.000000
2878.000000
2604.000000
2597.000000
2427.000000
2162.000000
2234.000000
2547.000000
2827.000000
2076.000000
2246.000000
2552.000000
2693.000000
2944.000000
2084.000000
2945.000000
2096.000000
2363.000000
2392.000000
2025.000000
2671.000000
2194.000000
2285.000000
2151.000000
2212.000000
2930.000000
2606.000000
2164.000000
2946.000000
2992.000000
2230.000000
2590.000000
2003.000000
2284.000000
2441.000000
2720.000000
2662.000000
2816.000000
2357.000000
2560.000000
2964.000000
2231.000000
2154.000000
2869.000000
2941.000000
2081.000000
2890.000000
2039.000000
2739.000000
2338.000000
2015.000000
2568.000000
2196.000000
2923.000000
2322.000000
2716.000000
2392.000000
2378.000000
2530.000000
2736.000000
2342.000000
2052.000000
2700.000000
2206.000000
2209.000000
2147.000000
2648.000000
2390.000000
2252.000000
2481.000000
2200.000000
2848.000000
2739.000000
2045.000000
2913.000000
2367.000000
2808.000000
2111.000000
2518.000000
2642.000000
2141.000000
2336.000000
2644.000000
2036.000000
2719.000000
2245.000000
2524.000000
2245.000000
2721.000000
2498.000000
2607.000000
2050.000000
2062.000000
2141.000000
2791.000000
2055.000000
2237.000000
2863.000000
2414.000000
2733.000000
2974.000000
2875.000000
2291.000000
2871.000000
2463.000000
2590.000000
2486.000000
2467.000000
2899.000000
2540.000000
2793.000000
2147.000000
2887.000000
2209.000000
2379.000000
2353.000000
2237.000000
2942.000000
2207.000000
2356.000000
2171.000000
2683.000000
2471.000000
2974.000000
2159.000000
2789.000000
2092.000000
2275.000000
2623.000000
2174.000000
2003.000000
2319.000000
2786.000000
2559.000000
2359.000000
2938.000000
2338.000000
2175.000000
2533.000000
2735.000000
2461.000000
2258.000000
2264.000000
2730.000000
2290.000000
2241.000000
2906.000000
2334.000000
2990.000000
2309.000000
2613.000000
2664.000000
2736.000000
2451.000000
2069.000000
2162.000000
2106.000000
2500.000000
2086.000000
2033.000000
2775.000000
2494.000000
2146.000000
2110.000000
2844.000000
2400.000000
2332.000000
2307.000000
2095.000000
2297.000000
