2385.000047
2978.000054
2406.000067
2677.000100
2170.000136
2374.000345
2829.000105
2959.000142
2750.000118
2825.000154
2598.000050
2037.000043
2293.000115
2115.000121
2774.000079
2236.000080
2137.000147
2274.000369
2946.000056
2095.000033
2385.000140
2978.000162
2406.000200
2677.000301
2170.000408
2374.001035
2829.000316
2959.000427
2750.000353
2825.000463
2598.000151
2037.000129
2293.000344
2115.000363
2774.000238
2236.000241
2137.000442
2274.001108
2946.000168
2095.000099
2385.000281
2978.000324
2406.000399
2677.000602
2170.000816
2374.002070
2829.000631
2959.000854
2750.000706
2825.000926
2598.000301
2037.000258
2293.000687
2115.000725
2774.000475
2236.000482
2137.000884
2274.002216
2946.000336
2095.000198
2385.000468
2978.000540
2406.000665
2677.001003
2170.001361
2374.003449
2829.001052
2959.001424
2750.001177
2825.001543
2598.000502
2037.000430
2293.001145
2115.001209
2774.000792
2236.000803
2137.001474
2274.003693
2946.000561
2095.000330
2385.000701
2978.000810
2406.000998
2677.001504
2170.002041
2374.005174
2829.001578
2959.002136
2750.001765
2825.002315
2598.000753
2037.000646
2293.001718
2115.001813
2774.001189
2236.001204
2137.002210
2274.005539
2946.000841
2095.000494
2385.000982
2978.001133
2406.001397
2677.002106
2170.002857
2374.007244
2829.002209
2959.002991
2750.002471
2825.003241
2598.001054
2037.000904
2293.002405
2115.002538
2774.001664
2236.001686
2137.003094
2274.007755
2946.001177
2095.000692
2385.001309
2978.001511
2406.001862
2677.002808
2170.003810
2374.009658
2829.002946
2959.003987
2750.003294
2825.004321
2598.001405
2037.001205
2293.003206
2115.003385
2774.002219
2236.002248
2137.004126
2274.010339
2946.001569
2095.000923
2385.001683
2978.001943
2406.002394
2677.003610
2170.004899
2374.012418
2829.003788
2959.005127
2750.004236
2825.005556
2598.001807
2037.001549
2293.004122
2115.004352
2774.002852
2236.002890
2137.005305
2274.013293
2946.002018
2095.001187
2385.002104
2978.002429
2406.002993
2677.004513
2170.006123
2374.015522
2829.004734
2959.006408
2750.005294
2825.006944
2598.002259
2037.001937
2293.005153
2115.005439
2774.003566
2236.003612
2137.006631
2274.016617
2946.002522
2095.001483
2385.002571
2978.002969
2406.003658
2677.005516
2170.007484
2374.018972
2829.005787
2959.007832
2750.006471
2825.008488
2598.002760
2037.002367
2293.006298
2115.006648
2774.004358
2236.004415
2137.008104
2274.020309
2946.003083
2095.001813
2385.003086
2978.003562
2406.004389
2677.006619
2170.008981
2374.022766
2829.006944
2959.009399
2750.007765
2825.010185
2598.003313
2037.002840
2293.007557
2115.007978
2774.005230
2236.005298
2137.009725
2274.024371
2946.003699
2095.002176
2385.003647
2978.004210
2406.005188
2677.007822
2170.010614
2374.026906
2829.008206
2959.011108
2750.009177
2825.012037
2598.003915
2037.003357
2293.008932
2115.009428
2774.006180
2236.006261
2137.011494
2274.028803
2946.004372
2095.002571
2385.004255
2978.004912
2406.006052
2677.009126
2170.012382
2374.031390
2829.009574
2959.012959
2750.010707
2825.014043
2598.004567
2037.003916
2293.010420
2115.011000
2774.007210
2236.007305
2137.013409
2274.033603
2946.005101
2095.003000
2385.004909
2978.005667
2406.006983
2677.010530
2170.014287
2374.036219
2829.011047
2959.014953
2750.012354
2825.016204
2598.005270
2037.004519
2293.012023
2115.012692
2774.008320
2236.008429
2137.015472
2274.038773
2946.005885
2095.003461
2385.005610
2978.006477
2406.007981
2677.012034
2170.016329
2374.041394
2829.012625
2959.017089
2750.014119
2825.018518
2598.006023
2037.005164
2293.013741
2115.014505
2774.009508
2236.009633
2137.017683
2274.044312
2946.006726
2095.003956
2385.006358
2978.007340
2406.009045
2677.013638
2170.018506
2374.046913
2829.014309
2959.019368
2750.016001
2825.020988
2598.006826
2037.005853
2293.015573
2115.016439
2774.010776
2236.010917
2137.020040
2274.050220
2946.007623
2095.004483
2385.007153
2978.008258
2406.010176
2677.015343
2170.020819
2374.052777
2829.016097
2959.021788
2750.018001
2825.023611
2598.007679
2037.006584
2293.017519
2115.018494
2774.012123
2236.012282
2137.022545
2274.056498
2946.008576
2095.005044
2385.007995
2978.009229
2406.011373
2677.017148
2170.023268
2374.058986
2829.017991
2959.024352
2750.020119
2825.026389
2598.008582
2037.007359
2293.019580
2115.020670
2774.013549
2236.013727
2137.025198
2274.063145
2946.009585
2095.005637
2385.008883
2978.010255
2406.012636
2677.019054
2170.025854
2374.065540
2829.019990
2959.027058
2750.022355
2825.029321
2598.009536
2037.008176
2293.021756
2115.022966
2774.015055
2236.015252
2137.027997
2274.070161
2946.010650
2095.006264
2385.009818
2978.011334
2406.013967
2677.021059
2170.028575
2374.072439
2829.022094
2959.029906
2750.024708
2825.032407
2598.010540
2037.009037
2293.024046
2115.025384
2774.016639
2236.016857
2137.030945
2274.077546
2946.011771
2095.006923
2385.010800
2978.012468
2406.015363
2677.023165
2170.031433
2374.079683
2829.024303
2959.032896
2750.027178
2825.035648
2598.011594
2037.009941
2293.026450
2115.027922
2774.018303
2236.018543
2137.034039
2274.085301
2946.012948
2095.007615
2385.011829
2978.013655
2406.016827
2677.025372
2170.034426
2374.087272
2829.026618
2959.036029
2750.029767
2825.039043
2598.012698
2037.010888
2293.028969
2115.030581
2774.020047
2236.020309
2137.037281
2274.093425
2946.014181
2095.008341
2385.012904
2978.014897
2406.018356
2677.027678
2170.037556
2374.095206
2829.029038
2959.039305
2750.032473
2825.042593
2598.013852
2037.011877
2293.031602
2115.033362
2774.021869
2236.022155
2137.040670
2274.101919
2946.015470
2095.009099
2385.014026
2978.016192
2406.019953
2677.030085
2170.040822
2374.103485
2829.031563
2959.042723
2750.035297
2825.046296
2598.015057
2037.012910
2293.034350
2115.036262
2774.023771
2236.024082
2137.044207
2274.110781
2946.016815
2095.009890
2385.015195
2978.017541
2406.021615
2677.032592
2170.044224
2374.112109
2829.034193
2959.046283
2750.038238
2825.050154
2598.016311
2037.013986
2293.037213
2115.039284
2774.025751
2236.026088
2137.047891
2274.120013
2946.018217
2095.010714
2385.016410
2978.018945
2406.023345
2677.035200
2170.047762
2374.121078
2829.036929
2959.049986
2750.041297
2825.054167
2598.017616
2037.015105
2293.040189
2115.042427
2774.027812
2236.028175
2137.051722
2274.129615
2946.019674
2095.011571
2385.017673
2978.020402
2406.025140
2677.037907
2170.051436
2374.130393
2829.039769
2959.053831
2750.044474
2825.058333
2598.018971
2037.016267
2293.043281
2115.045690
2774.029951
2236.030343
2137.055701
2274.139585
2946.021187
2095.012461
2385.018982
2978.021913
2406.027003
2677.040715
2170.055246
2374.140052
2829.042715
2959.057818
2750.047768
2825.062654
2598.020377
2037.017472
2293.046486
2115.049075
2774.032169
2236.032590
2137.059827
2274.149925
2946.022757
2095.013384
2385.020338
2978.023478
2406.028931
2677.043624
2170.059192
2374.150056
2829.045766
2959.061948
2750.051180
2825.067130
2598.021832
2037.018720
2293.049806
2115.052580
2774.034467
2236.034918
2137.064100
2274.160635
2946.024382
2095.014341
2385.021740
2978.025098
2406.030927
2677.046632
2170.063274
2374.160405
2829.048923
2959.066221
2750.054710
2825.071759
2598.023338
2037.020011
2293.053241
2115.056206
2774.036844
2236.037326
2137.068521
2274.171713
2946.026064
2095.015330
2385.023190
2978.026771
2406.032989
2677.049741
2170.067493
2374.171099
2829.052184
2959.070635
2750.058357
2825.076544
2598.024893
2037.021345
2293.056790
2115.059953
2774.039300
2236.039815
2137.073089
2274.183162
2946.027801
2095.016351
2385.024686
2978.028498
2406.035117
2677.052951
2170.071847
2374.182138
2829.055551
2959.075192
2750.062122
2825.081482
2598.026499
2037.022722
2293.060453
2115.063821
2774.041836
2236.042384
2137.077804
2274.194979
2946.029595
2095.017406
2385.026229
2978.030279
2406.037312
2677.056260
2170.076338
2374.193522
2829.059023
2959.079892
2750.066005
2825.086575
2598.028156
2037.024142
2293.064231
2115.067809
2774.044451
2236.045033
2137.082667
2274.207166
2946.031445
2095.018494
2385.027818
2978.032114
2406.039573
2677.059670
2170.080965
2374.205251
2829.062600
2959.084734
2750.070005
2825.091822
2598.029862
2037.025605
2293.068124
2115.071919
2774.047144
2236.047762
2137.087678
2274.219722
2946.033350
2095.019615
2385.029455
2978.034004
2406.041901
2677.063180
2170.085727
2374.217325
2829.066283
2959.089719
2750.074123
2825.097223
2598.031618
2037.027112
2293.072130
2115.076149
2774.049918
2236.050571
2137.092835
2274.232647
2946.035312
2095.020769
2385.031138
2978.035947
2406.044296
2677.066791
2170.090626
2374.229745
2829.070070
2959.094845
2750.078359
2825.102779
2598.033425
2037.028661
2293.076251
2115.080500
2774.052770
2236.053461
2137.098140
2274.245942
2946.037330
2095.021956
2385.032868
2978.037944
2406.046757
2677.070501
2170.095661
2374.242509
2829.073963
2959.100115
2750.082712
2825.108489
2598.035282
2037.030253
2293.080487
2115.084972
2774.055702
2236.056431
2137.103593
2274.259606
2946.039404
2095.023176
2385.034644
2978.039995
2406.049284
2677.074312
2170.100832
2374.255618
2829.077961
2959.105526
2750.087183
2825.114353
2598.037189
2037.031888
2293.084837
2115.089565
2774.058712
2236.059481
2137.109192
2274.273640
2946.041534
2095.024428
2385.036468
2978.042100
2406.051878
2677.078224
2170.106140
2374.269073
2829.082064
2959.111081
2750.091772
2825.120372
2598.039146
2037.033567
2293.089301
2115.094278
2774.061802
2236.062612
2137.114940
2274.288043
2946.043720
2095.025714
2385.038338
2978.044259
2406.054539
2677.082236
2170.111583
2374.282872
2829.086273
2959.116777
2750.096478
2825.126545
2598.041154
2037.035288
2293.093880
2115.099113
2774.064972
2236.065823
2137.120834
2274.302816
2946.045962
2095.027033
2385.040255
2978.046472
2406.057266
2677.086348
2170.117162
2374.297017
2829.090587
2959.122616
2750.101302
2825.132872
2598.043211
2037.037053
2293.098573
2115.104068
2774.068220
2236.069114
2137.126876
2274.317958
2946.048260
2095.028384
2385.042219
2978.048739
2406.060060
2677.090560
2170.122878
2374.311507
2829.095006
2959.128598
2750.106244
2825.139354
2598.045319
2037.038860
2293.103380
2115.109144
2774.071548
2236.072485
2137.133065
2274.333469
2946.050614
2095.029769
2385.044229
2978.051060
2406.062920
2677.094873
2170.128729
2374.326342
2829.099530
2959.134721
2750.111303
2825.145990
2598.047477
2037.040711
2293.108302
2115.114341
2774.074955
2236.075937
2137.139402
2274.349350
2946.053024
2095.031187
2385.046286
2978.053435
2406.065846
2677.099286
2170.134717
2374.341522
2829.104159
2959.140988
2750.116480
2825.152780
2598.049685
2037.042604
2293.113338
2115.119659
2774.078441
2236.079469
2137.145886
2274.365600
2946.055490
2095.032637
2385.048390
2978.055864
2406.068840
2677.103799
2170.140841
2374.357047
2829.108894
2959.147396
2750.121775
2825.159725
2598.051943
2037.044541
2293.118489
2115.125098
2774.082006
2236.083081
2137.152517
2274.382220
2946.058012
2095.034121
2385.050541
2978.058346
2406.071899
2677.108412
2170.147101
2374.372917
2829.113733
2959.153948
2750.127187
2825.166824
2598.054252
2037.046520
2293.123754
2115.130657
2774.085651
2236.086773
2137.159296
2274.399209
2946.060591
2095.035637
2385.052738
2978.060883
2406.075026
2677.113126
2170.153497
2374.389132
2829.118678
2959.160641
2750.132717
2825.174077
2598.056610
2037.048543
2293.129133
2115.136337
2774.089375
2236.090546
2137.166222
2274.416567
2946.063225
2095.037187
2385.054983
2978.063474
2406.078219
2677.117941
2170.160029
2374.405693
2829.123729
2959.167477
2750.138365
2825.181485
2598.059019
2037.050609
2293.134627
2115.142138
2774.093178
2236.094399
2137.173296
2274.434295
2946.065915
2095.038769
2385.057274
2978.066119
2406.081478
2677.122855
2170.166698
2374.422598
2829.128884
2959.174456
2750.144130
2825.189047
2598.061478
2037.052717
2293.140235
2115.148060
2774.097060
2236.098332
2137.180517
2274.452393
2946.068662
2095.040385
2385.059611
2978.068818
2406.084804
2677.127870
2170.173502
2374.439849
2829.134145
2959.181576
2750.150013
2825.196763
2598.063987
2037.054869
2293.145957
2115.154102
2774.101021
2236.102346
2137.187885
2274.470860
2946.071464
2095.042033
2385.061996
2978.071571
2406.088196
2677.132985
2170.180443
2374.457445
2829.139511
2959.188840
2750.156013
2825.204634
2598.066547
2037.057064
2293.151793
2115.160266
2774.105062
2236.106440
2137.195401
2274.489696
2946.074322
2095.043714
2385.064427
2978.074378
2406.091655
2677.138201
2170.187520
2374.475386
2829.144982
2959.196246
2750.162132
2825.212659
2598.069156
2037.059302
2293.157744
2115.166550
2774.109182
2236.110614
2137.203064
2274.508902
2946.077237
2095.045429
2385.066905
2978.077238
2406.095181
2677.143517
2170.194733
2374.493672
2829.150558
2959.203794
2750.168368
2825.220838
2598.071816
2037.061583
2293.163809
2115.172955
2774.113381
2236.114868
2137.210875
2274.528478
2946.080208
2095.047176
2385.069430
2978.080153
2406.098773
2677.148933
2170.202082
2374.512303
2829.156240
2959.211484
2750.174721
2825.229172
2598.074525
2037.063907
2293.169989
2115.179481
2774.117659
2236.119203
2137.218833
2274.548423
2946.083234
2095.048956
2385.072001
2978.083122
2406.102432
2677.154450
2170.209567
2374.531280
2829.162026
2959.219318
2750.181193
2825.237660
2598.077285
2037.066274
2293.176283
2115.186127
2774.122017
2236.123618
2137.226938
2274.568738
2946.086317
2095.050769
2385.074620
2978.086145
2406.106157
2677.160067
2170.217188
2374.550602
2829.167918
2959.227293
2750.187782
2825.246303
2598.080096
2037.068684
2293.182691
2115.192895
2774.126453
2236.128113
2137.235191
2274.589422
2946.089455
2095.052616
2385.077285
2978.089221
2406.109949
2677.165784
2170.224946
2374.570269
2829.173916
2959.235411
2750.194488
2825.255099
2598.082956
2037.071137
2293.189213
2115.199783
2774.130969
2236.132688
2137.243591
2274.610476
2946.092650
2095.054495
2385.079996
2978.092352
2406.113807
2677.171602
2170.232839
2374.590281
2829.180018
2959.243671
2750.201313
2825.264051
2598.085866
2037.073633
2293.195849
2115.206792
2774.135564
2236.137344
2137.252139
2274.631899
2946.095901
2095.056407
2385.082755
2978.095537
2406.117732
2677.177520
2170.240869
2374.610639
2829.186226
2959.252074
2750.208255
2825.273156
2598.088827
2037.076172
2293.202600
2115.213921
2774.140239
2236.142080
2137.260834
2274.653692
2946.099208
2095.058352
2385.085560
2978.098776
2406.121723
2677.183538
2170.249035
2374.631342
2829.192539
2959.260620
2750.215314
2825.282416
2598.091838
2037.078754
2293.209465
2115.221172
2774.144992
2236.146896
2137.269676
2274.675854
2946.102571
2095.060330
2385.088412
2978.102068
2406.125781
2677.189657
2170.257337
2374.652390
2829.198957
2959.269307
2750.222492
2825.291830
2598.094898
2037.081379
2293.216444
2115.228543
2774.149825
2236.151792
2137.278666
2274.698386
2946.105989
2095.062341
2385.091311
2978.105415
2406.129906
2677.195876
2170.265775
2374.673783
2829.205480
2959.278138
2750.229787
2825.301399
2598.098010
2037.084047
2293.223538
2115.236035
2774.154737
2236.156769
2137.287803
2274.721288
2946.109464
2095.064385
2385.094257
2978.108816
2406.134097
2677.202196
2170.274350
2374.695522
2829.212109
2959.287110
2750.237199
2825.311122
2598.101171
2037.086759
2293.230745
2115.243647
2774.159728
2236.161826
2137.297088
2274.744560
2946.112995
2095.066462
2385.097249
2978.112270
2406.138354
2677.208615
2170.283060
2374.717605
2829.218843
2959.296226
2750.244730
2825.320999
2598.104382
2037.089513
2293.238067
2115.251381
2774.164798
2236.166963
2137.306520
2274.768201
2946.116582
2095.068572
2385.100288
2978.115779
2406.142679
2677.215136
2170.291907
2374.740035
2829.225682
2959.305483
2750.252378
2825.331031
2598.107644
2037.092310
2293.245503
2115.259235
2774.169948
2236.172181
2137.316099
2274.792211
2946.120225
2095.070715
2385.103374
2978.119342
2406.147069
2677.221756
2170.300890
2374.762809
2829.232626
2959.314883
2750.260143
2825.341217
2598.110955
2037.095151
2293.253054
2115.267210
2774.175177
2236.177478
2137.325826
2274.816592
2946.123924
2095.072891
2385.106507
2978.122958
2406.151527
2677.228477
2170.310009
2374.785929
2829.239675
2959.324426
2750.268027
2825.351557
2598.114317
2037.098034
2293.260718
2115.275306
2774.180485
2236.182856
2137.335701
2274.841342
2946.127680
2095.075100
2385.109686
2978.126629
2406.156051
2677.235298
2170.319264
2374.809394
2829.246830
2959.334111
2750.276028
2825.362052
2598.117729
2037.100961
2293.268497
2115.283522
2774.185872
2236.188315
2137.345722
2274.866461
2946.131491
2095.077342
2385.112912
2978.130354
2406.160641
2677.242220
2170.328656
2374.833204
2829.254090
2959.343938
2750.284147
2825.372701
2598.121191
2037.103930
2293.276389
2115.291859
2774.191338
2236.193853
2137.355891
2274.891951
2946.135358
2095.079617
2385.116185
2978.134132
2406.165298
2677.249242
2170.338183
2374.857360
2829.261455
2959.353908
2750.292383
2825.383504
2598.124704
2037.106943
2293.284396
2115.300317
2774.196884
2236.199472
2137.366208
2274.917810
2946.139281
2095.081924
2385.119505
2978.137965
2406.170022
2677.256365
2170.347847
2374.881862
2829.268926
2959.364020
2750.300737
2825.394462
2598.128266
2037.109999
2293.292517
2115.308896
2774.202508
2236.205171
2137.376672
2274.944039
2946.143260
2095.084265
2385.122871
2978.141852
2406.174812
2677.263587
2170.357647
2374.906708
2829.276501
2959.374275
2750.309209
2825.405574
2598.131879
2037.113097
2293.300752
2115.317595
2774.208212
2236.210950
2137.387284
2274.970637
2946.147296
2095.086639
2385.126284
2978.145792
2406.179669
2677.270911
2170.367583
2374.931900
2829.284182
2959.384673
2750.317799
2825.416841
2598.135541
2037.116239
2293.309101
2115.326415
2774.213995
2236.216810
2137.398043
2274.997606
2946.151387
2095.089046
2385.129744
2978.149787
2406.184592
2677.278334
2170.377656
2374.957438
2829.291968
2959.395212
2750.326506
2825.428262
2598.139254
2037.119424
2293.317565
2115.335356
2774.219858
2236.222750
2137.408949
2275.024944
2946.155534
2095.091485
2385.133251
2978.153835
2406.189582
2677.285858
2170.387864
2374.983320
2829.299860
2959.405895
2750.335331
2825.439837
2598.143017
2037.122651
2293.326142
2115.344417
2774.225799
2236.228770
2137.420003
2275.052652
2946.159738
2095.093958
2385.136805
2978.157938
2406.194639
2677.293483
2170.398209
2375.009549
2829.307856
2959.416719
2750.344273
2825.451567
2598.146830
2037.125922
2293.334834
2115.353599
2774.231820
2236.234870
2137.431204
2275.080730
2946.163997
2095.096464
2385.140405
2978.162095
2406.199762
2677.301207
2170.408690
2375.036122
2829.315958
2959.427687
2750.353333
2825.463451
2598.150693
2037.129236
2293.343639
2115.362902
2774.237920
2236.241051
2137.442553
2275.109177
2946.168312
2095.099002
2385.144052
2978.166305
2406.204952
2677.309033
2170.419307
2375.063041
2829.324165
2959.438796
2750.362511
2825.475489
2598.154607
2037.132593
2293.352559
2115.372325
2774.244099
2236.247312
2137.454049
2275.137994
2946.172684
2095.101574
2385.147746
2978.170570
2406.210208
2677.316958
2170.430061
2375.090306
2829.332477
2959.450049
2750.371807
2825.487682
2598.158570
2037.135993
2293.361592
2115.381870
2774.250357
2236.253653
2137.465693
2275.167182
2946.177111
2095.104178
2385.151486
2978.174889
2406.215531
2677.324984
2170.440951
2375.117916
2829.340895
2959.461443
2750.381220
2825.500029
2598.162584
2037.139436
2293.370740
2115.391534
2774.256694
2236.260074
2137.477484
2275.196739
2946.181595
2095.106816
2385.155273
2978.179261
2406.220920
2677.333111
2170.451976
2375.145872
2829.349418
2959.472980
2750.390751
2825.512531
2598.166648
2037.142922
2293.380002
2115.401320
2774.263111
2236.266576
2137.489422
2275.226666
2946.186134
2095.109487
2385.159107
2978.183688
2406.226376
2677.341338
2170.463139
2375.174173
2829.358046
2959.484660
2750.400400
2825.525187
2598.170762
2037.146451
2293.389377
2115.411226
2774.269607
2236.273158
2137.501508
2275.256963
2946.190730
2095.112190
2385.162988
2978.188169
2406.231899
2677.349665
2170.474437
2375.202820
2829.366779
2959.496482
2750.410166
2825.537997
2598.174926
2037.150023
2293.398867
2115.421253
2774.276182
2236.279820
2137.513742
2275.287629
2946.195381
2095.114926
2385.166916
2978.192703
2406.237488
2677.358093
2170.485872
2375.231812
2829.375618
2959.508447
2750.420050
2825.550962
2598.179140
2037.153639
2293.408471
2115.431401
2774.282836
2236.286562
2137.526122
2275.318666
2946.200089
2095.117696
2385.170890
2978.197292
2406.243144
2677.366621
2170.497442
2375.261150
2829.384561
2959.520554
2750.430052
2825.564081
2598.183404
2037.157297
2293.418188
2115.441669
2774.289569
2236.293385
2137.538651
2275.350073
2946.204853
2095.120498
2385.174911
2978.201935
2406.248867
2677.375249
2170.509149
2375.290833
2829.393610
2959.532803
2750.440171
2825.577354
2598.187719
2037.160998
2293.428020
2115.452058
2774.296381
2236.300288
2137.551327
2275.381849
2946.209672
2095.123334
2385.178979
2978.206631
2406.254656
2677.383978
2170.520993
2375.320862
2829.402765
2959.545196
2750.450408
2825.590782
2598.192083
2037.164743
2293.437965
2115.462567
2774.303273
2236.307271
2137.564150
2275.413996
2946.214548
2095.126202
2385.183094
2978.211382
2406.260512
2677.392808
2170.532972
2375.351237
2829.412024
2959.557730
2750.460763
2825.604364
2598.196498
2037.168530
2293.448025
2115.473197
2774.310244
2236.314335
2137.577121
2275.446512
2946.219480
2095.129103
2385.187255
2978.216187
2406.266434
2677.401738
2170.545088
2375.381957
2829.421389
2959.570407
2750.471236
2825.618101
2598.200963
2037.172360
2293.458198
2115.483948
2774.317294
2236.321478
2137.590239
2275.479399
2946.224468
2095.132038
2385.191463
2978.221045
2406.272423
2677.410768
2170.557340
2375.413022
2829.430859
2959.583227
2750.481826
2825.631992
2598.205478
2037.176234
2293.468485
2115.494819
2774.324423
2236.328702
2137.603505
2275.512655
2946.229511
2095.135005
2385.195718
2978.225958
2406.278479
2677.419899
2170.569729
2375.444434
2829.440434
2959.596189
2750.492534
2825.646037
2598.210043
2037.180151
2293.478886
2115.505811
2774.331631
2236.336007
2137.616918
2275.546282
2946.234611
2095.138005
2385.200020
2978.230925
2406.284601
2677.429130
2170.582253
2375.476191
2829.450114
2959.609294
2750.503359
2825.660237
2598.214658
2037.184110
2293.489401
2115.516924
2774.338919
2236.343391
2137.630479
2275.580279
2946.239767
2095.141039
2385.204369
2978.235946
2406.290790
2677.438462
2170.594914
2375.508294
2829.459900
2959.622541
2750.514303
2825.674591
2598.219323
2037.188113
2293.500030
2115.528157
2774.346285
2236.350856
2137.644187
2275.614645
2946.244979
2095.144105
2385.208764
2978.241020
2406.297045
2677.447894
2170.607711
2375.540742
2829.469791
2959.635930
2750.525364
2825.689100
2598.224039
2037.192158
2293.510773
2115.539511
2774.353731
2236.358401
2137.658043
2275.649382
2946.250247
2095.147204
2385.213206
2978.246149
2406.303367
2677.457427
2170.620645
2375.573537
2829.479787
2959.649463
2750.536542
2825.703763
2598.228804
2037.196247
2293.521629
2115.550985
2774.361256
2236.366026
2137.672046
2275.684489
2946.255570
2095.150336
2385.217695
2978.251332
2406.309756
2677.467060
2170.633715
2375.606676
2829.489889
2959.663137
2750.547839
2825.718581
2598.233620
2037.200379
2293.532599
2115.562580
2774.368860
2236.373731
2137.686197
2275.719966
2946.260950
2095.153501
2385.222230
2978.256569
2406.316212
2677.476793
2170.646921
2375.640162
2829.500095
2959.676954
2750.559253
2825.733552
2598.238485
2037.204554
2293.543684
2115.574296
2774.376543
2236.381517
2137.700495
2275.755813
2946.266386
2095.156700
2385.226812
2978.261860
2406.322734
2677.486627
2170.660263
2375.673994
2829.510407
2959.690914
2750.570785
2825.748679
2598.243401
2037.208772
2293.554881
2115.586132
2774.384306
2236.389383
2137.714941
2275.792031
2946.271878
2095.159931
2385.231442
2978.267204
2406.329322
2677.496562
2170.673742
2375.708171
2829.520825
2959.705016
2750.582434
2825.763959
2598.248367
2037.213033
2293.566193
2115.598089
2774.392147
2236.397329
2137.729534
2275.828618
2946.277426
2095.163195
2385.236117
2978.272603
2406.335977
2677.506597
2170.687357
2375.742694
2829.531347
2959.719261
2750.594201
2825.779394
2598.253383
2037.217337
2293.577618
2115.610166
2774.400068
2236.405356
2137.744275
2275.865576
2946.283030
2095.166492
