352.221378
141.466900
121.239520
241.472963
254.238697
2630.999840
307.262183
2163.000155
141.466900
2213.783882
241.472963
2395.198788
2630.999840
2386.969815
2163.000155
2621.827952
2213.783882
2334.880593
2395.198788
2364.680053
352.442735
141.933977
121.479060
241.945861
254.477391
2630.999458
307.524248
2163.000488
141.933977
2213.567953
241.945861
2395.397621
2630.999458
2386.939955
2163.000488
2620.651698
2213.567953
2335.762472
2395.397621
2364.361880
352.664070
142.401230
121.718619
242.418696
254.716082
2630.998853
307.786195
2163.000999
142.401230
2213.352212
242.418696
2395.596355
2630.998853
2386.910420
2163.000999
2619.471216
2213.352212
2336.645776
2395.596355
2364.044769
352.885384
142.868660
121.958199
242.891468
254.954770
2630.998025
308.048024
2163.001689
142.868660
2213.136658
242.891468
2395.794991
2630.998025
2386.881213
2163.001689
2618.286481
2213.136658
2337.530518
2395.794991
2363.728709
353.106676
143.336267
122.197798
243.364177
255.193455
2630.996972
308.309734
2163.002558
143.336267
2212.921290
243.364177
2395.993530
2630.996972
2386.852335
2163.002558
2617.097469
2212.921290
2338.416708
2395.993530
2363.413686
353.327946
143.804051
122.437418
243.836823
255.432138
2630.995694
308.571324
2163.003606
143.804051
2212.706109
243.836823
2396.191972
2630.995694
2386.823787
2163.003606
2615.904157
2212.706109
2339.304359
2396.191972
2363.099688
353.549195
144.272013
122.677057
244.309406
255.670817
2630.994191
308.832795
2163.004834
144.272013
2212.491114
244.309406
2396.390318
2630.994191
2386.795572
2163.004834
2614.706521
2212.491114
2340.193484
2396.390318
2362.786703
353.770423
144.740153
122.916716
244.781927
255.909494
2630.992461
309.094145
2163.006244
144.740153
2212.276303
244.781927
2396.588569
2630.992461
2386.767691
2163.006244
2613.504535
2212.276303
2341.084094
2396.588569
2362.474718
353.991629
145.208472
123.156394
245.254385
256.148168
2630.990506
309.355375
2163.007834
145.208472
2212.061677
245.254385
2396.786726
2630.990506
2386.740146
2163.007834
2612.298177
2212.061677
2341.976203
2396.786726
2362.163722
354.212813
145.676968
123.396093
245.726782
256.386839
2630.988323
309.616484
2163.009606
145.676968
2211.847234
245.726782
2396.984788
2630.988323
2386.712938
2163.009606
2611.087420
2211.847234
2342.869821
2396.984788
2361.853702
354.433976
146.145644
123.635811
246.199116
256.625508
2630.985912
309.877471
2163.011560
146.145644
2211.632974
246.199116
2397.182758
2630.985912
2386.686069
2163.011560
2609.872240
2211.632974
2343.764963
2397.182758
2361.544647
354.655118
146.614499
123.875550
246.671389
256.864174
2630.983273
310.138336
2163.013696
146.614499
2211.418897
246.671389
2397.380636
2630.983273
2386.659540
2163.013696
2608.652612
2211.418897
2344.661640
2397.380636
2361.236544
354.876238
147.083534
124.115308
247.143600
257.102837
2630.980405
310.399079
2163.016017
147.083534
2211.205001
247.143600
2397.578422
2630.980405
2386.633354
2163.016017
2607.428511
2211.205001
2345.559865
2397.578422
2360.929381
355.097337
147.552748
124.355085
247.615750
257.341498
2630.977308
310.659699
2163.018520
147.552748
2210.991286
247.615750
2397.776118
2630.977308
2386.607513
2163.018520
2606.199910
2210.991286
2346.459651
2397.776118
2360.623148
355.318415
148.022142
124.594883
248.087838
257.580156
2630.973980
310.920196
2163.021209
148.022142
2210.777750
248.087838
2397.973724
2630.973980
2386.582017
2163.021209
2604.966785
2210.777750
2347.361010
2397.973724
2360.317832
355.539471
148.491717
124.834700
248.559866
257.818812
2630.970422
311.180569
2163.024082
148.491717
2210.564394
248.559866
2398.171241
2630.970422
2386.556869
2163.024082
2603.729109
2210.564394
2348.263956
2398.171241
2360.013422
355.760506
148.961472
125.074537
249.031833
258.057465
2630.966632
311.440818
2163.027140
148.961472
2210.351215
249.031833
2398.368670
2630.966632
2386.532071
2163.027140
2602.486856
2210.351215
2349.168501
2398.368670
2359.709907
355.981519
149.431409
125.314394
249.503739
258.296116
2630.962611
311.700942
2163.030385
149.431409
2210.138214
249.503739
2398.566011
2630.962611
2386.507623
2163.030385
2601.239999
2210.138214
2350.074658
2398.566011
2359.407274
356.202511
149.901527
125.554271
249.975585
258.534764
2630.958357
311.960941
2163.033816
149.901527
2209.925389
249.975585
2398.763266
2630.958357
2386.483529
2163.033816
2599.988513
2209.925389
2350.982441
2398.763266
2359.105513
356.423482
150.371827
125.794167
250.447370
258.773410
2630.953870
312.220814
2163.037435
150.371827
2209.712740
250.447370
2398.960436
2630.953870
2386.459790
2163.037435
2598.732370
2209.712740
2351.891863
2398.960436
2358.804613
356.644432
150.842308
126.034083
250.919096
259.012054
2630.949149
312.480561
2163.041241
150.842308
2209.500265
250.919096
2399.157520
2630.949149
2386.436407
2163.041241
2597.471543
2209.500265
2352.802937
2399.157520
2358.504562
356.865360
151.312973
126.274019
251.390761
259.250695
2630.944194
312.740182
2163.045236
151.312973
2209.287963
251.390761
2399.354521
2630.944194
2386.413382
2163.045236
2596.206005
2209.287963
2353.715677
2399.354521
2358.205349
357.086267
151.783819
126.513974
251.862367
259.489334
2630.939004
312.999675
2163.049420
151.783819
2209.075833
251.862367
2399.551438
2630.939004
2386.390718
2163.049420
2594.935728
2209.075833
2354.630095
2399.551438
2357.906964
357.307153
152.254849
126.753949
252.333913
259.727971
2630.933578
313.259042
2163.053794
152.254849
2208.863875
252.333913
2399.748273
2630.933578
2386.368416
2163.053794
2593.660685
2208.863875
2355.546206
2399.748273
2357.609394
357.528018
152.726063
126.993944
252.805400
259.966606
2630.927916
313.518280
2163.058358
152.726063
2208.652087
252.805400
2399.945027
2630.927916
2386.346478
2163.058358
2592.380848
2208.652087
2356.464024
2399.945027
2357.312631
357.748862
153.197460
127.233959
253.276827
260.205238
2630.922018
313.777390
2163.063113
153.197460
2208.440468
253.276827
2400.141701
2630.922018
2386.324906
2163.063113
2591.096188
2208.440468
2357.383562
2400.141701
2357.016661
357.969684
153.669041
127.473993
253.748196
260.443868
2630.915882
314.036370
2163.068060
153.669041
2208.229016
253.748196
2400.338295
2630.915882
2386.303702
2163.068060
2589.806677
2208.229016
2358.304834
2400.338295
2356.721476
358.190485
154.140806
127.714047
254.219505
260.682497
2630.909509
314.295222
2163.073200
154.140806
2208.017731
254.219505
2400.534810
2630.909509
2386.282867
2163.073200
2588.512287
2208.017731
2359.227854
2400.534810
2356.427064
358.411265
154.612757
127.954120
254.690756
260.921123
2630.902896
314.553943
2163.078532
154.612757
2207.806612
254.690756
2400.731247
2630.902896
2386.262404
2163.078532
2587.212988
2207.806612
2360.152636
2400.731247
2356.133415
358.632024
155.084892
128.194213
255.161948
261.159747
2630.896045
314.812534
2163.084058
155.084892
2207.595656
255.161948
2400.927608
2630.896045
2386.242314
2163.084058
2585.908751
2207.595656
2361.079195
2400.927608
2355.840518
358.852762
155.557213
128.434326
255.633081
261.398369
2630.888954
315.070994
2163.089779
155.557213
2207.384863
255.633081
2401.123892
2630.888954
2386.222600
2163.089779
2584.599547
2207.384863
2362.007545
2401.123892
2355.548363
359.073479
156.029720
128.674459
256.104156
261.636990
2630.881622
315.329323
2163.095695
156.029720
2207.174232
256.104156
2401.320102
2630.881622
2386.203263
2163.095695
2583.285345
2207.174232
2362.937700
2401.320102
2355.256939
359.294175
156.502413
128.914611
256.575173
261.875608
2630.874050
315.587520
2163.101807
156.502413
2206.963761
256.575173
2401.516237
2630.874050
2386.184306
2163.101807
2581.966118
2206.963761
2363.869675
2401.516237
2354.966236
359.514850
156.975292
129.154782
257.046132
262.114225
2630.866236
315.845584
2163.108116
156.975292
2206.753448
257.046132
2401.712300
2630.866236
2386.165730
2163.108116
2580.641832
2206.753448
2364.803485
2401.712300
2354.676244
359.735503
157.448359
129.394974
257.517033
262.352840
2630.858179
316.103515
2163.114623
157.448359
2206.543292
257.517033
2401.908290
2630.858179
2386.147537
2163.114623
2579.312460
2206.543292
2365.739145
2401.908290
2354.386953
359.956136
157.921613
129.635184
257.987876
262.591453
2630.849880
316.361313
2163.121328
157.921613
2206.333292
257.987876
2402.104209
2630.849880
2386.129730
2163.121328
2577.977969
2206.333292
2366.676669
2402.104209
2354.098352
360.176748
158.395054
129.875415
258.458661
262.830064
2630.841337
316.618977
2163.128232
158.395054
2206.123446
258.458661
2402.300057
2630.841337
2386.112310
2163.128232
2576.638328
2206.123446
2367.616073
2402.300057
2353.810431
360.397338
158.868684
130.115665
258.929389
263.068673
2630.832551
316.876507
2163.135336
158.868684
2205.913752
258.929389
2402.495836
2630.832551
2386.095279
2163.135336
2575.293507
2205.913752
2368.557372
2402.495836
2353.523181
360.617908
159.342502
130.355935
259.400059
263.307281
2630.823519
317.133901
2163.142641
159.342502
2205.704209
259.400059
2402.691547
2630.823519
2386.078640
2163.142641
2573.943473
2205.704209
2369.500582
2402.691547
2353.236591
360.838457
159.816509
130.596224
259.870673
263.545887
2630.814242
317.391160
2163.150148
159.816509
2205.494815
259.870673
2402.887190
2630.814242
2386.062394
2163.150148
2572.588196
2205.494815
2370.445717
2402.887190
2352.950652
361.058984
160.290705
130.836533
260.341229
263.784492
2630.804720
317.648283
2163.157858
160.290705
2205.285569
260.341229
2403.082766
2630.804720
2386.046544
2163.157858
2571.227641
2205.285569
2371.392795
2403.082766
2352.665354
361.279491
160.765091
131.076861
260.811728
264.023095
2630.794951
317.905270
2163.165771
160.765091
2205.076469
260.811728
2403.278278
2630.794951
2386.031091
2163.165771
2569.861778
2205.076469
2372.341830
2403.278278
2352.380686
361.499977
161.239667
131.317209
261.282170
264.261697
2630.784934
318.162119
2163.173889
161.239667
2204.867512
261.282170
2403.473724
2630.784934
2386.016038
2163.173889
2568.490574
2204.867512
2373.292839
2403.473724
2352.096640
361.720442
161.714433
131.557576
261.752556
264.500297
2630.774670
318.418830
2163.182212
161.714433
2204.658697
261.752556
2403.669107
2630.774670
2386.001387
2163.182212
2567.113994
2204.658697
2374.245837
2403.669107
2351.813206
361.940887
162.189390
131.797963
262.222885
264.738896
2630.764157
318.675404
2163.190743
162.189390
2204.450022
262.222885
2403.864427
2630.764157
2385.987140
2163.190743
2565.732006
2204.450022
2375.200842
2403.864427
2351.530373
362.161310
162.664538
132.038370
262.693157
264.977493
2630.753396
318.931838
2163.199480
162.664538
2204.241485
262.693157
2404.059686
2630.753396
2385.973299
2163.199480
2564.344577
2204.241485
2376.157870
2404.059686
2351.248133
362.381712
163.139878
132.278796
263.163373
265.216089
2630.742385
319.188134
2163.208427
163.139878
2204.033084
263.163373
2404.254884
2630.742385
2385.959867
2163.208427
2562.951671
2204.033084
2377.116937
2404.254884
2350.966475
362.602094
163.615409
132.519241
263.633533
265.454684
2630.731123
319.444289
2163.217583
163.615409
2203.824817
263.633533
2404.450023
2630.731123
2385.946845
2163.217583
2561.553255
2203.824817
2378.078060
2404.450023
2350.685392
362.822455
164.091133
132.759706
264.103636
265.693277
2630.719610
319.700305
2163.226951
164.091133
2203.616682
264.103636
2404.645102
2630.719610
2385.934236
2163.226951
2560.149294
2203.616682
2379.041257
2404.645102
2350.404872
363.042795
164.567050
133.000191
264.573684
265.931869
2630.707846
319.956179
2163.236530
164.567050
2203.408676
264.573684
2404.840125
2630.707846
2385.922041
2163.236530
2558.739753
2203.408676
2380.006544
2404.840125
2350.124907
363.263114
165.043161
133.240695
265.043675
266.170460
2630.695830
320.211911
2163.246324
165.043161
2203.200797
265.043675
2405.035090
2630.695830
2385.910264
2163.246324
2557.324597
2203.200797
2380.973940
2405.035090
2349.845487
363.483412
165.519465
133.481219
265.513611
266.409050
2630.683561
320.467502
2163.256331
165.519465
2202.993042
265.513611
2405.230000
2630.683561
2385.898906
2163.256331
2555.903789
2202.993042
2381.943461
2405.230000
2349.566604
363.703690
165.995963
133.721762
265.983491
266.647639
2630.671038
320.722950
2163.266555
165.995963
2202.785410
265.983491
2405.424855
2630.671038
2385.887969
2163.266555
2554.477295
2202.785410
2382.915127
2405.424855
2349.288247
363.923947
166.472655
133.962325
266.453315
266.886227
2630.658262
320.978255
2163.276996
166.472655
2202.577897
266.453315
2405.619657
2630.658262
2385.877456
2163.276996
2553.045076
2202.577897
2383.888954
2405.619657
2349.010409
364.144183
166.949543
134.202907
266.923084
267.124813
2630.645231
321.233416
2163.287656
166.949543
2202.370501
266.923084
2405.814406
2630.645231
2385.867370
2163.287656
2551.607096
2202.370501
2384.864962
2405.814406
2348.733079
364.364398
167.426626
134.443508
267.392798
267.363399
2630.631944
321.488432
2163.298537
167.426626
2202.163219
267.392798
2406.009103
2630.631944
2385.857712
2163.298537
2550.163319
2202.163219
2385.843168
2406.009103
2348.456249
364.584593
167.903905
134.684129
267.862456
267.601984
2630.618401
321.743304
2163.309639
167.903905
2201.956048
267.862456
2406.203750
2630.618401
2385.848484
2163.309639
2548.713706
2201.956048
2386.823592
2406.203750
2348.179910
364.804767
168.381380
134.924770
268.332059
267.840568
2630.604602
321.998030
2163.320964
168.381380
2201.748985
268.332059
2406.398347
2630.604602
2385.839690
2163.320964
2547.258220
2201.748985
2387.806254
2406.398347
2347.904052
365.024920
168.859052
135.165430
268.801606
268.079151
2630.590546
322.252610
2163.332515
168.859052
2201.542027
268.801606
2406.592896
2630.590546
2385.831331
2163.332515
2545.796821
2201.542027
2388.791171
2406.592896
2347.628667
365.245052
169.336921
135.406109
269.271099
268.317734
2630.576231
322.507043
2163.344293
169.336921
2201.335171
269.271099
2406.787397
2630.576231
2385.823410
2163.344293
2544.329472
2201.335171
2389.778365
2406.787397
2347.353747
365.465164
169.814988
135.646808
269.740537
268.556315
2630.561658
322.761329
2163.356299
169.814988
2201.128413
269.740537
2406.981851
2630.561658
2385.815929
2163.356299
2542.856132
2201.128413
2390.767854
2406.981851
2347.079281
365.685255
170.293253
135.887526
270.209920
268.794896
2630.546826
323.015467
2163.368537
170.293253
2200.921749
270.209920
2407.176260
2630.546826
2385.808890
2163.368537
2541.376763
2200.921749
2391.759660
2407.176260
2346.805262
365.905326
170.771717
136.128264
270.679248
269.033476
2630.531734
323.269457
2163.381006
170.771717
2200.715177
270.679248
2407.370625
2630.531734
2385.802297
2163.381006
2539.891323
2200.715177
2392.753803
2407.370625
2346.531681
366.125375
171.250379
136.369022
271.148521
269.272056
2630.516382
323.523297
2163.393711
171.250379
2200.508692
271.148521
2407.564945
2630.516382
2385.796151
2163.393711
2538.399772
2200.508692
2393.750304
2407.564945
2346.258528
366.345405
171.729241
136.609798
271.617740
269.510635
2630.500769
323.776988
2163.406653
171.729241
2200.302289
271.617740
2407.759224
2630.500769
2385.790454
2163.406653
2536.902069
2200.302289
2394.749184
2407.759224
2345.985797
366.565413
172.208304
136.850594
272.086905
269.749214
2630.484893
324.030528
2163.419835
172.208304
2200.095965
272.086905
2407.953461
2630.484893
2385.785210
2163.419835
2535.398172
2200.095965
2395.750465
2407.953461
2345.713476
366.785401
172.687566
137.091410
272.556015
269.987792
2630.468756
324.283917
2163.433258
172.687566
2199.889715
272.556015
2408.147657
2630.468756
2385.780421
2163.433258
2533.888039
2199.889715
2396.754169
2408.147657
2345.441560
367.005368
173.167030
137.332245
273.025070
270.226369
2630.452355
324.537155
2163.446926
173.167030
2199.683535
273.025070
2408.341815
2630.452355
2385.776089
2163.446926
2532.371628
2199.683535
2397.760318
2408.341815
2345.170037
367.225315
173.646695
137.573099
273.494072
270.464946
2630.435691
324.790240
2163.460842
173.646695
2199.477418
273.494072
2408.535933
2630.435691
2385.772216
2163.460842
2530.848894
2199.477418
2398.768936
2408.535933
2344.898902
367.445241
174.126562
137.813973
273.963019
270.703523
2630.418763
325.043172
2163.475008
174.126562
2199.271360
273.963019
2408.730015
2630.418763
2385.768806
2163.475008
2529.319794
2199.271360
2399.780046
2408.730015
2344.628144
367.665146
174.606631
138.054866
274.431912
270.942100
2630.401569
325.295951
2163.489427
174.606631
2199.065356
274.431912
2408.924060
2630.401569
2385.765861
2163.489427
2527.784284
2199.065356
2400.793672
2408.924060
2344.357755
367.885031
175.086904
138.295779
274.900751
271.180676
2630.384110
325.548576
2163.504104
175.086904
2198.859398
274.900751
2409.118069
2630.384110
2385.763383
2163.504104
2526.242319
2198.859398
2401.809838
2409.118069
2344.087728
368.104895
175.567380
138.536711
275.369536
271.419252
2630.366385
325.801046
2163.519042
175.567380
2198.653481
275.369536
2409.312045
2630.366385
2385.761375
2163.519042
2524.693852
2198.653481
2402.828570
2409.312045
2343.818054
368.324739
176.048060
138.777662
275.838267
271.657828
2630.348393
326.053360
2163.534244
176.048060
2198.447597
275.838267
2409.505987
2630.348393
2385.759840
2163.534244
2523.138838
2198.447597
2403.849892
2409.505987
2343.548724
368.544562
176.528944
139.018633
276.306945
271.896404
2630.330133
326.305518
2163.549715
176.528944
2198.241740
276.306945
2409.699896
2630.330133
2385.758780
2163.549715
2521.577228
2198.241740
2404.873832
2409.699896
2343.279731
368.764364
177.010034
139.259623
276.775568
272.134980
2630.311606
326.557520
2163.565460
177.010034
2198.035901
276.775568
2409.893775
2630.311606
2385.758198
2163.565460
2520.008976
2198.035901
2405.900416
2409.893775
2343.011066
368.984146
177.491329
139.500633
277.244138
272.373556
2630.292809
326.809364
2163.581483
177.491329
2197.830072
277.244138
2410.087623
2630.292809
2385.758096
2163.581483
2518.434033
2197.830072
2406.929672
2410.087623
2342.742722
369.203907
177.972830
139.741662
277.712654
272.612132
2630.273743
327.061049
2163.597789
177.972830
2197.624244
277.712654
2410.281442
2630.273743
2385.758477
2163.597789
2516.852348
2197.624244
2407.961628
2410.281442
2342.474690
369.423648
178.454538
139.982710
278.181117
272.850708
2630.254407
327.312576
2163.614384
178.454538
2197.418408
278.181117
2410.475232
2630.254407
2385.759345
2163.614384
2515.263873
2197.418408
2408.996314
2410.475232
2342.206962
369.643368
178.936453
140.223778
278.649526
273.089284
2630.234800
327.563944
2163.631275
178.936453
2197.212551
278.649526
2410.668995
2630.234800
2385.760701
2163.631275
2513.668555
2197.212551
2410.033760
2410.668995
2341.939531
369.863067
179.418575
140.464865
279.117882
273.327860
2630.214921
327.815151
2163.648468
179.418575
2197.006663
279.117882
2410.862733
2630.214921
2385.762548
2163.648468
2512.066342
2197.006663
2411.073996
2410.862733
2341.672387
370.082746
179.900906
140.705972
279.586184
273.566437
2630.194771
328.066197
2163.665970
179.900906
2196.800732
279.586184
2411.056444
2630.194771
2385.764889
2163.665970
2510.457181
2196.800732
2412.117056
2411.056444
2341.405525
370.302405
180.383446
140.947098
280.054433
273.805013
2630.174348
328.317082
2163.683790
180.383446
2196.594743
280.054433
2411.250132
2630.174348
2385.767727
2163.683790
2508.841017
2196.594743
2413.162973
2411.250132
2341.138935
370.522042
180.866196
141.188243
280.522628
274.043591
2630.153651
328.567804
2163.701937
180.866196
2196.388682
280.522628
2411.443796
2630.153651
2385.771065
2163.701937
2507.217795
2196.388682
2414.211781
2411.443796
2340.872611
370.741659
181.349155
141.429408
280.990771
274.282168
2630.132681
328.818364
2163.720419
181.349155
2196.182532
280.990771
2411.637438
2630.132681
2385.774906
2163.720419
2505.587458
2196.182532
2415.263516
2411.637438
2340.606544
370.961256
181.832325
141.670592
281.458860
274.520746
2630.111436
329.068759
2163.739249
181.832325
2195.976275
281.458860
2411.831059
2630.111436
2385.779252
2163.739249
2503.949948
2195.976275
2416.318217
2411.831059
2340.340727
371.180832
182.315706
141.911795
281.926896
274.759325
2630.089915
329.318991
2163.758437
182.315706
2195.769891
281.926896
2412.024660
2630.089915
2385.784106
2163.758437
2502.305205
2195.769891
2417.375922
2412.024660
2340.075153
371.400387
182.799299
142.153018
282.394879
274.997903
2630.068119
329.569057
2163.777998
182.799299
2195.563358
282.394879
2412.218241
2630.068119
2385.789471
2163.777998
2500.653167
2195.563358
2418.436672
2412.218241
2339.809813
371.619921
183.283105
142.394260
282.862809
275.236483
2630.046046
329.818957
2163.797946
183.283105
2195.356652
282.862809
2412.411804
2630.046046
2385.795350
2163.797946
2498.993772
2195.356652
2419.500511
2412.411804
2339.544702
371.839435
183.767123
142.635522
283.330686
275.475063
2630.023695
330.068690
2163.818298
183.767123
2195.149743
283.330686
2412.605350
2630.023695
2385.801747
2163.818298
2497.326954
2195.149743
2420.567484
2412.605350
2339.279811
372.058928
184.251356
142.876803
283.798510
275.713644
2630.001067
330.318256
2163.839073
184.251356
2194.942603
283.798510
2412.798879
2630.001067
2385.808663
2163.839073
2495.652646
2194.942603
2421.637638
2412.798879
2339.015133
372.278401
184.735802
143.118103
284.266281
275.952226
2629.978160
330.567654
2163.860291
184.735802
2194.735196
284.266281
2412.992393
2629.978160
2385.816102
2163.860291
2493.970779
2194.735196
2422.711025
2412.992393
2338.750662
372.497853
185.220464
143.359422
284.733999
276.190808
2629.954974
330.816883
2163.881978
185.220464
2194.527482
284.733999
2413.185893
2629.954974
2385.824067
2163.881978
2492.281281
2194.527482
2423.787696
2413.185893
2338.486390
372.717284
185.705341
143.600761
285.201664
276.429391
2629.931508
331.065943
2163.904160
185.705341
2194.319418
285.201664
2413.379379
2629.931508
2385.832562
2163.904160
2490.584078
2194.319418
2424.867711
2413.379379
2338.222311
372.936694
186.190434
143.842120
285.669276
276.667976
2629.907761
331.314831
2163.926870
186.190434
2194.110952
285.669276
2413.572853
2629.907761
2385.841588
2163.926870
2488.879090
2194.110952
2425.951128
2413.572853
2337.958418
373.156083
186.675744
144.083497
286.136836
276.906561
2629.883733
331.563549
2163.950142
186.675744
2193.902026
286.136836
2413.766316
2629.883733
2385.851150
2163.950142
2487.166238
2193.902026
2427.038013
2413.766316
2337.694705
373.375451
187.161272
144.324894
286.604343
277.145147
2629.859424
331.812095
2163.974019
187.161272
2193.692573
286.604343
2413.959768
2629.859424
2385.861251
2163.974019
2485.445435
2193.692573
2428.128436
2413.959768
2337.431165
373.594799
187.647019
144.566311
287.071798
277.383734
2629.834832
332.060467
2163.998550
187.647019
2193.482517
287.071798
2414.153211
2629.834832
2385.871893
2163.998550
2483.716592
2193.482517
2429.222471
2414.153211
2337.167793
373.814125
188.132984
144.807746
287.539199
277.622323
2629.809957
332.308666
2164.023792
188.132984
2193.271766
287.539199
2414.346645
2629.809957
2385.883080
2164.023792
2481.979616
2193.271766
2430.320199
2414.346645
2336.904583
374.033430
188.619170
145.049201
288.006548
277.860912
2629.784798
332.556691
2164.049810
188.619170
2193.060215
288.006548
2414.540072
2629.784798
2385.894816
2164.049810
2480.234407
2193.060215
2431.421707
2414.540072
2336.641529
