2388.000625
2150.000232
2084.000193
2409.000067
2298.000192
2050.000398
2800.000056
2702.000071
2885.000043
2296.000033
2087.000020
2928.000032
2880.000139
2807.000184
2247.000367
2430.000127
2321.000769
2168.000290
2340.000364
2441.000139
2388.001875
2150.000696
2084.000578
2409.000201
2298.000576
2050.001194
2800.000168
2702.000212
2885.000130
2296.000100
2087.000061
2928.000097
2880.000418
2807.000552
2247.001100
2430.000380
2321.002307
2168.000869
2340.001091
2441.000416
2388.003750
2150.001391
2084.001155
2409.000403
2298.001153
2050.002389
2800.000337
2702.000424
2885.000261
2296.000199
2087.000121
2928.000195
2880.000836
2807.001103
2247.002199
2430.000760
2321.004613
2168.001738
2340.002183
2441.000832
2388.006251
2150.002318
2084.001925
2409.000672
2298.001921
2050.003981
2800.000561
2702.000706
2885.000435
2296.000332
2087.000202
2928.000324
2880.001394
2807.001839
2247.003666
2430.001267
2321.007688
2168.002897
2340.003638
2441.001387
2388.009376
2150.003478
2084.002888
2409.001007
2298.002881
2050.005972
2800.000842
2702.001059
2885.000652
2296.000498
2087.000303
2928.000486
2880.002091
2807.002758
2247.005498
2430.001901
2321.011533
2168.004345
2340.005457
2441.002080
2388.013126
2150.004869
2084.004043
2409.001410
2298.004034
2050.008361
2800.001179
2702.001482
2885.000913
2296.000697
2087.000424
2928.000681
2880.002927
2807.003862
2247.007698
2430.002661
2321.016146
2168.006083
2340.007640
2441.002912
2388.017502
2150.006492
2084.005390
2409.001880
2298.005379
2050.011148
2800.001572
2702.001976
2885.001217
2296.000929
2087.000566
2928.000908
2880.003903
2807.005149
2247.010263
2430.003549
2321.021528
2168.008110
2340.010186
2441.003883
2388.022503
2150.008346
2084.006930
2409.002418
2298.006916
2050.014333
2800.002021
2702.002541
2885.001565
2296.001195
2087.000727
2928.001167
2880.005018
2807.006620
2247.013196
2430.004563
2321.027679
2168.010428
2340.013096
2441.004992
2388.028129
2150.010433
2084.008663
2409.003022
2298.008645
2050.017916
2800.002527
2702.003176
2885.001956
2296.001494
2087.000909
2928.001459
2880.006272
2807.008275
2247.016495
2430.005703
2321.034599
2168.013035
2340.016370
2441.006240
2388.034379
2150.012752
2084.010588
2409.003694
2298.010566
2050.021898
2800.003088
2702.003882
2885.002391
2296.001825
2087.001111
2928.001783
2880.007666
2807.010113
2247.020160
2430.006971
2321.042288
2168.015932
2340.020008
2441.007627
2388.041256
2150.015302
2084.012705
2409.004433
2298.012679
2050.026277
2800.003706
2702.004659
2885.002869
2296.002191
2087.001333
2928.002140
2880.009199
2807.012136
2247.024193
2430.008365
2321.050746
2168.019118
2340.024010
2441.009152
2388.048757
2150.018085
2084.015015
2409.005238
2298.014985
2050.031055
2800.004380
2702.005506
2885.003390
2296.002589
2087.001575
2928.002529
2880.010871
2807.014343
2247.028591
2430.009886
2321.059972
2168.022594
2340.028375
2441.010816
2388.056883
2150.021099
2084.017517
2409.006111
2298.017482
2050.036230
2800.005110
2702.006423
2885.003956
2296.003020
2087.001838
2928.002951
2880.012683
2807.016733
2247.033356
2430.011533
2321.069968
2168.026360
2340.033105
2441.012619
2388.065635
2150.024345
2084.020212
2409.007052
2298.020172
2050.041804
2800.005896
2702.007411
2885.004564
2296.003485
2087.002121
2928.003405
2880.014634
2807.019307
2247.038488
2430.013308
2321.080733
2168.030416
2340.038198
2441.014560
2388.075012
2150.027824
2084.023100
2409.008059
2298.023054
2050.047775
2800.006738
2702.008470
2885.005216
2296.003983
2087.002424
2928.003891
2880.016725
2807.022065
2247.043987
2430.015209
2321.092267
2168.034762
2340.043654
2441.016640
2388.085015
2150.031534
2084.026180
2409.009134
2298.026128
2050.054145
2800.007636
2702.009599
2885.005912
2296.004514
2087.002747
2928.004410
2880.018954
2807.025007
2247.049851
2430.017236
2321.104570
2168.039398
2340.049475
2441.018859
2388.095642
2150.035476
2084.029452
2409.010275
2298.029395
2050.060913
2800.008591
2702.010799
2885.006651
2296.005078
2087.003090
2928.004961
2880.021324
2807.028133
2247.056083
2430.019391
2321.117643
2168.044323
2340.055659
2441.021216
2388.106895
2150.039651
2084.032917
2409.011484
2298.032854
2050.068079
2800.009601
2702.012070
2885.007433
2296.005675
2087.003454
2928.005545
2880.023832
2807.031443
2247.062681
2430.021672
2321.131484
2168.049538
2340.062208
2441.023712
2388.118774
2150.044057
2084.036574
2409.012760
2298.036505
2050.075642
2800.010668
2702.013411
2885.008259
2296.006306
2087.003838
2928.006161
2880.026480
2807.034936
2247.069646
2430.024080
2321.146095
2168.055044
2340.069120
2441.026347
2388.131278
2150.048696
2084.040424
2409.014103
2298.040348
2050.083604
2800.011791
2702.014823
2885.009128
2296.006970
2087.004242
2928.006809
2880.029267
2807.038613
2247.076977
2430.026615
2321.161475
2168.060839
2340.076395
2441.029120
2388.144407
2150.053566
2084.044466
2409.015513
2298.044384
2050.091964
2800.012970
2702.016305
2885.010041
2296.007667
2087.004666
2928.007490
2880.032194
2807.042474
2247.084675
2430.029277
2321.177625
2168.066924
2340.084035
2441.032032
2388.158162
2150.058669
2084.048700
2409.016991
2298.048612
2050.100721
2800.014206
2702.017858
2885.010998
2296.008397
2087.005110
2928.008203
2880.035260
2807.046519
2247.092739
2430.032065
2321.194544
2168.073300
2340.092038
2441.035083
2388.172542
2150.064004
2084.053127
2409.018535
2298.053033
2050.109877
2800.015497
2702.019481
2885.011998
2296.009160
2087.005575
2928.008949
2880.038465
2807.050748
2247.101170
2430.034980
2321.212232
2168.079965
2340.100405
2441.038273
2388.187549
2150.069571
2084.057747
2409.020147
2298.057646
2050.119430
2800.016845
2702.021175
2885.013041
2296.009957
2087.006060
2928.009727
2880.041809
2807.055160
2247.109967
2430.038022
2321.230690
2168.086921
2340.109136
2441.041601
2388.203180
2150.075371
2084.062558
2409.021826
2298.062451
2050.129381
2800.018248
2702.022940
2885.014128
2296.010787
2087.006564
2928.010538
2880.045293
2807.059757
2247.119131
2430.041190
2321.249917
2168.094166
2340.118231
2441.045068
2388.219438
2150.081402
2084.067563
2409.023572
2298.067449
2050.139730
2800.019708
2702.024775
2885.015258
2296.011650
2087.007090
2928.011381
2880.048916
2807.064537
2247.128662
2430.044485
2321.269915
2168.101702
2340.127690
2441.048673
2388.236321
2150.087666
2084.072759
2409.025385
2298.072639
2050.150477
2800.021224
2702.026680
2885.016432
2296.012546
2087.007635
2928.012257
2880.052679
2807.069500
2247.138559
2430.047907
2321.290681
2168.109529
2340.137512
2441.052417
2388.253830
2150.094163
2084.078148
2409.027265
2298.078022
2050.161622
2800.022796
2702.028657
2885.017649
2296.013475
2087.008201
2928.013164
2880.056580
2807.074648
2247.148823
2430.051456
2321.312218
2168.117645
2340.147698
2441.056300
2388.271965
2150.100891
2084.083730
2409.029212
2298.083597
2050.173164
2800.024424
2702.030703
2885.018910
2296.014438
2087.008786
2928.014105
2880.060621
2807.079979
2247.159454
2430.055132
2321.334524
2168.126052
2340.158248
2441.060322
2388.290725
2150.107852
2084.089503
2409.031226
2298.089365
2050.185104
2800.026109
2702.032821
2885.020214
2296.015434
2087.009392
2928.015077
2880.064801
2807.085494
2247.170451
2430.058934
2321.357601
2168.134749
2340.169161
2441.064483
2388.310112
2150.115046
2084.095470
2409.033308
2298.095326
2050.197442
2800.027849
2702.035009
2885.021562
2296.016463
2087.010019
2928.016083
2880.069121
2807.091193
2247.181814
2430.062863
2321.381447
2168.143737
2340.180439
2441.068782
2388.330125
2150.122472
2084.101628
2409.035457
2298.101479
2050.210178
2800.029646
2702.037267
2885.022953
2296.017525
2087.010665
2928.017120
2880.073579
2807.097076
2247.193544
2430.066919
2321.406063
2168.153016
2340.192080
2441.073220
2388.350764
2150.130131
2084.107979
2409.037672
2298.107825
2050.223311
2800.031499
2702.039596
2885.024388
2296.018620
2087.011332
2928.018190
2880.078177
2807.103142
2247.205641
2430.071101
2321.431450
2168.162584
2340.204085
2441.077796
2388.372029
2150.138022
2084.114522
2409.039955
2298.114364
2050.236842
2800.033408
2702.041996
2885.025866
2296.019749
2087.012019
2928.019292
2880.082914
2807.109392
2247.218105
2430.075410
2321.457607
2168.172444
2340.216454
2441.082511
2388.393920
2150.146146
2084.121258
2409.042305
2298.121095
2050.250770
2800.035373
2702.044466
2885.027388
2296.020910
2087.012726
2928.020427
2880.087791
2807.115826
2247.230935
2430.079846
2321.484534
2168.182594
2340.229187
2441.087366
2388.416438
2150.154502
2084.128186
2409.044722
2298.128019
2050.265096
2800.037394
2702.047007
2885.028953
2296.022105
2087.013453
2928.021594
2880.092806
2807.122443
2247.244131
2430.084409
2321.512231
2168.193035
2340.242283
2441.092358
2388.439582
2150.163092
2084.135306
2409.047206
2298.135136
2050.279819
2800.039471
2702.049618
2885.030562
2296.023333
2087.014200
2928.022794
2880.097961
2807.129244
2247.257695
2430.089099
2321.540699
2168.203767
2340.255743
2441.097490
2388.463352
2150.171914
2084.142618
2409.049758
2298.142446
2050.294940
2800.041605
2702.052300
2885.032215
2296.024595
2087.014968
2928.024026
2880.103255
2807.136228
2247.271625
2430.093915
2321.569937
2168.214789
2340.269567
2441.102760
2388.487749
2150.180969
2084.150123
2409.052376
2298.149949
2050.310459
2800.043794
2702.055053
2885.033910
2296.025889
2087.015756
2928.025291
2880.108688
2807.143397
2247.285921
2430.098858
2321.599946
2168.226103
2340.283755
2441.108169
2388.512772
2150.190256
2084.157820
2409.055061
2298.157645
2050.326374
2800.046040
2702.057876
2885.035650
2296.027217
2087.016564
2928.026588
2880.114261
2807.150749
2247.300584
2430.103928
2321.630726
2168.237708
2340.298307
2441.113717
2388.538423
2150.199777
2084.165709
2409.057814
2298.165534
2050.342687
2800.048342
2702.060770
2885.037433
2296.028578
2087.017392
2928.027917
2880.119972
2807.158284
2247.315614
2430.109124
2321.662277
2168.249603
2340.313222
2441.119403
2388.564700
2150.209531
2084.173791
2409.060634
2298.173616
2050.359398
2800.050700
2702.063734
2885.039259
2296.029972
2087.018241
2928.029279
2880.125823
2807.166003
2247.331010
2430.114448
2321.694598
2168.261790
2340.328502
2441.125229
2388.591603
2150.219517
2084.182065
2409.063520
2298.181891
2050.376505
2800.053114
2702.066768
2885.041129
2296.031399
2087.019110
2928.030673
2880.131813
2807.173906
2247.346774
2430.119898
2321.727691
2168.274268
2340.344145
2441.131193
2388.619134
2150.229737
2084.190531
2409.066474
2298.190359
2050.394010
2800.055584
2702.069874
2885.043042
2296.032860
2087.019998
2928.032099
2880.137942
2807.181992
2247.362903
2430.125474
2321.761555
2168.287038
2340.360152
2441.137296
2388.647292
2150.240190
2084.199189
2409.069495
2298.199021
2050.411912
2800.058110
2702.073049
2885.044999
2296.034354
2087.020908
2928.033558
2880.144210
2807.190262
2247.379400
2430.131178
2321.796190
2168.300099
2340.376522
2441.143537
2388.676077
2150.250877
2084.208039
2409.072583
2298.207876
2050.430212
2800.060693
2702.076296
2885.047000
2296.035881
2087.021837
2928.035050
2880.150617
2807.198716
2247.396263
2430.137008
2321.831596
2168.313451
2340.393257
2441.149918
2388.705489
2150.261796
2084.217082
2409.075738
2298.216924
2050.448908
2800.063331
2702.079613
2885.049044
2296.037441
2087.022787
2928.036573
2880.157164
2807.207353
2247.413492
2430.142965
2321.867774
2168.327095
2340.410355
2441.156437
2388.735528
2150.272949
2084.226317
2409.078960
2298.226165
2050.468002
2800.066026
2702.083000
2885.051132
2296.039034
2087.023756
2928.038130
2880.163849
2807.216173
2247.431089
2430.149049
2321.904724
2168.341030
2340.427817
2441.163095
2388.766195
2150.284335
2084.235744
2409.082249
2298.235600
2050.487492
2800.068777
2702.086458
2885.053263
2296.040661
2087.024746
2928.039718
2880.170674
2807.225177
2247.449052
2430.155260
2321.942445
2168.355257
2340.445643
2441.169892
2388.797489
2150.295955
2084.245363
2409.085605
2298.245228
2050.507379
2800.071584
2702.089987
2885.055437
2296.042321
2087.025757
2928.041339
2880.177637
2807.234365
2247.467381
2430.161597
2321.980938
2168.369776
2340.463832
2441.176827
2388.829411
2150.307808
2084.255174
2409.089028
2298.255050
2050.527664
2800.074447
2702.093586
2885.057656
2296.044014
2087.026787
2928.042993
2880.184740
2807.243736
2247.486078
2430.168061
2322.020203
2168.384587
2340.482386
2441.183902
2388.861960
2150.319895
2084.265178
2409.092518
2298.265066
2050.548345
2800.077366
2702.097255
2885.059917
2296.045740
2087.027838
2928.044679
2880.191982
2807.253290
2247.505141
2430.174652
2322.060240
2168.399690
2340.501303
2441.191115
2388.895137
2150.332216
2084.275373
2409.096075
2298.275275
2050.569423
2800.080341
2702.100996
2885.062223
2296.047499
2087.028909
2928.046397
2880.199362
2807.263028
2247.524570
2430.181370
2322.101049
2168.415085
2340.520584
2441.198467
2388.928942
2150.344770
2084.285761
2409.099700
2298.285678
2050.590898
2800.083373
2702.104806
2885.064572
2296.049292
2087.030000
2928.048148
2880.206882
2807.272949
2247.544367
2430.188215
2322.142631
2168.430772
2340.540229
2441.205958
2388.963376
2150.357559
2084.296340
2409.103391
2298.296274
2050.612769
2800.086460
2702.108688
2885.066964
2296.051118
2087.031111
2928.049931
2880.214541
2807.283054
2247.564530
2430.195186
2322.184985
2168.446751
2340.560238
2441.213587
2388.998437
2150.370581
2084.307112
2409.107149
2298.307065
2050.635037
2800.089604
2702.112639
2885.069400
2296.052977
2087.032243
2928.051746
2880.222339
2807.293342
2247.585060
2430.202284
2322.228112
2168.463023
2340.580610
2441.221356
2389.034126
2150.383837
2084.318076
2409.110975
2298.318049
2050.657702
2800.092803
2702.116662
2885.071880
2296.054869
2087.033395
2928.053594
2880.230275
2807.303813
2247.605956
2430.209509
2322.272012
2168.479587
2340.601347
2441.229263
2389.070444
2150.397327
2084.329231
2409.114867
2298.329227
2050.680763
2800.096059
2702.120754
2885.074403
2296.056794
2087.034567
2928.055474
2880.238351
2807.314468
2247.627220
2430.216860
2322.316684
2168.496444
2340.622447
2441.237310
2389.107390
2150.411052
2084.340579
2409.118826
2298.340599
2050.704221
2800.099371
2702.124918
2885.076970
2296.058753
2087.035759
2928.057387
2880.246565
2807.325306
2247.648849
2430.224338
2322.362129
2168.513593
2340.643911
2441.245495
2389.144965
2150.425010
2084.352119
2409.122853
2298.352166
2050.728075
2800.102739
2702.129152
2885.079580
2296.060745
2087.036971
2928.059332
2880.254919
2807.336328
2247.670846
2430.231944
2322.408348
2168.531035
2340.665738
2441.253819
2389.183168
2150.439203
2084.363851
2409.126946
2298.363926
2050.752326
2800.106163
2702.133456
2885.082234
2296.062770
2087.038204
2928.061310
2880.263411
2807.347532
2247.693210
2430.239676
2322.455340
2168.548771
2340.687930
2441.262281
2389.222000
2150.453630
2084.375774
2409.131106
2298.375881
2050.776973
2800.109643
2702.137831
2885.084931
2296.064829
2087.039457
2928.063320
2880.272043
2807.358920
2247.715940
2430.247534
2322.503105
2168.566799
2340.710485
2441.270883
2389.261461
2150.468292
2084.387890
2409.135333
2298.388030
2050.802016
2800.113180
2702.142277
2885.087673
2296.066920
2087.040730
2928.065362
2880.280813
2807.370492
2247.739037
2430.255520
2322.551644
2168.585120
2340.733404
2441.279624
2389.301552
2150.483188
2084.400197
2409.139628
2298.400374
2050.827456
2800.116772
2702.146793
2885.090457
2296.069045
2087.042024
2928.067437
2880.289722
2807.382246
2247.762500
2430.263632
2322.600957
2168.603734
2340.756687
2441.288503
2389.342271
2150.498319
2084.412697
2409.143989
2298.412911
2050.853291
2800.120421
2702.151379
2885.093286
2296.071203
2087.043337
2928.069544
2880.298770
2807.394184
2247.786331
2430.271871
2322.651044
2168.622642
2340.780334
2441.297522
2389.383619
2150.513685
2084.425388
2409.148417
2298.425644
2050.879523
2800.124125
2702.156036
2885.096157
2296.073394
2087.044671
2928.071684
2880.307957
2807.406305
2247.810528
2430.280237
2322.701904
2168.641843
2340.804345
2441.306679
2389.425597
2150.529285
2084.438271
2409.152912
2298.438571
2050.906150
2800.127886
2702.160764
2885.099073
2296.075619
2087.046025
2928.073855
2880.317283
2807.418609
2247.835092
2430.288729
2322.753539
2168.661337
2340.828719
2441.315975
2389.468205
2150.545121
2084.451346
2409.157474
2298.451692
2050.933174
2800.131703
2702.165562
2885.102032
2296.077876
2087.047400
2928.076060
2880.326747
2807.431096
2247.860023
2430.297349
2322.805949
2168.681126
2340.853458
2441.325411
2389.511442
2150.561191
2084.464613
2409.162103
2298.465009
2050.960593
2800.135575
2702.170430
2885.105035
2296.080167
2087.048794
2928.078297
2880.336350
2807.443767
2247.885320
2430.306095
2322.859133
2168.701208
2340.878560
2441.334985
2389.555309
2150.577497
2084.478072
2409.166799
2298.478520
2050.988408
2800.139504
2702.175369
2885.108081
2296.082491
2087.050209
2928.080566
2880.346092
2807.456620
2247.910984
2430.314968
2322.913092
2168.721584
2340.904026
2441.344698
2389.599807
2150.594038
2084.491722
2409.171562
2298.492226
2051.016619
2800.143489
2702.180379
2885.111171
2296.084849
2087.051644
2928.082867
2880.355973
2807.469657
2247.937015
2430.323968
2322.967826
2168.742254
2340.929855
2441.354550
2389.644934
2150.610814
2084.505565
2409.176392
2298.506127
2051.045225
2800.147531
2702.185459
2885.114305
2296.087239
2087.053100
2928.085201
2880.365992
2807.482876
2247.963413
2430.333095
2323.023334
2168.763218
2340.956049
2441.364541
2389.690691
2150.627825
2084.519599
2409.181289
2298.520223
2051.074227
2800.151628
2702.190609
2885.117482
2296.089663
2087.054575
2928.087568
2880.376150
2807.496279
2247.990178
2430.342348
2323.079619
2168.784477
2340.982606
2441.374671
2389.737079
2150.645072
2084.533824
2409.186252
2298.534514
2051.103625
2800.155781
2702.195830
2885.120703
2296.092120
2087.056071
2928.089966
2880.386447
2807.509865
2248.017310
2430.351728
2323.136678
2168.806030
2341.009528
2441.384940
2389.784097
2150.662554
2084.548242
2409.191283
2298.549000
2051.133418
2800.159990
2702.201122
2885.123968
2296.094611
2087.057587
2928.092397
2880.396883
2807.523633
2248.044808
2430.361235
2323.194513
2168.827877
2341.036813
2441.395348
2389.831747
2150.680273
2084.562851
2409.196381
2298.563682
2051.163607
2800.164256
2702.206484
2885.127276
2296.097134
2087.059124
2928.094861
2880.407457
2807.537585
2248.072673
2430.370869
2323.253124
2168.850019
2341.064462
2441.405895
2389.880026
2150.698227
2084.577651
2409.201545
2298.578559
2051.194190
2800.168577
2702.211916
2885.130628
2296.099691
2087.060680
2928.097357
2880.418170
2807.551720
2248.100905
2430.380630
2323.312511
2168.872456
2341.092474
2441.416581
2389.928937
2150.716416
2084.592644
2409.206776
2298.593631
2051.225169
2800.172955
2702.217419
2885.134024
2296.102281
2087.062257
2928.099885
2880.429021
2807.566037
2248.129504
2430.390517
2323.372675
2168.895188
2341.120851
2441.427406
2389.978480
2150.734842
2084.607828
2409.212074
2298.608899
2051.256543
2800.177388
2702.222993
2885.137463
2296.104904
2087.063854
2928.102446
2880.440012
2807.580538
2248.158470
2430.400531
2323.433614
2168.918216
2341.149591
2441.438370
2390.028653
2150.753504
2084.623203
2409.217439
2298.624363
2051.288312
2800.181878
2702.228637
2885.140946
2296.107561
2087.065471
2928.105039
2880.451140
2807.595221
2248.187802
2430.410672
2323.495331
2168.941538
2341.178695
2441.449472
2390.079458
2150.772403
2084.638770
2409.222871
2298.640022
2051.320476
2800.186424
2702.234351
2885.144472
2296.110250
2087.067109
2928.107664
2880.462407
2807.610087
2248.217502
2430.420940
2323.557824
2168.965156
2341.208163
2441.460715
2390.130894
2150.791537
2084.654529
2409.228370
2298.655877
2051.353035
2800.191026
2702.240136
2885.148043
2296.112973
2087.068767
2928.110322
2880.473813
2807.625136
2248.247568
2430.431335
2323.621094
2168.989069
2341.237995
2441.472096
2390.182963
2150.810908
2084.670479
2409.233935
2298.671928
2051.385989
2800.195684
2702.245991
2885.151657
2296.115729
2087.070445
2928.113013
2880.485357
2807.640368
2248.278001
2430.441856
2323.685141
2169.013278
2341.268191
2441.483616
2390.235663
2150.830516
2084.686621
2409.239568
2298.688175
2051.419337
2800.200397
2702.251917
2885.155314
2296.118519
2087.072143
2928.115735
2880.497040
2807.655782
2248.308801
2430.452505
2323.749966
2169.037783
2341.298751
2441.495275
2390.288995
2150.850360
2084.702954
2409.245267
2298.704618
2051.453080
2800.205167
2702.257913
2885.159016
2296.121342
2087.073862
2928.118490
2880.508862
2807.671379
2248.339968
2430.463280
2323.815568
2169.062584
2341.329674
2441.507073
2390.342960
2150.870442
2084.719478
2409.251033
2298.721257
2051.487218
2800.209993
2702.263980
2885.162761
2296.124198
2087.075601
2928.121278
2880.520821
2807.687159
2248.371502
2430.474182
2323.881948
2169.087681
2341.360961
2441.519011
2390.397557
2150.890760
2084.736194
2409.256866
2298.738093
2051.521750
2800.214876
2702.270117
2885.166549
2296.127087
2087.077360
2928.124097
2880.532919
2807.703122
2248.403403
2430.485211
2323.949106
2169.113074
2341.392612
2441.531087
2390.452787
2150.911315
2084.753102
2409.262765
2298.755125
2051.556676
2800.219814
2702.276325
2885.170382
2296.130009
2087.079140
2928.126950
2880.545156
2807.719267
2248.435671
2430.496366
2324.017042
2169.138764
2341.424627
2441.543303
2390.508650
2150.932107
2084.770201
2409.268732
2298.772353
2051.591997
2800.224808
2702.282603
2885.174258
2296.132965
2087.080939
2928.129834
2880.557531
2807.735595
2248.468306
2430.507649
2324.085757
2169.164750
2341.457006
2441.555657
2390.565145
2150.953137
2084.787491
2409.274765
2298.789778
2051.627712
2800.229858
2702.288952
2885.178178
2296.135954
2087.082759
2928.132751
2880.570044
2807.752106
2248.501307
2430.519058
2324.155250
2169.191034
2341.489749
2441.568151
2390.622274
2150.974404
2084.804972
2409.280865
2298.807399
2051.663821
2800.234964
2702.295371
2885.182142
2296.138976
2087.084599
2928.135700
2880.582696
2807.768799
2248.534676
2430.530594
2324.225523
2169.217614
2341.522855
2441.580784
2390.680036
2150.995908
2084.822645
2409.287032
2298.825217
2051.700324
2800.240127
2702.301860
2885.186149
2296.142031
2087.086460
2928.138682
2880.595486
2807.785675
2248.568412
2430.542257
2324.296574
2169.244491
2341.556325
2441.593556
2390.738432
2151.017650
2084.840509
2409.293265
2298.843233
2051.737220
2800.245345
2702.308420
2885.190200
2296.145120
2087.088341
2928.141696
2880.608414
2807.802733
2248.602514
2430.554047
2324.368405
2169.271665
2341.590159
2441.606468
2390.797461
2151.039630
2084.858564
2409.299566
2298.861445
2051.774511
2800.250619
2702.315051
2885.194295
2296.148242
2087.090242
2928.144743
2880.621481
2807.819974
2248.636984
2430.565964
2324.441015
2169.299137
2341.624357
2441.619518
2390.857125
2151.061848
2084.876810
2409.305933
2298.879854
2051.812195
2800.255950
2702.321752
2885.198434
2296.151397
2087.092163
2928.147822
2880.634686
2807.837397
2248.671820
2430.578007
2324.514405
2169.326907
2341.658919
2441.632708
2390.917422
2151.084304
2084.895248
2409.312366
2298.898460
2051.850273
2800.261336
2702.328523
2885.202617
2296.154586
2087.094105
2928.150933
2880.648029
2807.855002
2248.707024
2430.590177
2324.588576
2169.354974
2341.693845
2441.646037
2390.978354
2151.106999
2084.913877
2409.318867
2298.917263
2051.888745
2800.266779
2702.335365
2885.206843
2296.157807
2087.096067
2928.154076
2880.661510
2807.872790
2248.742594
2430.602475
2324.663526
2169.383339
2341.729135
2441.659505
2391.039920
2151.129931
2084.932697
2409.325434
2298.936264
2051.927610
2800.272277
2702.342277
2885.211113
2296.161062
2087.098049
2928.157252
2880.675130
2807.890761
2248.778532
2430.614899
2324.739257
2169.412003
2341.764788
2441.673112
2391.102121
2151.153102
2084.951708
2409.332068
2298.955463
2051.966868
2800.277831
2702.349259
2885.215427
2296.164351
2087.100051
2928.160461
2880.688887
2807.908913
2248.814837
2430.627449
2324.815769
2169.440965
2341.800805
2441.686859
2391.164957
2151.176512
2084.970910
2409.338769
2298.974859
2052.006519
2800.283442
2702.356312
2885.219784
2296.167672
2087.102074
2928.163701
2880.702783
2807.927248
2248.851508
2430.640127
2324.893062
2169.470225
2341.837186
2441.700744
