2436.000000
2911.999998
2366.000002
2363.000013
2435.999999
2911.999993
2366.000005
2363.000039
2435.999998
2911.999986
2366.000010
2363.000077
2435.999997
2911.999977
2366.000016
2363.000129
2435.999996
2911.999966
2366.000025
2363.000193
2435.999994
2911.999952
2366.000035
2363.000271
2435.999992
2911.999937
2366.000046
2363.000361
2435.999990
2911.999918
2366.000059
2363.000464
2435.999987
2911.999898
2366.000074
2363.000580
2435.999984
2911.999875
2366.000090
2363.000709
2435.999981
2911.999850
2366.000108
2363.000851
2435.999977
2911.999823
2366.000128
2363.001005
2435.999974
2911.999794
2366.000150
2363.001173
2435.999970
2911.999762
2366.000173
2363.001353
2435.999965
2911.999728
2366.000197
2363.001547
2435.999961
2911.999692
2366.000224
2363.001753
2435.999956
2911.999653
2366.000251
2363.001972
2435.999951
2911.999612
2366.000281
2363.002204
2435.999945
2911.999569
2366.000312
2363.002449
2435.999939
2911.999524
2366.000345
2363.002707
2435.999933
2911.999476
2366.000380
2363.002977
2435.999927
2911.999426
2366.000416
2363.003261
2435.999920
2911.999374
2366.000454
2363.003557
2435.999913
2911.999320
2366.000493
2363.003867
2435.999906
2911.999263
2366.000534
2363.004189
2435.999899
2911.999204
2366.000577
2363.004524
2435.999891
2911.999143
2366.000621
2363.004872
2435.999883
2911.999080
2366.000667
2363.005233
2435.999874
2911.999014
2366.000715
2363.005607
2435.999866
2911.998946
2366.000764
2363.005994
2435.999857
2911.998876
2366.000815
2363.006393
2435.999847
2911.998803
2366.000868
2363.006806
2435.999838
2911.998728
2366.000922
2363.007231
2435.999828
2911.998651
2366.000978
2363.007669
2435.999818
2911.998572
2366.001035
2363.008120
2435.999807
2911.998490
2366.001095
2363.008584
2435.999797
2911.998406
2366.001155
2363.009061
2435.999786
2911.998320
2366.001218
2363.009551
2435.999775
2911.998232
2366.001282
2363.010054
2435.999763
2911.998141
2366.001348
2363.010569
2435.999751
2911.998048
2366.001415
2363.011098
2435.999739
2911.997953
2366.001484
2363.011639
2435.999727
2911.997855
2366.001555
2363.012193
2435.999714
2911.997756
2366.001627
2363.012761
2435.999701
2911.997654
2366.001701
2363.013341
2435.999688
2911.997549
2366.001777
2363.013934
2435.999674
2911.997443
2366.001854
2363.014539
2435.999660
2911.997334
2366.001933
2363.015158
2435.999646
2911.997223
2366.002013
2363.015790
2435.999631
2911.997110
2366.002095
2363.016434
2435.999617
2911.996994
2366.002179
2363.017092
2435.999602
2911.996876
2366.002265
2363.017762
2435.999586
2911.996756
2366.002352
2363.018445
2435.999571
2911.996633
2366.002441
2363.019141
2435.999555
2911.996509
2366.002531
2363.019850
2435.999539
2911.996382
2366.002623
2363.020572
2435.999522
2911.996253
2366.002717
2363.021307
2435.999505
2911.996121
2366.002812
2363.022054
2435.999488
2911.995987
2366.002909
2363.022815
2435.999471
2911.995851
2366.003008
2363.023588
2435.999453
2911.995713
2366.003108
2363.024374
2435.999435
2911.995573
2366.003210
2363.025173
2435.999417
2911.995430
2366.003313
2363.025986
2435.999399
2911.995285
2366.003418
2363.026810
2435.999380
2911.995137
2366.003525
2363.027648
2435.999361
2911.994988
2366.003634
2363.028499
2435.999342
2911.994836
2366.003744
2363.029363
2435.999322
2911.994682
2366.003856
2363.030239
2435.999302
2911.994525
2366.003969
2363.031129
2435.999282
2911.994366
2366.004084
2363.032031
2435.999261
2911.994205
2366.004201
2363.032946
2435.999240
2911.994042
2366.004319
2363.033874
2435.999219
2911.993877
2366.004439
2363.034815
2435.999198
2911.993709
2366.004561
2363.035769
2435.999176
2911.993539
2366.004684
2363.036736
2435.999154
2911.993367
2366.004809
2363.037715
2435.999132
2911.993192
2366.004935
2363.038708
2435.999109
2911.993015
2366.005064
2363.039713
2435.999087
2911.992836
2366.005193
2363.040732
2435.999063
2911.992655
2366.005325
2363.041763
2435.999040
2911.992471
2366.005458
2363.042807
2435.999016
2911.992285
2366.005593
2363.043864
2435.998992
2911.992097
2366.005729
2363.044934
2435.998968
2911.991907
2366.005867
2363.046017
2435.998943
2911.991714
2366.006007
2363.047112
2435.998919
2911.991519
2366.006148
2363.048221
2435.998893
2911.991322
2366.006291
2363.049342
2435.998868
2911.991122
2366.006436
2363.050477
2435.998842
2911.990920
2366.006582
2363.051624
2435.998816
2911.990716
2366.006730
2363.052784
2435.998790
2911.990510
2366.006880
2363.053957
2435.998763
2911.990301
2366.007031
2363.055143
2435.998737
2911.990091
2366.007184
2363.056342
2435.998709
2911.989878
2366.007338
2363.057554
2435.998682
2911.989662
2366.007494
2363.058778
2435.998654
2911.989444
2366.007652
2363.060016
2435.998626
2911.989225
2366.007812
2363.061266
2435.998598
2911.989002
2366.007973
2363.062529
2435.998569
2911.988778
2366.008135
2363.063805
2435.998540
2911.988551
2366.008300
2363.065095
