2624.000023
2484.000058
2912.000031
2036.000034
2784.000026
2144.000040
2224.000074
2891.000030
2460.000092
2886.000298
2179.000088
2149.000063
2542.000049
2744.000111
2471.000037
2984.000172
2922.000043
2838.000022
2089.000018
2207.000015
2624.000069
2484.000174
2912.000093
2036.000103
2784.000077
2144.000121
2224.000222
2891.000089
2460.000277
2886.000893
2179.000264
2149.000189
2542.000148
2744.000333
2471.000112
2984.000515
2922.000129
2838.000066
2089.000053
2207.000044
2624.000139
2484.000349
2912.000186
2036.000205
2784.000154
2144.000243
2224.000445
2891.000179
2460.000555
2886.001786
2179.000527
2149.000377
2542.000297
2744.000666
2471.000225
2984.001031
2922.000259
2838.000133
2089.000107
2207.000089
2624.000231
2484.000581
2912.000310
2036.000342
2784.000257
2144.000405
2224.000742
2891.000298
2460.000924
2886.002976
2179.000879
2149.000629
2542.000494
2744.001111
2471.000375
2984.001718
2922.000431
2838.000221
2089.000178
2207.000148
2624.000347
2484.000872
2912.000465
2036.000513
2784.000385
2144.000607
2224.001112
2891.000447
2460.001386
2886.004464
2179.001318
2149.000943
2542.000741
2744.001666
2471.000562
2984.002577
2922.000646
2838.000332
2089.000267
2207.000221
2624.000486
2484.001221
2912.000651
2036.000718
2784.000539
2144.000850
2224.001557
2891.000626
2460.001941
2886.006250
2179.001845
2149.001320
2542.001038
2744.002333
2471.000787
2984.003607
2922.000905
2838.000464
2089.000373
2207.000310
2624.000648
2484.001628
2912.000868
2036.000958
2784.000719
2144.001133
2224.002077
2891.000834
2460.002588
2886.008333
2179.002460
2149.001760
2542.001384
2744.003110
2471.001050
2984.004810
2922.001207
2838.000619
2089.000498
2207.000413
2624.000833
2484.002093
2912.001116
2036.001231
2784.000924
2144.001457
2224.002670
2891.001073
2460.003327
2886.010714
2179.003163
2149.002263
2542.001779
2744.003999
2471.001350
2984.006184
2922.001551
2838.000796
2089.000640
2207.000531
2624.001041
2484.002616
2912.001395
2036.001539
2784.001155
2144.001821
2224.003337
2891.001341
2460.004159
2886.013392
2179.003954
2149.002829
2542.002224
2744.004998
2471.001687
2984.007730
2922.001939
2838.000995
2089.000800
2207.000664
2624.001272
2484.003197
2912.001706
2036.001881
2784.001412
2144.002225
2224.004079
2891.001639
2460.005083
2886.016368
2179.004833
2149.003457
2542.002718
2744.006109
2471.002062
2984.009448
2922.002370
2838.001216
2089.000978
2207.000811
2624.001527
2484.003837
2912.002047
2036.002258
2784.001694
2144.002670
2224.004895
2891.001967
2460.006099
2886.019642
2179.005800
2149.004149
2542.003261
2744.007331
2471.002474
2984.011338
2922.002844
2838.001459
2089.001174
2207.000974
2624.001805
2484.004534
2912.002419
2036.002668
2784.002002
2144.003156
2224.005785
2891.002324
2460.007208
2886.023213
2179.006854
2149.004903
2542.003854
2744.008664
2471.002924
2984.013399
2922.003361
2838.001725
2089.001387
2207.001151
2624.002105
2484.005290
2912.002822
2036.003113
2784.002336
2144.003682
2224.006749
2891.002712
2460.008410
2886.027082
2179.007996
2149.005720
2542.004497
2744.010108
2471.003412
2984.015632
2922.003922
2838.002012
2089.001618
2207.001342
2624.002429
2484.006104
2912.003256
2036.003592
2784.002695
2144.004248
2224.007787
2891.003129
2460.009704
2886.031249
2179.009227
2149.006600
2542.005189
2744.011663
2471.003937
2984.018037
2922.004525
2838.002322
2089.001867
2207.001549
2624.002776
2484.006976
2912.003721
2036.004105
2784.003080
2144.004855
2224.008899
2891.003576
2460.011090
2886.035713
2179.010545
2149.007543
2542.005930
2744.013329
2471.004499
2984.020614
2922.005171
2838.002653
2089.002134
2207.001770
2624.003146
2484.007906
2912.004217
2036.004652
2784.003491
2144.005502
2224.010086
2891.004053
2460.012568
2886.040475
2179.011951
2149.008549
2542.006721
2744.015106
2471.005099
2984.023363
2922.005861
2838.003007
2089.002418
2207.002006
2624.003540
2484.008894
2912.004745
2036.005233
2784.003927
2144.006190
2224.011347
2891.004559
2460.014139
2886.045535
2179.013445
2149.009618
2542.007561
2744.016995
2471.005736
2984.026283
2922.006594
2838.003383
2089.002721
2207.002257
2624.003956
2484.009941
2912.005303
2036.005849
2784.004389
2144.006919
2224.012682
2891.005096
2460.015803
2886.050892
2179.015026
2149.010749
2542.008450
2744.018994
2471.006411
2984.029375
2922.007369
2838.003781
2089.003041
2207.002522
2624.004396
2484.011045
2912.005892
2036.006499
2784.004877
2144.007687
2224.014091
2891.005662
2460.017558
2886.056547
2179.016696
2149.011943
2542.009389
2744.021104
2471.007123
2984.032639
2922.008188
2838.004201
2089.003379
2207.002803
2624.004858
2484.012208
2912.006512
2036.007183
2784.005390
2144.008496
2224.015574
2891.006258
2460.019406
2886.062499
2179.018453
2149.013200
2542.010377
2744.023326
2471.007873
2984.036075
2922.009050
2838.004643
2089.003734
2207.003098
2624.005344
2484.013429
2912.007163
2036.007901
2784.005929
2144.009346
2224.017131
2891.006884
2460.021347
2886.068749
2179.020299
2149.014520
2542.011415
2744.025658
2471.008660
2984.039683
2922.009955
2838.005107
2089.004108
2207.003407
2624.005853
2484.014708
2912.007846
2036.008654
2784.006494
2144.010236
2224.018763
2891.007539
2460.023380
2886.075297
2179.022232
2149.015903
2542.012502
2744.028102
2471.009485
2984.043463
2922.010903
2838.005594
2089.004499
2207.003732
2624.006385
2484.016045
2912.008559
2036.009441
2784.007084
2144.011167
2224.020468
2891.008225
2460.025505
2886.082143
2179.024253
2149.017349
2542.013638
2744.030656
2471.010347
2984.047414
2922.011894
2838.006102
2089.004908
2207.004071
2624.006940
2484.017440
2912.009303
2036.010262
2784.007700
2144.012138
2224.022248
2891.008940
2460.027722
2886.089286
2179.026362
2149.018857
2542.014824
2744.033322
2471.011247
2984.051537
2922.012929
2838.006633
2089.005335
2207.004425
2624.007519
2484.018893
2912.010078
2036.011117
2784.008342
2144.013149
2224.024102
2891.009685
2460.030032
2886.096727
2179.028559
2149.020429
2542.016059
2744.036099
2471.012184
2984.055833
2922.014006
2838.007186
2089.005779
2207.004794
2624.008120
2484.020405
2912.010885
2036.012006
2784.009009
2144.014201
2224.026031
2891.010460
2460.032435
2886.104466
2179.030843
2149.022063
2542.017344
2744.038987
2471.013159
2984.060300
2922.015126
2838.007761
2089.006242
2207.005178
2624.008745
2484.021974
2912.011722
2036.012930
2784.009702
2144.015294
2224.028033
2891.011264
2460.034929
2886.112502
2179.033216
2149.023760
2542.018678
2744.041986
2471.014171
2984.064939
2922.016290
2838.008358
2089.006722
2207.005576
2624.009393
2484.023602
2912.012590
2036.013887
2784.010420
2144.016426
2224.030109
2891.012099
2460.037516
2886.120836
2179.035676
2149.025520
2542.020061
2744.045095
2471.015221
2984.069749
2922.017497
2838.008977
2089.007220
2207.005989
2624.010063
2484.025288
2912.013489
2036.014879
2784.011165
2144.017600
2224.032260
2891.012963
2460.040196
2886.129468
2179.038225
2149.027342
2542.021494
2744.048316
2471.016308
2984.074732
2922.018746
2838.009618
2089.007735
2207.006417
2624.010757
2484.027031
2912.014420
2036.015905
2784.011935
2144.018814
2224.034485
2891.013857
2460.042967
2886.138398
2179.040861
2149.029228
2542.022976
2744.051648
2471.017433
2984.079887
2922.020039
2838.010281
2089.008269
2207.006859
2624.011475
2484.028834
2912.015381
2036.016966
2784.012730
2144.020068
2224.036784
2891.014781
2460.045831
2886.147625
2179.043585
2149.031176
2542.024508
2744.055091
2471.018595
2984.085213
2922.021375
2838.010967
2089.008820
2207.007316
2624.012215
2484.030694
2912.016373
2036.018060
2784.013552
2144.021362
2224.039157
2891.015734
2460.048787
2886.157151
2179.046397
2149.033187
2542.026089
2744.058646
2471.019794
2984.090711
2922.022754
2838.011674
2089.009389
2207.007788
2624.012978
2484.032612
2912.017397
2036.019189
2784.014399
2144.022698
2224.041604
2891.016718
2460.051836
2886.166974
2179.049297
2149.035261
2542.027719
2744.062311
2471.021031
2984.096382
2922.024176
2838.012404
2089.009976
2207.008275
2624.013765
2484.034588
2912.018451
2036.020352
2784.015271
2144.024073
2224.044126
2891.017731
2460.054977
2886.177095
2179.052284
2149.037398
2542.029399
2744.066087
2471.022306
2984.102224
2922.025642
2838.013155
2089.010580
2207.008777
2624.014574
2484.036623
2912.019536
2036.021549
2784.016170
2144.025489
2224.046722
2891.018774
2460.058210
2886.187513
2179.055360
2149.039598
2542.031128
2744.069974
2471.023618
2984.108238
2922.027150
2838.013929
2089.011203
2207.009293
2624.015407
2484.038716
2912.020653
2036.022780
2784.017094
2144.026946
2224.049391
2891.019846
2460.061536
2886.198230
2179.058523
2149.041860
2542.032906
2744.073972
2471.024967
2984.114424
2922.028702
2838.014725
2089.011843
2207.009824
2624.016263
2484.040866
2912.021800
2036.024046
2784.018043
2144.028443
2224.052135
2891.020949
2460.064953
2886.209244
2179.061774
2149.044185
2542.034734
2744.078082
2471.026354
2984.120782
2922.030296
2838.015543
2089.012501
2207.010370
2624.017142
2484.043075
2912.022979
2036.025346
2784.019019
2144.029980
2224.054953
2891.022081
2460.068463
2886.220556
2179.065113
2149.046573
2542.036611
2744.082302
2471.027779
2984.127312
2922.031934
2838.016384
2089.013177
2207.010930
2624.018044
2484.045342
2912.024188
2036.026680
2784.020019
2144.031558
2224.057846
2891.023243
2460.072066
2886.232166
2179.068540
2149.049024
2542.038538
2744.086633
2471.029241
2984.134014
2922.033614
2838.017246
2089.013870
2207.011505
2624.018969
2484.047668
2912.025428
2036.028048
2784.021046
2144.033176
2224.060812
2891.024435
2460.075760
2886.244074
2179.072055
2149.051538
2542.040514
2744.091076
2471.030740
2984.140889
2922.035338
2838.018130
2089.014581
2207.012095
2624.019918
2484.050051
2912.026700
2036.029450
2784.022098
2144.034835
2224.063853
2891.025657
2460.079547
2886.256280
2179.075658
2149.054114
2542.042539
2744.095629
2471.032277
2984.147935
2922.037105
2838.019037
2089.015310
2207.012700
2624.020889
2484.052492
2912.028002
2036.030887
2784.023176
2144.036534
2224.066968
2891.026908
2460.083426
2886.268784
2179.079349
2149.056753
2542.044614
2744.100293
2471.033851
2984.155153
2922.038915
2838.019965
2089.016057
2207.013320
2624.021884
2484.054992
2912.029335
2036.032358
2784.024280
2144.038274
2224.070157
2891.028190
2460.087397
2886.281585
2179.083127
2149.059455
2542.046738
2744.105069
2471.035463
2984.162543
2922.040768
2838.020916
2089.016822
2207.013954
2624.022902
2484.057549
2912.030700
2036.033863
2784.025409
2144.040054
2224.073420
2891.029501
2460.091461
2886.294685
2179.086993
2149.062220
2542.048911
2744.109955
2471.037112
2984.170105
2922.042665
2838.021889
2089.017604
2207.014603
2624.023942
2484.060165
2912.032095
2036.035402
2784.026564
2144.041875
2224.076757
2891.030842
2460.095617
2886.308082
2179.090947
2149.065048
2542.051133
2744.114953
2471.038799
2984.177839
2922.044604
2838.022884
2089.018404
2207.015267
2624.025006
2484.062839
2912.033522
2036.036975
2784.027745
2144.043736
2224.080168
2891.032212
2460.099865
2886.321778
2179.094989
2149.067938
2542.053405
2744.120061
2471.040523
2984.185745
2922.046586
2838.023901
2089.019222
2207.015945
2624.026094
2484.065571
2912.034979
2036.038583
2784.028951
2144.045637
2224.083654
2891.033613
2460.104205
2886.335771
2179.099119
2149.070891
2542.055727
2744.125280
2471.042285
2984.193824
2922.048612
2838.024940
2089.020058
2207.016638
2624.027204
2484.068361
2912.036468
2036.040225
2784.030183
2144.047579
2224.087214
2891.035043
2460.108637
2886.350063
2179.103337
2149.073907
2542.058097
2744.130611
2471.044084
2984.202074
2922.050680
2838.026002
2089.020912
2207.017346
2624.028337
2484.071209
2912.037987
2036.041901
2784.031440
2144.049562
2224.090848
2891.036503
2460.113162
2886.364653
2179.107643
2149.076986
2542.060517
2744.136052
2471.045921
2984.210497
2922.052792
2838.027085
2089.021783
2207.018069
2624.029494
2484.074116
2912.039537
2036.043611
2784.032724
2144.051585
2224.094556
2891.037993
2460.117778
2886.379540
2179.112036
2149.080127
2542.062987
2744.141605
2471.047795
2984.219091
2922.054947
2838.028191
2089.022672
2207.018806
2624.030673
2484.077080
2912.041119
2036.045355
2784.034033
2144.053648
2224.098338
2891.039513
2460.122487
2886.394726
2179.116518
2149.083331
2542.065505
2744.147268
2471.049706
2984.227858
2922.057145
2838.029318
2089.023579
2207.019559
2624.031876
2484.080103
2912.042731
2036.047134
2784.035367
2144.055752
2224.102194
2891.041062
2460.127288
2886.410210
2179.121087
2149.086598
2542.068073
2744.153043
2471.051655
2984.236797
2922.059386
2838.030468
2089.024503
2207.020326
2624.033102
2484.083183
2912.044375
2036.048947
2784.036727
2144.057896
2224.106125
2891.042641
2460.132181
2886.425991
2179.125744
2149.089928
2542.070690
2744.158928
2471.053642
2984.245908
2922.061670
2838.031640
2089.025446
2207.021107
2624.034351
2484.086322
2912.046049
2036.050794
2784.038113
2144.060081
2224.110130
2891.044250
2460.137167
2886.442071
2179.130489
2149.093320
2542.073357
2744.164924
2471.055665
2984.255191
2922.063997
2838.032834
2089.026406
2207.021904
2624.035623
2484.089519
2912.047755
2036.052675
2784.039525
2144.062306
2224.114208
2891.045889
2460.142244
2886.458449
2179.135322
2149.096775
2542.076073
2744.171032
2471.057727
2984.264646
2922.066368
2838.034050
2089.027384
2207.022715
2624.036918
2484.092774
2912.049491
2036.054590
2784.040962
2144.064571
2224.118361
2891.047558
2460.147414
2886.475126
2179.140242
2149.100293
2542.078838
2744.177250
2471.059825
2984.274274
2922.068781
2838.035288
2089.028380
2207.023541
2624.038236
2484.096087
2912.051259
2036.056540
2784.042425
2144.066877
2224.122589
2891.049256
2460.152675
2886.492100
2179.145251
2149.103874
2542.081652
2744.183579
2471.061962
2984.284074
2922.071237
2838.036548
2089.029393
2207.024382
2624.039577
2484.099458
2912.053057
2036.058524
2784.043913
2144.069224
2224.126890
2891.050984
2460.158029
2886.509373
2179.150347
2149.107517
2542.084516
2744.190019
2471.064135
2984.294046
2922.073737
2838.037831
2089.030424
2207.025237
2624.040942
2484.102888
2912.054887
2036.060542
2784.045428
2144.071611
2224.131266
2891.052742
2460.163475
2886.526944
2179.155531
2149.111223
2542.087429
2744.196571
2471.066346
2984.304190
2922.076280
2838.039135
2089.031473
2207.026107
2624.042329
2484.106375
2912.056747
2036.062594
2784.046967
2144.074038
2224.135715
2891.054530
2460.169012
2886.544813
2179.160803
2149.114992
2542.090391
2744.203233
2471.068595
2984.314507
2922.078866
2838.040462
2089.032540
2207.026992
2624.043740
2484.109921
2912.058639
2036.064680
2784.048533
2144.076506
2224.140239
2891.056347
2460.174642
2886.562980
2179.166163
2149.118824
2542.093403
2744.210006
2471.070881
2984.324996
2922.081495
2838.041811
2089.033625
2207.027892
2624.045174
2484.113524
2912.060561
2036.066801
2784.050124
2144.079014
2224.144837
2891.058194
2460.180364
2886.581446
2179.171611
2149.122718
2542.096464
2744.216890
2471.073205
2984.335657
2922.084167
2838.043182
2089.034727
2207.028806
2624.046631
2484.117186
2912.062515
2036.068956
2784.051741
2144.081563
2224.149509
2891.060071
2460.186178
2886.600210
2179.177147
2149.126675
2542.099574
2744.223885
2471.075565
2984.346490
2922.086882
2838.044575
2089.035847
2207.029735
2624.048111
2484.120906
2912.064499
2036.071145
2784.053383
2144.084152
2224.154256
2891.061978
2460.192084
2886.619272
2179.182770
2149.130695
2542.102733
2744.230991
2471.077964
2984.357496
2922.089640
2838.045990
2089.036985
2207.030679
2624.049614
2484.124684
2912.066515
2036.073368
2784.055052
2144.086782
2224.159076
2891.063915
2460.198082
2886.638632
2179.188481
2149.134777
2542.105942
2744.238208
2471.080400
2984.368674
2922.092441
2838.047427
2089.038141
2207.031638
2624.051140
2484.128520
2912.068561
2036.075625
2784.056745
2144.089452
2224.163971
2891.065881
2460.204172
2886.658291
2179.194281
2149.138922
2542.109200
2744.245535
2471.082873
2984.380025
2922.095286
2838.048886
2089.039315
2207.032611
2624.052689
2484.132414
2912.070639
2036.077917
2784.058465
2144.092163
2224.168940
2891.067877
2460.210354
2886.678249
2179.200168
2149.143130
2542.112507
2744.252974
2471.085383
2984.391548
2922.098173
2838.050368
2089.040506
2207.033599
2624.054262
2484.136366
2912.072747
2036.080242
2784.060210
2144.094914
2224.173983
2891.069903
2460.216628
2886.698505
2179.206142
2149.147400
2542.115863
2744.260524
2471.087931
2984.403243
2922.101104
2838.051871
2089.041715
2207.034602
2624.055857
2484.140376
2912.074887
2036.082602
2784.061981
2144.097705
2224.179100
2891.071959
2460.222994
2886.719059
2179.212205
2149.151733
2542.119269
2744.268184
2471.090517
2984.415111
2922.104077
2838.053397
2089.042942
2207.035620
2624.057476
2484.144445
2912.077057
2036.084997
2784.063777
2144.100537
2224.184291
2891.074045
2460.229451
2886.739912
2179.218356
2149.156129
2542.122724
2744.275956
2471.093140
2984.427151
2922.107094
2838.054945
2089.044186
2207.036652
2624.059118
2484.148571
2912.079259
2036.087425
2784.065599
2144.103409
2224.189557
2891.076160
2460.236001
2886.761063
2179.224594
2149.160587
2542.126228
2744.283838
2471.095800
2984.439364
2922.110154
2838.056514
2089.045449
2207.037699
2624.060783
2484.152756
2912.081491
2036.089888
2784.067447
2144.106322
2224.194896
2891.078305
2460.242642
2886.782513
2179.230920
2149.165108
2542.129781
2744.291831
2471.098498
2984.451749
2922.113257
2838.058106
2089.046729
2207.038761
2624.062471
2484.156998
2912.083755
2036.092384
2784.069320
2144.109276
2224.200310
2891.080480
2460.249376
2886.804261
2179.237335
2149.169692
2542.133384
2744.299935
2471.101233
2984.464307
2922.116403
2838.059721
2089.048027
2207.039837
2624.064182
2484.161299
2912.086049
2036.094915
2784.071219
2144.112269
2224.205798
2891.082684
2460.256201
2886.826308
2179.243837
2149.174338
2542.137036
2744.308150
2471.104006
2984.477037
2922.119593
2838.061357
2089.049342
2207.040929
2624.065916
2484.165658
2912.088375
2036.097480
2784.073144
2144.115303
2224.211360
2891.084919
2460.263118
2886.848653
2179.250426
2149.179047
2542.140736
2744.316476
2471.106816
2984.489940
2922.122825
2838.063015
2089.050676
2207.042035
2624.067673
2484.170075
2912.090731
2036.100080
2784.075094
2144.118378
2224.216996
2891.087183
2460.270127
2886.871297
2179.257104
2149.183819
2542.144487
2744.324913
2471.109664
2984.503015
2922.126100
2838.064696
2089.052027
2207.043155
2624.069453
2484.174550
2912.093119
2036.102713
2784.077070
2144.121493
2224.222707
2891.089477
2460.277228
2886.894240
2179.263870
2149.188653
2542.148286
2744.333461
2471.112548
2984.516263
2922.129419
2838.066398
2089.053396
2207.044291
2624.071257
2484.179083
2912.095537
2036.105381
2784.079072
2144.124648
2224.228491
2891.091801
2460.284421
2886.917482
2179.270723
2149.193550
2542.152135
2744.342119
2471.115471
2984.529683
2922.132781
2838.068123
2089.054783
2207.045441
2624.073083
2484.183674
2912.097987
2036.108083
2784.081099
2144.127844
2224.234350
2891.094154
2460.291705
2886.941022
2179.277664
2149.198510
2542.156032
2744.350889
2471.118430
2984.543277
2922.136185
2838.069870
2089.056187
2207.046606
2624.074933
2484.188324
2912.100467
2036.110819
2784.083152
2144.131081
2224.240283
2891.096537
2460.299081
2886.964861
2179.284693
2149.203532
2542.159979
2744.359769
2471.121428
2984.557042
2922.139633
2838.071638
2089.057609
2207.047786
2624.076805
2484.193031
2912.102979
2036.113589
2784.085231
2144.134358
2224.246290
2891.098951
2460.306549
2886.988999
2179.291810
2149.208616
2542.163975
2744.368760
2471.124462
2984.570981
2922.143124
2838.073430
2089.059050
2207.048980
2624.078701
2484.197796
2912.105521
2036.116394
2784.087335
2144.137675
2224.252372
2891.101393
2460.314109
2887.013435
2179.299015
2149.213764
2542.168020
2744.377862
2471.127534
2984.585092
2922.146658
2838.075243
2089.060507
2207.050189
2624.080620
2484.202620
2912.108095
2036.119233
2784.089465
2144.141033
2224.258527
2891.103866
2460.321761
2887.038170
2179.306307
2149.218974
2542.172115
2744.387075
2471.130643
2984.599376
2922.150235
2838.077078
2089.061983
2207.051413
2624.082562
2484.207501
2912.110699
2036.122106
2784.091621
2144.144431
2224.264757
2891.106368
2460.329504
2887.063205
2179.313688
2149.224246
2542.176258
2744.396399
2471.133790
2984.613833
2922.153856
2838.078935
2089.063476
2207.052652
2624.084527
2484.212441
2912.113335
2036.125013
2784.093802
2144.147869
2224.271060
2891.108900
2460.337339
2887.088538
2179.321156
2149.229581
2542.180451
2744.405833
2471.136974
2984.628462
2922.157519
2838.080815
2089.064988
2207.053905
2624.086515
2484.217439
2912.116001
2036.127954
2784.096009
2144.151348
2224.277438
2891.111462
2460.345265
2887.114170
2179.328712
2149.234979
2542.184693
2744.415378
2471.140196
2984.643264
2922.161226
2838.082716
2089.066516
2207.055174
2624.088526
2484.222495
2912.118699
2036.130929
2784.098241
2144.154868
2224.283890
2891.114054
2460.353283
2887.140101
2179.336356
2149.240439
2542.188984
2744.425034
2471.143455
2984.658239
2922.164975
2838.084640
2089.068063
2207.056456
2624.090560
2484.227609
2912.121427
2036.133939
2784.100500
2144.158428
2224.290417
2891.116675
2460.361393
2887.166331
2179.344088
2149.245962
2542.193324
2744.434801
2471.146751
2984.673387
2922.168768
2838.086586
2089.069628
2207.057754
2624.092617
2484.232780
2912.124187
2036.136983
2784.102784
2144.162028
2224.297017
2891.119326
2460.369595
2887.192860
2179.351907
2149.251547
2542.197713
2744.444679
2471.150085
2984.688708
2922.172604
2838.088554
2089.071210
2207.059066
2624.094698
2484.238010
2912.126977
2036.140061
2784.105093
2144.165669
2224.303692
2891.122007
2460.377888
2887.219688
2179.359815
2149.257195
2542.202151
2744.454668
2471.153456
2984.704201
2922.176483
2838.090544
2089.072810
2207.060393
2624.096801
2484.243299
2912.129799
2036.143173
2784.107428
2144.169350
2224.310440
2891.124718
2460.386273
2887.246815
2179.367810
2149.262905
2542.206639
2744.464767
2471.156865
2984.719868
2922.180405
2838.092556
2089.074428
2207.061735
2624.098928
2484.248645
2912.132651
2036.146320
2784.109789
2144.173072
2224.317263
2891.127459
2460.394749
2887.274241
2179.375893
2149.268678
2542.211175
2744.474977
2471.160311
2984.735707
2922.184370
2838.094590
2089.076063
2207.063092
2624.101077
2484.254049
2912.135535
2036.149500
2784.112175
2144.176834
2224.324160
2891.130229
2460.403317
2887.301966
2179.384064
2149.274513
2542.215761
2744.485298
2471.163794
2984.751720
2922.188378
2838.096647
2089.077716
2207.064463
2624.103250
2484.259511
2912.138449
2036.152715
2784.114587
2144.180636
2224.331132
2891.133029
2460.411976
2887.329991
2179.392323
2149.280411
2542.220396
2744.495730
2471.167314
2984.767905
2922.192429
2838.098725
2089.079387
2207.065849
2624.105446
2484.265031
2912.141395
2036.155964
2784.117025
2144.184479
2224.338177
2891.135859
2460.420727
2887.358315
2179.400669
2149.286372
2542.225079
2744.506272
2471.170872
2984.784264
2922.196524
2838.100826
2089.081076
2207.067250
2624.107665
2484.270610
2912.144371
2036.159247
2784.119489
2144.188363
2224.345296
2891.138718
2460.429569
2887.386938
2179.409103
2149.292395
2542.229812
2744.516925
2471.174468
2984.800795
2922.200661
2838.102949
2089.082783
2207.068665
2624.109907
2484.276246
2912.147378
2036.162565
2784.121978
2144.192287
2224.352490
2891.141607
2460.438503
2887.415860
2179.417626
2149.298480
2542.234594
2744.527689
2471.178101
2984.817500
2922.204842
2838.105094
2089.084507
2207.070095
2624.112172
2484.281941
2912.150417
2036.165916
2784.124492
2144.196251
2224.359758
2891.144526
2460.447528
2887.445082
2179.426236
2149.304628
2542.239425
2744.538564
2471.181771
2984.834377
2922.209066
2838.107261
2089.086249
2207.071540
2624.114460
2484.287693
2912.153486
2036.169302
2784.127033
2144.200256
2224.367100
2891.147475
2460.456645
2887.474603
2179.434934
2149.310838
2542.244305
2744.549549
2471.185478
2984.851428
2922.213333
2838.109450
2089.088009
2207.073000
2624.116771
2484.293504
2912.156587
2036.172722
2784.129599
2144.204301
2224.374516
2891.150454
2460.465853
2887.504424
2179.443719
2149.317111
2542.249234
2744.560645
2471.189223
2984.868652
2922.217643
2838.111661
2089.089787
2207.074474
