2044.001863
2731.002827
2958.999653
2802.997241
2702.999825
2088.000635
2285.000520
2720.998811
2482.001221
2817.997616
2018.011648
2167.994581
2570.999758
2500.999204
2925.000291
2071.001424
2045.000913
2534.001003
2948.999548
2996.999000
2068.000894
2041.000673
2875.998715
2351.998764
2778.999583
2406.999588
2965.999246
2692.000126
2404.001647
2526.000240
2599.996856
2896.998007
2914.989478
2819.990142
2058.994169
2744.996589
2968.996798
2790.001894
2636.000326
2091.000884
2033.999419
2160.000647
2515.997993
2388.002078
2800.001810
2166.999280
2525.002636
2133.999146
2970.998521
2889.999175
2587.996294
2490.001566
2373.000081
2405.006687
2659.000810
2464.999957
2368.000381
2785.998944
2962.998715
2422.999708
2907.006732
2809.012088
2244.001427
2325.000606
2932.999591
2125.999788
2382.001022
2003.001332
2523.999593
2327.000628
2896.000155
2914.998632
2812.999474
2639.999926
2901.996843
2298.999916
2735.999721
2019.001251
2712.001611
2333.999945
2779.996513
2240.999844
2712.000204
2484.999071
2679.999805
2769.999549
2815.994634
2153.005358
2436.999732
2029.000930
2949.001806
2276.994681
2302.000493
2090.000511
2412.998223
2344.000720
2988.998664
2080.000721
2704.000218
2144.000623
2840.999590
2277.002358
2140.000162
2988.998838
2413.001629
2669.998261
2514.999828
2837.998567
2620.998255
2274.999497
2054.000604
2575.999635
2753.999677
2231.001922
2094.000263
2644.000033
2436.998839
2633.998813
2446.997830
2689.997397
2494.998571
2530.999915
2784.000546
2671.998862
2557.999228
2436.999904
2806.999743
2304.000007
2207.999451
2925.999565
2343.014684
2331.999806
2402.000547
2086.999980
2903.999152
2532.999583
2749.000076
2970.999305
2027.002942
2769.998572
2448.999821
2266.001346
2147.999737
2050.000482
2836.000551
2960.998924
2546.999072
2120.001479
2095.000787
2328.000144
2271.000931
2670.999974
2375.997248
2425.992819
2358.987128
2330.003485
2339.002760
2430.999437
2305.002576
2457.999392
2960.997976
2259.001066
2501.001469
2406.997619
2712.013667
2243.993242
2064.999285
2790.998231
2721.993297
2238.006102
2305.001185
2509.998061
2572.000401
2885.999307
2279.000955
2596.999630
2870.999046
2289.001072
2434.000226
2594.000519
2119.000398
2907.999815
2071.000874
2408.999734
2777.000265
2472.998942
2444.000290
2538.000545
2583.000041
2260.000499
2050.001363
2916.999371
2893.002590
2841.996465
2809.996879
2472.999081
2761.000262
2343.999547
2495.999771
2777.999581
2044.005591
2731.008481
2958.998960
2802.991721
2702.999474
2088.001906
2285.001559
2720.996434
2482.003664
2817.992847
2018.034962
2167.983735
2570.999275
2500.997612
2925.000873
2071.004272
2045.002739
2534.003009
2948.998645
2996.997000
2068.002683
2041.002018
2875.996145
2351.996291
2778.998749
2406.998764
2965.997737
2692.000377
2404.004942
2526.000720
2599.990567
2896.994020
2914.968401
2819.970379
2058.982501
2744.989763
2968.990394
2790.005683
2636.000977
2091.002651
2033.998254
2160.001942
2515.993978
2388.006235
2800.005433
2166.997838
2525.007908
2133.997438
2970.995563
2889.997525
2587.988882
2490.004700
2373.000245
2405.020070
2659.002429
2464.999870
2368.001144
2785.996832
2962.996145
2422.999123
2907.020224
2809.036308
2244.004281
2325.001819
2932.998772
2125.999363
2382.003066
2003.003997
2523.998778
2327.001884
2896.000464
2914.995897
2812.998422
2639.999777
2901.990527
2298.999747
2735.999162
2019.003753
2712.004832
2333.999836
2779.989539
2240.999532
2712.000613
2484.997212
2679.999414
2769.998647
2815.983897
2153.016078
2436.999195
2029.002791
2949.005421
2276.984038
2302.001480
2090.001533
2412.994668
2344.002161
2988.995992
2080.002164
2704.000653
2144.001868
2840.998771
2277.007075
2140.000486
2988.996513
2413.004886
2669.994782
2514.999483
2837.995700
2620.994766
2274.998491
2054.001813
2575.998904
2753.999033
2231.005766
2094.000789
2644.000100
2436.996516
2633.996438
2446.993490
2689.992191
2494.995713
2530.999744
2784.001639
2671.996584
2557.997683
2436.999712
2806.999230
2304.000022
2207.998353
2925.998696
2343.044100
2331.999412
2402.001641
2086.999939
2903.997455
2532.998750
2749.000229
2970.997916
2027.008827
2769.995716
2448.999463
2266.004039
2147.999210
2050.001446
2836.001653
2960.996771
2546.997217
2120.004438
2095.002361
2328.000432
2271.002794
2670.999922
2375.991742
2425.978449
2358.961335
2330.010461
2339.008281
2430.998310
2305.007728
2457.998177
2960.993926
2259.003199
2501.004407
2406.992856
2712.041051
2243.979698
2064.997856
2790.994692
2721.979849
2238.018331
2305.003554
2509.994184
2572.001204
2885.997921
2279.002866
2596.998890
2870.997139
2289.003217
2434.000679
2594.001557
2119.001195
2907.999444
2071.002621
2408.999201
2777.000795
2472.996826
2444.000871
2538.001636
2583.000123
2260.001497
2050.004088
2916.998112
2893.007771
2841.989393
2809.990637
2472.997242
2761.000786
2343.998642
2495.999314
2777.998743
2044.011185
2731.016968
2958.997926
2802.983436
2702.998948
2088.003812
2285.003119
2720.992869
2482.007328
2817.985694
2018.069975
2167.967444
2570.998551
2500.995223
2925.001745
2071.008544
2045.005479
2534.006018
2948.997291
2996.993999
2068.005366
2041.004036
2875.992291
2351.992581
2778.997497
2406.997528
2965.995473
2692.000754
2404.009885
2526.001440
2599.981132
2896.988039
2914.936699
2819.940615
2058.964987
2744.979510
2968.980785
2790.011370
2636.001954
2091.005301
2033.996502
2160.003887
2515.987954
2388.012473
2800.010873
2166.995671
2525.015819
2133.994873
2970.991125
2889.995050
2587.977759
2490.009402
2373.000491
2405.040168
2659.004857
2464.999740
2368.002287
2785.993665
2962.992290
2422.998246
2907.040535
2809.072748
2244.008563
2325.003639
2932.997543
2125.998727
2382.006132
2003.007994
2523.997556
2327.003767
2896.000929
2914.991794
2812.996843
2639.999554
2901.981053
2298.999495
2735.998323
2019.007507
2712.009664
2333.999672
2779.979075
2240.999063
2712.001226
2484.994424
2679.998829
2769.997294
2815.967781
2153.032167
2436.998389
2029.005581
2949.010851
2276.968065
2302.002959
2090.003066
2412.989336
2344.004322
2988.991983
2080.004329
2704.001307
2144.003736
2840.997541
2277.014150
2140.000971
2988.993026
2413.009772
2669.989564
2514.998966
2837.991400
2620.989530
2274.996982
2054.003626
2575.997808
2753.998068
2231.011533
2094.001578
2644.000199
2436.993032
2633.992876
2446.986979
2689.984380
2494.991426
2530.999488
2784.003279
2671.993169
2557.995366
2436.999425
2806.998460
2304.000044
2207.996706
2925.997393
2343.088343
2331.998807
2402.003281
2086.999878
2903.994910
2532.997501
2749.000458
2970.995833
2027.017654
2769.991431
2448.998927
2266.008078
2147.998420
2050.002892
2836.003306
2960.993541
2546.994433
2120.008877
2095.004722
2328.000865
2271.005589
2670.999843
2375.983481
2425.956871
2358.922518
2330.020940
2339.016565
2430.996618
2305.015455
2457.996353
2960.987852
2259.006399
2501.008817
2406.985708
2712.082255
2243.959308
2064.995710
2790.989383
2721.959571
2238.036735
2305.007108
2509.988368
2572.002409
2885.995842
2279.005731
2596.997781
2870.994278
2289.006434
2434.001358
2594.003114
2119.002391
2907.998887
2071.005241
2408.998402
2777.001591
2472.993653
2444.001742
2538.003272
2583.000246
2260.002994
2050.008176
2916.996224
2893.015544
2841.978780
2809.981272
2472.994483
2761.001571
2343.997284
2495.998628
2777.997486
2044.018651
2731.028292
2958.996554
2802.972380
2702.998247
2088.006353
2285.005198
2720.988114
2482.012213
2817.976155
2018.116737
2167.945684
2570.997586
2500.992038
2925.002909
2071.014240
2045.009132
2534.010031
2948.995485
2996.989999
2068.008944
2041.006726
2875.987151
2351.987634
2778.995829
2406.995879
2965.992455
2692.001256
2404.016475
2526.002401
2599.968548
2896.980063
2914.894268
2819.900702
2058.941609
2744.965818
2968.967968
2790.018957
2636.003257
2091.008835
2033.994157
2160.006485
2515.979918
2388.020795
2800.018137
2166.992771
2525.026371
2133.991452
2970.985209
2889.991751
2587.962922
2490.015676
2373.000821
2405.067012
2659.008096
2464.999567
2368.003812
2785.989441
2962.987151
2422.997077
2907.067753
2809.121545
2244.014271
2325.006065
2932.995906
2125.997878
2382.010220
2003.013324
2523.995927
2327.006279
2896.001548
2914.986323
2812.994739
2639.999257
2901.968420
2298.999158
2735.997205
2019.012511
2712.016108
2333.999454
2779.965119
2240.998437
2712.002043
2484.990707
2679.998048
2769.995490
2815.946273
2153.053637
2436.997315
2029.009302
2949.018105
2276.946747
2302.004932
2090.005110
2412.982227
2344.007205
2988.986638
2080.007215
2704.002178
2144.006226
2840.995902
2277.023583
2140.001618
2988.988377
2413.016288
2669.982605
2514.998276
2837.985666
2620.982549
2274.994970
2054.006044
2575.996346
2753.996784
2231.019224
2094.002630
2644.000332
2436.988388
2633.988127
2446.978296
2689.973964
2494.985710
2530.999148
2784.005465
2671.988614
2557.992277
2436.999041
2806.997433
2304.000074
2207.994510
2925.995655
2343.147557
2331.997974
2402.005469
2086.999797
2903.991517
2532.995835
2749.000763
2970.993054
2027.029427
2769.985716
2448.998211
2266.013464
2147.997367
2050.004820
2836.005510
2960.989235
2546.990718
2120.014797
2095.007870
2328.001441
2271.009314
2670.999739
2375.972458
2425.928056
2358.870524
2330.034940
2339.027616
2430.994359
2305.025759
2457.993922
2960.979751
2259.010668
2501.014702
2406.976173
2712.137436
2243.931983
2064.992849
2790.982303
2721.932333
2238.061386
2305.011847
2509.980612
2572.004015
2885.993070
2279.009552
2596.996301
2870.990464
2289.010724
2434.002263
2594.005190
2119.003984
2907.998146
2071.008735
2408.997336
2777.002654
2472.989421
2444.002903
2538.005454
2583.000410
2260.004990
2050.013628
2916.993706
2893.025912
2841.964616
2809.968783
2472.990805
2761.002619
2343.995472
2495.997713
2777.995810
2044.027993
2731.042459
2958.994854
2802.958544
2702.997370
2088.009529
2285.007796
2720.982171
2482.018321
2817.964230
2018.175318
2167.918419
2570.996382
2500.988055
2925.004365
2071.021361
2045.013698
2534.015047
2948.993227
2996.984999
2068.013416
2041.010090
2875.980726
2351.981450
2778.993743
2406.993819
2965.988683
2692.001884
2404.024714
2526.003602
2599.952813
2896.970090
2914.840963
2819.850441
2058.912348
2744.948664
2968.951939
2790.028450
2636.004885
2091.013253
2033.991212
2160.009739
2515.969868
2388.031205
2800.027233
2166.989131
2525.039566
2133.987172
2970.977813
2889.987626
2587.944364
2490.023525
2373.001239
2405.100639
2659.012145
2464.999351
2368.005718
2785.984162
2962.980726
2422.995615
2907.101998
2809.182885
2244.021406
2325.009097
2932.993859
2125.996816
2382.015330
2003.019987
2523.993890
2327.009418
2896.002322
2914.979484
2812.992108
2639.998886
2901.952625
2298.998738
2735.995808
2019.018767
2712.024164
2333.999181
2779.947666
2240.997653
2712.003064
2484.986061
2679.997071
2769.993234
2815.919356
2153.080505
2436.995972
2029.013953
2949.027196
2276.920070
2302.007398
2090.007665
2412.973341
2344.010809
2988.979957
2080.010823
2704.003267
2144.009339
2840.993854
2277.035376
2140.002428
2988.982566
2413.024433
2669.973907
2514.997414
2837.978499
2620.973819
2274.992455
2054.009066
2575.994518
2753.995185
2231.028839
2094.003945
2644.000499
2436.982582
2633.982190
2446.967439
2689.960941
2494.978564
2530.998722
2784.008198
2671.982920
2557.988415
2436.998561
2806.996150
2304.000111
2207.991765
2925.993482
2343.221941
2331.996891
2402.008204
2086.999695
2903.987275
2532.993752
2749.001144
2970.989582
2027.044145
2769.978570
2448.997317
2266.020196
2147.996050
2050.007230
2836.008266
2960.983853
2546.986072
2120.022199
2095.011805
2328.002162
2271.013972
2670.999609
2375.958669
2425.891969
2358.805143
2330.052486
2339.041436
2430.991528
2305.038640
2457.990882
2960.969623
2259.016007
2501.022064
2406.964245
2712.206808
2243.897599
2064.989272
2790.973452
2721.897959
2238.092388
2305.017771
2509.970917
2572.006025
2885.989606
2279.014328
2596.994452
2870.985697
2289.016088
2434.003393
2594.007788
2119.005977
2907.997219
2071.013103
2408.996004
2777.003984
2472.984132
2444.004355
2538.008180
2583.000615
2260.007485
2050.020442
2916.990560
2893.038879
2841.946893
2809.953167
2472.986207
2761.003928
2343.993208
2495.996569
2777.993716
2044.039218
2731.059480
2958.992833
2802.941918
2702.996318
2088.013341
2285.010915
2720.975038
2482.025650
2817.949917
2018.245804
2167.885606
2570.994938
2500.983274
2925.006112
2071.029906
2045.019177
2534.021067
2948.990518
2996.978998
2068.018782
2041.014126
2875.973016
2351.974028
2778.991241
2406.991347
2965.984156
2692.002637
2404.034602
2526.005045
2599.933922
2896.958120
2914.776600
2819.789571
2058.877177
2744.928025
2968.932692
2790.039854
2636.006840
2091.018554
2033.987656
2160.013656
2515.957799
2388.043707
2800.038173
2166.984741
2525.055410
2133.982030
2970.968937
2889.982676
2587.922078
2490.032953
2373.001746
2405.141100
2659.017004
2464.999091
2368.008006
2785.977826
2962.973016
2422.993861
2907.143430
2809.257007
2244.029968
2325.012736
2932.991403
2125.995541
2382.021463
2003.027982
2523.991446
2327.013186
2896.003251
2914.971278
2812.988950
2639.998441
2901.933667
2298.998233
2735.994131
2019.026274
2712.033831
2333.998853
2779.926713
2240.996710
2712.004289
2484.980485
2679.995900
2769.990528
2815.887007
2153.112788
2436.994360
2029.019535
2949.038139
2276.888012
2302.010357
2090.010731
2412.962679
2344.015136
2988.971939
2080.015152
2704.004573
2144.013075
2840.991397
2277.049528
2140.003399
2988.975591
2413.034210
2669.963468
2514.996379
2837.969898
2620.963342
2274.989436
2054.012692
2575.992325
2753.993273
2231.040380
2094.005524
2644.000698
2436.975615
2633.975066
2446.954408
2689.945308
2494.969987
2530.998212
2784.011479
2671.976087
2557.983781
2436.997986
2806.994610
2304.000156
2207.988470
2925.990875
2343.311750
2331.995528
2402.011485
2086.999573
2903.982185
2532.991253
2749.001601
2970.985414
2027.061811
2769.969991
2448.996243
2266.028274
2147.994469
2050.010122
2836.011572
2960.977394
2546.980493
2120.031083
2095.016527
2328.003026
2271.019561
2670.999453
2375.942106
2425.848561
2358.726104
2330.073609
2339.058033
2430.988123
2305.054097
2457.987234
2960.957465
2259.022418
2501.030909
2406.949918
2712.290650
2243.855997
2064.984976
2790.962828
2721.856217
2238.129870
2305.024880
2509.959281
2572.008439
2885.985449
2279.020059
2596.992233
2870.979978
2289.022526
2434.004750
2594.010907
2119.008368
2907.996106
2071.018344
2408.994406
2777.005583
2472.977784
2444.006098
2538.011452
2583.000861
2260.010479
2050.028619
2916.986784
2893.054450
2841.925598
2809.934423
2472.980688
2761.005499
2343.990490
2495.995197
2777.991203
2044.052334
2731.079364
2958.990503
2802.922489
2702.995090
2088.017788
2285.014553
2720.966716
2482.034201
2817.933217
2018.328301
2167.847191
2570.993257
2500.977695
2925.008150
2071.039875
2045.025570
2534.028092
2948.987357
2996.971997
2068.025044
2041.018834
2875.964020
2351.965368
2778.988321
2406.988463
2965.978875
2692.003517
2404.046138
2526.006729
2599.911870
2896.944150
2914.700944
2819.717764
2058.836063
2744.903869
2968.910220
2790.053176
2636.009120
2091.024738
2033.983477
2160.018240
2515.943707
2388.058309
2800.050971
2166.979588
2525.073908
2133.976023
2970.958582
2889.976901
2587.896056
2490.043967
2373.002347
2405.188454
2659.022674
2464.998788
2368.010675
2785.970435
2962.964022
2422.991815
2907.192243
2809.344213
2244.039957
2325.016982
2932.988538
2125.994053
2382.028619
2003.037310
2523.988594
2327.017581
2896.004335
2914.961704
2812.985266
2639.997923
2901.911543
2298.997645
2735.992175
2019.035033
2712.045112
2333.998470
2779.902252
2240.995606
2712.005719
2484.973979
2679.994533
2769.987371
2815.849200
2153.150513
2436.992480
2029.026046
2949.050953
2276.850548
2302.013810
2090.014308
2412.950241
2344.020187
2988.962585
2080.020203
2704.006098
2144.017434
2840.988531
2277.066040
2140.004531
2988.967455
2413.045618
2669.951287
2514.995171
2837.959862
2620.951113
2274.985912
2054.016923
2575.989765
2753.991052
2231.053848
2094.007365
2644.000931
2436.967488
2633.966755
2446.939199
2689.927065
2494.959981
2530.997617
2784.015307
2671.968114
2557.978373
2436.997314
2806.992815
2304.000208
2207.984626
2925.987834
2343.417300
2331.993847
2402.015314
2086.999429
2903.976247
2532.988337
2749.002135
2970.980552
2027.082428
2769.959977
2448.994991
2266.037699
2147.992625
2050.013495
2836.015430
2960.969859
2546.973977
2120.041453
2095.022036
2328.004035
2271.026082
2670.999272
2375.922760
2425.797775
2358.633069
2330.098348
2339.077411
2430.984139
2305.072131
2457.982978
2960.943277
2259.029905
2501.041243
2406.933186
2712.389310
2243.806977
2064.979961
2790.950430
2721.806821
2238.173997
2305.033175
2509.945705
2572.011257
2885.980601
2279.026746
2596.989644
2870.973309
2289.030038
2434.006332
2594.014549
2119.011157
2907.994809
2071.024459
2408.992541
2777.007452
2472.970379
2444.008132
2538.015269
2583.001148
2260.013972
2050.038160
2916.982378
2893.072629
2841.900716
2809.912547
2472.974249
2761.007332
2343.987319
2495.993596
2777.988271
2044.067351
2731.102124
2958.987875
2802.900242
2702.993688
2088.022870
2285.018711
2720.957205
2482.043975
2817.914126
2018.422936
2167.803111
2570.991339
2500.971317
2925.010482
2071.051270
2045.032876
2534.036121
2948.983745
2996.963996
2068.032200
2041.024216
2875.953738
2351.955469
2778.984985
2406.985167
2965.972839
2692.004521
2404.059325
2526.008656
2599.886654
2896.928177
2914.613711
2819.634617
2058.788969
2744.876162
2968.884516
2790.068425
2636.011726
2091.031806
2033.978660
2160.023499
2515.927586
2388.075015
2800.065644
2166.973657
2525.095064
2133.969148
2970.946747
2889.970301
2587.866286
2490.056572
2373.003045
2405.242774
2659.029155
2464.998441
2368.013725
2785.961988
2962.953742
2422.989476
2907.248682
2809.444874
2244.051373
2325.021834
2932.985265
2125.992351
2382.036797
2003.047972
2523.985334
2327.022604
2896.005574
2914.950762
2812.981056
2639.997331
2901.886251
2298.996973
2735.989939
2019.045042
2712.058007
2333.998033
2779.874277
2240.994340
2712.007353
2484.966544
2679.992971
2769.983762
2815.805904
2153.193705
2436.990330
2029.033488
2949.065659
2276.807649
2302.017755
2090.018396
2412.936027
2344.025961
2988.951893
2080.025976
2704.007840
2144.022415
2840.985256
2277.084912
2140.005826
2988.958155
2413.058658
2669.937365
2514.993790
2837.948392
2620.937132
2274.981884
2054.021758
2575.986839
2753.988527
2231.069246
2094.009470
2644.001196
2436.958201
2633.957255
2446.921810
2689.906207
2494.948543
2530.996938
2784.019682
2671.959001
2557.972193
2436.996546
2806.990764
2304.000269
2207.980233
2925.984358
2343.538978
2331.991805
2402.019690
2086.999265
2903.969460
2532.985004
2749.002745
2970.974996
2027.105999
2769.948526
2448.993559
2266.048470
2147.990516
2050.017351
2836.019838
2960.961247
2546.966522
2120.053309
2095.028332
2328.005188
2271.033534
2670.999066
2375.900621
2425.739543
2358.525630
2330.126752
2339.099578
2430.979570
2305.092742
2457.978112
2960.927055
2259.038469
2501.053072
2406.914040
2712.503216
2243.750293
2064.974226
2790.936258
2721.749416
2238.224971
2305.042657
2509.930186
2572.014482
2885.975062
2279.034388
2596.986686
2870.965688
2289.038625
2434.008139
2594.018714
2119.014345
2907.993326
2071.031447
2408.990410
2777.009594
2472.961914
2444.010458
2538.019631
2583.001476
2260.017964
2050.049064
2916.977344
2893.093423
2841.872229
2809.887536
2472.966890
2761.009426
2343.983694
2495.991767
2777.984922
2044.084281
2731.127775
2958.984966
2802.875160
2702.992110
2088.028588
2285.023389
2720.946503
2482.054972
2817.892645
2018.529853
2167.753293
2570.989187
2500.964137
2925.013105
2071.064090
2045.041096
2534.045156
2948.979681
2996.954994
2068.040251
2041.030270
2875.942170
2351.944330
2778.981231
2406.981459
2965.966049
2692.005652
2404.074162
2526.010826
2599.858266
2896.910200
2914.514553
2819.539641
2058.735849
2744.844859
2968.855571
2790.085609
2636.014659
2091.039758
2033.973190
2160.029442
2515.909430
2388.093835
2800.082209
2166.966932
2525.118887
2133.961399
2970.933432
2889.962875
2587.832757
2490.070776
2373.003844
2405.304141
2659.036447
2464.998051
2368.017156
2785.952485
2962.942177
2422.986845
2907.313039
2809.559438
2244.064215
2325.027294
2932.981582
2125.990435
2382.045999
2003.059967
2523.981667
2327.028255
2896.006969
2914.938452
2812.976318
2639.996665
2901.857788
2298.996217
2735.987423
2019.056304
2712.072516
2333.997541
2779.842781
2240.992911
2712.009192
2484.958179
2679.991214
2769.979703
2815.757083
2153.242399
2436.987911
2029.041861
2949.082282
2276.759282
2302.022195
2090.022995
2412.920037
2344.032462
2988.939863
2080.032471
2704.009800
2144.028019
2840.981573
2277.106146
2140.007283
2988.947693
2413.073332
2669.921700
2514.992236
2837.935487
2620.921397
2274.977351
2054.027196
2575.983546
2753.985704
2231.086574
2094.011838
2644.001496
2436.947753
2633.946568
2446.902238
2689.882732
2494.935673
2530.996175
2784.024606
2671.948747
2557.965239
2436.995681
2806.988457
2304.000337
2207.975290
2925.980448
2343.677249
2331.989346
2402.024613
2086.999079
2903.961825
2532.981255
2749.003432
2970.968745
2027.132526
2769.935635
2448.991948
2266.060587
2147.988144
2050.021689
2836.024798
2960.951558
2546.958125
2120.066653
2095.035415
2328.006485
2271.041919
2670.998834
2375.875676
2425.673786
2358.403292
2330.158878
2339.124542
2430.974409
2305.115932
2457.972637
2960.908797
2259.048115
2501.066404
2406.892471
2712.632891
2243.685646
2064.967768
2790.920308
2721.683570
2238.283038
2305.053325
2509.912726
2572.018114
2885.968832
2279.042986
2596.983358
2870.957119
2289.048289
2434.010171
2594.023405
2119.017932
2907.991659
2071.039309
2408.988012
2777.012009
2472.952392
2444.013075
2538.024538
2583.001844
2260.022455
2050.061331
2916.971680
2893.116839
2841.840117
2809.859384
2472.958608
2761.011782
2343.979614
2495.989709
2777.981154
2044.103135
2731.156334
2958.981792
2802.847223
2702.990356
2088.034941
2285.028586
2720.934612
2482.067193
2817.868770
2018.649224
2167.697650
2570.986801
2500.956157
2925.016022
2071.078335
2045.050230
2534.055197
2948.975166
2996.944993
2068.049197
2041.036997
2875.929315
2351.931950
2778.977061
2406.977339
2965.958505
2692.006908
2404.090651
2526.013240
2599.826699
2896.890215
2914.403050
2819.432241
2058.676655
2744.809915
2968.823375
2790.104740
2636.017918
2091.048593
2033.967047
2160.036078
2515.889232
2388.114778
2800.100688
2166.959393
2525.145383
2133.952774
2970.918637
2889.954624
2587.795455
2490.086586
2373.004752
2405.372652
2659.044552
2464.997617
2368.020968
2785.941926
2962.929327
2422.983921
2907.385671
2809.688447
2244.078483
2325.033360
2932.977492
2125.988305
2382.056225
2003.073296
2523.977591
2327.034534
2896.008519
2914.924775
2812.971053
2639.995927
2901.826149
2298.995378
2735.984628
2019.068817
2712.088641
2333.996995
2779.807754
2240.991316
2712.011235
2484.948884
2679.989261
2769.975192
2815.702695
2153.296631
2436.985223
2029.051164
2949.100852
2276.705407
2302.027127
2090.028106
2412.902273
2344.039690
2988.926496
2080.039687
2704.011978
2144.034247
2840.977482
2277.129741
2140.008901
2988.936067
2413.089641
2669.904292
2514.990508
2837.921146
2620.903905
2274.972312
2054.033239
2575.979886
2753.982588
2231.105836
2094.014469
2644.001828
2436.936146
2633.934694
2446.880480
2689.856636
2494.921371
2530.995329
2784.030079
2671.937352
2557.957512
2436.994720
2806.985895
2304.000414
2207.969797
2925.976103
2343.832667
2331.986407
2402.030084
2086.998871
2903.953342
2532.977089
2749.004194
2970.961799
2027.162013
2769.921300
2448.990159
2266.074050
2147.985508
2050.026509
2836.030309
2960.940792
2546.948782
2120.081488
2095.043284
2328.007927
2271.051235
2670.998578
2375.847912
2425.600413
2358.265464
2330.194796
2339.152314
2430.968650
2305.141700
2457.966553
2960.888501
2259.058846
2501.081247
2406.868468
2712.778967
2243.612673
2064.960587
2790.902579
2721.608762
2238.348497
2305.065180
2509.893322
2572.022155
2885.961913
2279.052539
2596.979660
2870.947601
2289.059031
2434.012427
2594.028622
2119.021917
2907.989807
2071.048045
2408.985347
2777.014702
2472.941811
2444.015984
2538.029989
2583.002254
2260.027445
2050.074963
2916.965387
2893.142885
2841.804357
2809.828088
2472.949405
2761.014399
2343.975080
2495.987422
2777.976969
