288.246214
178.526779
154.207390
158.448610
164.244209
2642.999779
256.288047
2053.000108
178.526779
2462.136758
158.448610
2073.896294
2642.999779
2442.093515
2053.000108
2880.466639
2462.136758
2633.897712
2073.896294
2243.796673
288.492341
179.053537
154.414968
158.897579
164.488428
2642.999311
256.575941
2053.000337
179.053537
2461.274256
158.897579
2075.781074
2642.999311
2442.187492
2053.000337
2878.945189
2461.274256
2633.794940
2075.781074
2245.586437
288.738382
179.580275
154.622734
159.346905
164.732656
2642.998598
256.863685
2053.000693
179.580275
2460.412489
159.346905
2077.664321
2642.998598
2442.281914
2053.000693
2877.437058
2460.412489
2633.691660
2077.664321
2247.362457
288.984337
180.106992
154.830689
159.796585
164.976894
2642.997640
257.151279
2053.001182
180.106992
2459.551451
159.796585
2079.546039
2642.997640
2442.376764
2053.001182
2875.943586
2459.551451
2633.587877
2079.546039
2249.123483
289.230207
180.633688
155.038831
160.246615
165.221141
2642.996440
257.438726
2053.001807
180.633688
2458.691136
160.246615
2081.426236
2642.996440
2442.472025
2053.001807
2874.466040
2458.691136
2633.483595
2081.426236
2250.868344
289.475990
181.160364
155.247162
160.696993
165.465398
2642.994997
257.726026
2053.002575
181.160364
2457.831539
160.696993
2083.304918
2642.994997
2442.567682
2053.002575
2873.005606
2457.831539
2633.378817
2083.304918
2252.595948
289.721687
181.687018
155.455680
161.147714
165.709664
2642.993314
258.013183
2053.003491
181.687018
2456.972653
161.147714
2085.182091
2642.993314
2442.663718
2053.003491
2871.563393
2456.972653
2633.273546
2085.182091
2254.305285
289.967298
182.213651
155.664386
161.598776
165.953940
2642.991390
258.300197
2053.004559
182.213651
2456.114473
161.598776
2087.057763
2642.991390
2442.760119
2053.004559
2870.140422
2456.114473
2633.167786
2087.057763
2255.995430
290.212824
182.740263
155.873279
162.050173
166.198226
2642.989229
258.587071
2053.005783
182.740263
2455.256993
162.050173
2088.931939
2642.989229
2442.856870
2053.005783
2868.737632
2455.256993
2633.061538
2088.931939
2257.665542
290.458264
183.266854
156.082360
162.501903
166.442521
2642.986830
258.873806
2053.007169
183.266854
2454.400207
162.501903
2090.804628
2642.986830
2442.953957
2053.007169
2867.355874
2454.400207
2632.954804
2090.804628
2259.314867
290.703618
183.793423
156.291627
162.953960
166.686826
2642.984194
259.160406
2053.008719
183.793423
2453.544111
162.953960
2092.675837
2642.984194
2443.051368
2053.008719
2865.995912
2453.544111
2632.847586
2092.675837
2260.942736
290.948887
184.319970
156.501082
163.406341
166.931141
2642.981323
259.446872
2053.010438
184.319970
2452.688697
163.406341
2094.545573
2642.981323
2443.149088
2053.010438
2864.658427
2452.688697
2632.739884
2094.545573
2262.548565
291.194071
184.846496
156.710723
163.859041
167.175466
2642.978217
259.733206
2053.012330
184.846496
2451.833961
163.859041
2096.413844
2642.978217
2443.247106
2053.012330
2863.344011
2451.833961
2632.631699
2096.413844
2264.131852
291.439169
185.373001
156.920551
164.312055
167.419800
2642.974878
260.019411
2053.014397
185.373001
2450.979896
164.312055
2098.280658
2642.974878
2443.345409
2053.014397
2862.053177
2450.979896
2632.523031
2098.280658
2265.692179
291.684181
185.899483
157.130566
164.765379
167.664145
2642.971307
260.305490
2053.016644
185.899483
2450.126497
164.765379
2100.146023
2642.971307
2443.443985
2053.016644
2860.786355
2450.126497
2632.413880
2100.146023
2267.229204
291.929109
186.425944
157.340767
165.219008
167.908499
2642.967504
260.591444
2053.019072
186.425944
2449.273759
165.219008
2102.009947
2642.967504
2443.542824
2053.019072
2859.543897
2449.273759
2632.304245
2102.009947
2268.742663
292.173951
186.952382
157.551154
165.672938
168.152863
2642.963471
260.877277
2053.021686
186.952382
2448.421676
165.672938
2103.872439
2642.963471
2443.641913
2053.021686
2858.326080
2448.421676
2632.194126
2103.872439
2270.232362
292.418708
187.478799
157.761728
166.127163
168.397237
2642.959208
261.162990
2053.024486
187.478799
2447.570242
166.127163
2105.733508
2642.959208
2443.741243
2053.024486
2857.133109
2447.570242
2632.083519
2105.733508
2271.698180
292.663380
188.005193
157.972487
166.581679
168.641621
2642.954716
261.448587
2053.027476
188.005193
2446.719452
166.581679
2107.593163
2642.954716
2443.840804
2053.027476
2855.965121
2446.719452
2631.972424
2107.593163
2273.140058
292.907967
188.531565
158.183432
167.036481
168.886015
2642.949997
261.734069
2053.030658
188.531565
2445.869300
167.036481
2109.451412
2642.949997
2443.940585
2053.030658
2854.822189
2445.869300
2631.860837
2109.451412
2274.558001
293.152468
189.057914
158.394563
167.491564
169.130419
2642.945050
262.019440
2053.034033
189.057914
2445.019780
167.491564
2111.308265
2642.945050
2444.040577
2053.034033
2853.704323
2445.019780
2631.748755
2111.308265
2275.952072
293.396886
189.584241
158.605880
167.946924
169.374833
2642.939878
262.304701
2053.037604
189.584241
2444.170888
167.946924
2113.163730
2642.939878
2444.140771
2053.037604
2852.611479
2444.170888
2631.636176
2113.163730
2277.322385
293.641218
190.110546
158.817382
168.402555
169.619257
2642.934480
262.589855
2053.041372
190.110546
2443.322617
168.402555
2115.017818
2642.934480
2444.241158
2053.041372
2851.543560
2443.322617
2631.523093
2115.017818
2278.669107
293.885465
190.636828
159.029069
168.858454
169.863692
2642.928858
262.874905
2053.045339
190.636828
2442.474962
168.858454
2116.870538
2642.928858
2444.341729
2053.045339
2850.500419
2442.474962
2631.409504
2116.870538
2279.992450
294.129628
191.163087
159.240941
169.314615
170.108136
2642.923012
263.159853
2053.049505
191.163087
2441.627917
169.314615
2118.721901
2642.923012
2444.442476
2053.049505
2849.481865
2441.627917
2631.295403
2118.721901
2281.292665
294.373706
191.689323
159.452998
169.771034
170.352590
2642.916944
263.444702
2053.053871
191.689323
2440.781478
169.771034
2120.571915
2642.916944
2444.543392
2053.053871
2848.487669
2440.781478
2631.180784
2120.571915
2282.570046
294.617700
192.215536
159.665240
170.227706
170.597054
2642.910653
263.729454
2053.058440
192.215536
2439.935638
170.227706
2122.420590
2642.910653
2444.644468
2053.058440
2847.517562
2439.935638
2631.065640
2122.420590
2283.824916
294.861609
192.741726
159.877667
170.684627
170.841529
2642.904141
264.014111
2053.063210
192.741726
2439.090392
170.684627
2124.267938
2642.904141
2444.745697
2053.063210
2846.571244
2439.090392
2630.949965
2124.267938
2285.057633
295.105433
193.267892
160.090279
171.141793
171.086014
2642.897409
264.298676
2053.068184
193.267892
2438.245735
171.141793
2126.113968
2642.897409
2444.847072
2053.068184
2845.648384
2438.245735
2630.833751
2126.113968
2286.268579
295.349173
193.794036
160.303075
171.599199
171.330508
2642.890457
264.583151
2053.073361
193.794036
2437.401661
171.599199
2127.958690
2642.890457
2444.948586
2053.073361
2844.748626
2437.401661
2630.716991
2127.958690
2287.458163
295.592829
194.320156
160.516055
172.056840
171.575013
2642.883286
264.867538
2053.078742
194.320156
2436.558165
172.056840
2129.802116
2642.883286
2445.050232
2053.078742
2843.871592
2436.558165
2630.599674
2129.802116
2288.626811
295.836401
194.846252
160.729220
172.514713
171.819528
2642.875896
265.151840
2053.084328
194.846252
2435.715241
172.514713
2131.644255
2642.875896
2445.152005
2053.084328
2843.016882
2435.715241
2630.481792
2131.644255
2289.774971
296.079888
195.372325
160.942568
172.972814
172.064054
2642.868289
265.436058
2053.090117
195.372325
2434.872885
172.972814
2133.485119
2642.868289
2445.253897
2053.090117
2842.184082
2434.872885
2630.363335
2133.485119
2290.903104
296.323291
195.898374
161.156101
173.431139
172.308589
2642.860465
265.720195
2053.096111
195.898374
2434.031089
173.431139
2135.324717
2642.860465
2445.355904
2053.096111
2841.372763
2434.031089
2630.244290
2135.324717
2292.011684
296.566610
196.424399
161.369818
173.889683
172.553135
2642.852425
266.004254
2053.102310
196.424399
2433.189850
173.889683
2137.163061
2642.852425
2445.458018
2053.102310
2840.582482
2433.189850
2630.124648
2137.163061
2293.101195
296.809845
196.950400
161.583718
174.348444
172.797691
2642.844168
266.288235
2053.108712
196.950400
2432.349161
174.348444
2139.000162
2642.844168
2445.560236
2053.108712
2839.812792
2432.349161
2630.004394
2139.000162
2294.172130
297.052996
197.476377
161.797801
174.807417
173.042257
2642.835697
266.572141
2053.115319
197.476377
2431.509018
174.807417
2140.836030
2642.835697
2445.662551
2053.115319
2839.063233
2431.509018
2629.883516
2140.836030
2295.224988
297.296063
198.002330
162.012069
175.266599
173.286834
2642.827012
266.855975
2053.122129
198.002330
2430.669415
175.266599
2142.670677
2642.827012
2445.764958
2053.122129
2838.333345
2430.669415
2629.761999
2142.670677
2296.260274
297.539046
198.528258
162.226519
175.725986
173.531420
2642.818112
267.139737
2053.129143
198.528258
2429.830346
175.725986
2144.504114
2642.818112
2445.867453
2053.129143
2837.622663
2429.830346
2629.639829
2144.504114
2297.278492
297.781945
199.054162
162.441153
176.185576
173.776017
2642.809000
267.423430
2053.136359
199.054162
2428.991806
176.185576
2146.336351
2642.809000
2445.970031
2053.136359
2836.930718
2428.991806
2629.516988
2146.336351
2298.280151
298.024760
199.580041
162.655970
176.645364
174.020624
2642.799675
267.707056
2053.143778
199.580041
2428.153790
176.645364
2148.167400
2642.799675
2446.072687
2053.143778
2836.257046
2428.153790
2629.393460
2148.167400
2299.265759
298.267492
200.105896
162.870970
177.105348
174.265242
2642.790137
267.990616
2053.151400
200.105896
2427.316292
177.105348
2149.997273
2642.790137
2446.175418
2053.151400
2835.601179
2427.316292
2629.269227
2149.997273
2300.235823
298.510140
200.631725
163.086153
177.565524
174.509870
2642.780389
268.274112
2053.159222
200.631725
2426.479307
177.565524
2151.825980
2642.780389
2446.278218
2053.159222
2834.962655
2426.479307
2629.144268
2151.825980
2301.190847
298.752704
201.157529
163.301518
178.025890
174.754508
2642.770429
268.557547
2053.167246
201.157529
2425.642830
178.025890
2153.653532
2642.770429
2446.381085
2053.167246
2834.341016
2425.642830
2629.018565
2153.653532
2302.131334
298.995185
201.683308
163.517066
178.486443
174.999156
2642.760259
268.840920
2053.175469
201.683308
2424.806855
178.486443
2155.479942
2642.760259
2446.484014
2053.175469
2833.735805
2424.806855
2628.892093
2155.479942
2303.057782
299.237582
202.209062
163.732797
178.947180
175.243814
2642.749879
269.124235
2053.183892
202.209062
2423.971376
178.947180
2157.305221
2642.749879
2446.587002
2053.183892
2833.146573
2423.971376
2628.764832
2157.305221
2303.970684
299.479896
202.734790
163.948710
179.408098
175.488483
2642.739290
269.407492
2053.192514
202.734790
2423.136389
179.408098
2159.129379
2642.739290
2446.690045
2053.192514
2832.572878
2423.136389
2628.636756
2159.129379
2304.870531
299.722126
203.260492
164.164806
179.869195
175.733163
2642.728492
269.690694
2053.201334
203.260492
2422.301887
179.869195
2160.952429
2642.728492
2446.793140
2053.201334
2832.014284
2422.301887
2628.507839
2160.952429
2305.757807
299.964273
203.786169
164.381083
180.330468
175.977852
2642.717486
269.973841
2053.210351
203.786169
2421.467866
180.330468
2162.774382
2642.717486
2446.896283
2053.210351
2831.470359
2421.467866
2628.378054
2162.774382
2306.632989
300.206336
204.311819
164.597543
180.791915
176.222552
2642.706272
270.256935
2053.219565
204.311819
2420.634319
180.791915
2164.595250
2642.706272
2446.999473
2053.219565
2830.940685
2420.634319
2628.247372
2164.595250
2307.496552
300.448317
204.837443
164.814185
181.253534
176.467262
2642.694850
270.539978
2053.228975
204.837443
2419.801242
181.253534
2166.415044
2642.694850
2447.102706
2053.228975
2830.424847
2419.801242
2628.115762
2166.415044
2308.348962
300.690213
205.363041
165.031008
181.715322
176.711983
2642.683221
270.822970
2053.238579
205.363041
2418.968629
181.715322
2168.233776
2642.683221
2447.205979
2053.238579
2829.922441
2418.968629
2627.983192
2168.233776
2309.190680
300.932027
205.888612
165.248013
182.177278
176.956714
2642.671386
271.105913
2053.248378
205.888612
2418.136474
182.177278
2170.051458
2642.671386
2447.309290
2053.248378
2829.433071
2418.136474
2627.849626
2170.051458
2310.022161
301.173758
206.414156
165.465200
182.639399
177.201455
2642.659345
271.388809
2053.258369
206.414156
2417.304772
182.639399
2171.868101
2642.659345
2447.412637
2053.258369
2828.956350
2417.304772
2627.715029
2171.868101
2310.843856
301.415405
206.939674
165.682569
183.101684
177.446206
2642.647098
271.671658
2053.268553
206.939674
2416.473517
183.101684
2173.683717
2642.647098
2447.516017
2053.268553
2828.491901
2416.473517
2627.579362
2173.683717
2311.656208
301.656969
207.465163
165.900119
183.564130
177.690968
2642.634646
271.954462
2053.278929
207.465163
2415.642704
183.564130
2175.498319
2642.634646
2447.619427
2053.278929
2828.039355
2415.642704
2627.442584
2175.498319
2312.459655
301.898451
207.990626
166.117850
184.026736
177.935740
2642.621988
272.237222
2053.289496
207.990626
2414.812327
184.026736
2177.311917
2642.621988
2447.722867
2053.289496
2827.598353
2414.812327
2627.304651
2177.311917
2313.254630
302.139849
208.516061
166.335763
184.489500
178.180523
2642.609127
272.519939
2053.300252
208.516061
2413.982380
184.489500
2179.124525
2642.609127
2447.826334
2053.300252
2827.168544
2413.982380
2627.165517
2179.124525
2314.041562
302.381164
209.041467
166.553857
184.952421
178.425316
2642.596061
272.802614
2053.311198
209.041467
2413.152858
184.952421
2180.936153
2642.596061
2447.929827
2053.311198
2826.749589
2413.152858
2627.025134
2180.936153
2314.820874
302.622397
209.566846
166.772132
185.415497
178.670119
2642.582792
273.085248
2053.322332
209.566846
2412.323755
185.415497
2182.746814
2642.582792
2448.033343
2053.322332
2826.341156
2412.323755
2626.883449
2182.746814
2315.592987
302.863547
210.092196
166.990587
185.878727
178.914932
2642.569319
273.367843
2053.333653
210.092196
2411.495065
185.878727
2184.556521
2642.569319
2448.136882
2053.333653
2825.942922
2411.495065
2626.740409
2184.556521
2316.358315
303.104613
210.617517
167.209224
186.342110
179.159756
2642.555643
273.650398
2053.345161
210.617517
2410.666783
186.342110
2186.365285
2642.555643
2448.240441
2053.345161
2825.554574
2410.666783
2626.595953
2186.365285
2317.117273
303.345597
211.142809
167.428041
186.805644
179.404591
2642.541764
273.932916
2053.356854
211.142809
2409.838903
186.805644
2188.173118
2642.541764
2448.344020
2053.356854
2825.175808
2409.838903
2626.450021
2188.173118
2317.870271
303.586499
211.668072
167.647040
187.269327
179.649435
2642.527683
274.215396
2053.368733
211.668072
2409.011418
187.269327
2189.980033
2642.527683
2448.447618
2053.368733
2824.806329
2409.011418
2626.302547
2189.980033
2318.617716
303.827317
212.193305
167.866218
187.733160
179.894290
2642.513400
274.497841
2053.380796
212.193305
2408.184324
187.733160
2191.786043
2642.513400
2448.551233
2053.380796
2824.445850
2408.184324
2626.153460
2191.786043
2319.360018
304.068053
212.718508
168.085578
188.197141
180.139156
2642.498915
274.780251
2053.393042
212.718508
2407.357613
188.197141
2193.591159
2642.498915
2448.654865
2053.393042
2824.094092
2407.357613
2626.002687
2193.591159
2320.097581
304.308706
213.243681
168.305117
188.661269
180.384031
2642.484229
275.062626
2053.405470
213.243681
2406.531281
188.661269
2195.395395
2642.484229
2448.758512
2053.405470
2823.750785
2406.531281
2625.850149
2195.395395
2320.830815
304.549277
213.768823
168.524837
189.125543
180.628917
2642.469341
275.344967
2053.418081
213.768823
2405.705320
189.125543
2197.198763
2642.469341
2448.862175
2053.418081
2823.415669
2405.705320
2625.695761
2197.198763
2321.560126
304.789765
214.293934
168.744737
189.589963
180.873814
2642.454252
275.627276
2053.430873
214.293934
2404.879725
189.589963
2199.001275
2642.454252
2448.965852
2053.430873
2823.088490
2404.879725
2625.539433
2199.001275
2322.285926
305.030171
214.819013
168.964818
190.054528
181.118721
2642.438963
275.909553
2053.443845
214.819013
2404.054490
190.054528
2200.802946
2642.438963
2449.069543
2053.443845
2822.769001
2404.054490
2625.381071
2200.802946
2323.008628
305.270494
215.344061
169.185078
190.519237
181.363638
2642.423473
276.191799
2053.456996
215.344061
2403.229608
190.519237
2202.603787
2642.423473
2449.173247
2053.456996
2822.456965
2403.229608
2625.220571
2202.603787
2323.728649
305.510735
215.869076
169.405519
190.984090
181.608565
2642.407783
276.474014
2053.470327
215.869076
2402.405073
190.984090
2204.403811
2642.407783
2449.276965
2053.470327
2822.152151
2402.405073
2625.057827
2204.403811
2324.446411
305.750893
216.394058
169.626139
191.449087
181.853503
2642.391893
276.756200
2053.483835
216.394058
2401.580879
191.449087
2206.203033
2642.391893
2449.380695
2053.483835
2821.854336
2401.580879
2624.892721
2206.203033
2325.162344
305.990969
216.919007
169.846939
191.914226
182.098452
2642.375803
277.038356
2053.497522
216.919007
2400.757019
191.914226
2208.001465
2642.375803
2449.484439
2053.497522
2821.563303
2400.757019
2624.725130
2208.001465
2325.876884
306.230962
217.443923
170.067919
192.379509
182.343410
2642.359513
277.320484
2053.511385
217.443923
2399.933486
192.379509
2209.799121
2642.359513
2449.588196
2053.511385
2821.278842
2399.933486
2624.554922
2209.799121
2326.590477
306.470874
217.968804
170.289079
192.844934
182.588379
2642.343024
277.602585
2053.525424
217.968804
2399.110275
192.844934
2211.596015
2642.343024
2449.691966
2053.525424
2821.000752
2399.110275
2624.381954
2211.596015
2327.303580
306.710703
218.493650
170.510418
193.310502
182.833359
2642.326336
277.884657
2053.539639
218.493650
2398.287377
193.310502
2213.392159
2642.326336
2449.795749
2053.539639
2820.728836
2398.287377
2624.206075
2213.392159
2328.016659
306.950449
219.018460
170.731937
193.776212
183.078349
2642.309448
278.166704
2053.554028
219.018460
2397.464787
193.776212
2215.187570
2642.309448
2449.899546
2053.554028
2820.462903
2397.464787
2624.027122
2215.187570
2328.730198
307.190114
219.543235
170.953635
194.242066
183.323349
2642.292362
278.448724
2053.568592
219.543235
2396.642498
194.242066
2216.982260
2642.292362
2450.003357
2053.568592
2820.202770
2396.642498
2623.844921
2216.982260
2329.444694
307.429696
220.067972
171.175513
194.708062
183.568359
2642.275077
278.730719
2053.583330
220.067972
2395.820502
194.708062
2218.776244
2642.275077
2450.107183
2053.583330
2819.948260
2395.820502
2623.659284
2218.776244
2330.160664
307.669196
220.592672
171.397570
195.174202
183.813380
2642.257593
279.012689
2053.598241
220.592672
2394.998792
195.174202
2220.569536
2642.257593
2450.211025
2053.598241
2819.699199
2394.998792
2623.470012
2220.569536
2330.878643
307.908614
221.117334
171.619806
195.640486
184.058412
2642.239910
279.294635
2053.613325
221.117334
2394.177360
195.640486
2222.362152
2642.239910
2450.314882
2053.613325
2819.455422
2394.177360
2623.276886
2222.362152
2331.599192
308.147950
221.641957
171.842221
196.106914
184.303454
2642.222030
279.576557
2053.628580
221.641957
2393.356200
196.106914
2224.154107
2642.222030
2450.418756
2053.628580
2819.216766
2393.356200
2623.079675
2224.154107
2332.322893
308.387204
222.166540
172.064815
196.573488
184.548506
2642.203951
279.858455
2053.644007
222.166540
2392.535304
196.573488
2225.945416
2642.203951
2450.522648
2053.644007
2818.983077
2392.535304
2622.878129
2225.945416
2333.050359
308.626376
222.691082
172.287589
197.040207
184.793568
2642.185673
280.140331
2053.659606
222.691082
2391.714663
197.040207
2227.736094
2642.185673
2450.626559
2053.659606
2818.754203
2391.714663
2622.671976
2227.736094
2333.782236
308.865466
223.215582
172.510541
197.507074
185.038641
2642.167198
280.422184
2053.675374
223.215582
2390.894271
197.507074
2229.526158
2642.167198
2450.730490
2053.675374
2818.529997
2390.894271
2622.460925
2229.526158
2334.519201
309.104474
223.740040
172.733673
197.974088
185.283724
2642.148524
280.704015
2053.691313
223.740040
2390.074118
197.974088
2231.315624
2642.148524
2450.834442
2053.691313
2818.310320
2390.074118
2622.244661
2231.315624
2335.261975
309.343399
224.264454
172.956983
198.441252
185.528818
2642.129652
280.985824
2053.707422
224.264454
2389.254197
198.441252
2233.104508
2642.129652
2450.938417
2053.707422
2818.095033
2389.254197
2622.022843
2233.104508
2336.011319
309.582243
224.788822
173.180472
198.908566
185.773922
2642.110582
281.267613
2053.723700
224.788822
2388.434499
198.908566
2234.892828
2642.110582
2451.042416
2053.723700
2817.884006
2388.434499
2621.795102
2234.892828
2336.768044
309.821005
225.313145
173.404140
199.376033
186.019037
2642.091315
281.549381
2053.740146
225.313145
2387.615015
199.376033
2236.680600
2642.091315
2451.146440
2053.740146
2817.677108
2387.615015
2621.561037
2236.680600
2337.533015
310.059685
225.837420
173.627987
199.843653
186.264162
2642.071849
281.831128
2053.756761
225.837420
2386.795737
199.843653
2238.467843
2642.071849
2451.250492
2053.756761
2817.474218
2386.795737
2621.320214
2238.467843
2338.307157
310.298283
226.361646
173.852012
200.311430
186.509297
2642.052185
282.112856
2053.773543
226.361646
2385.976654
200.311430
2240.254575
2642.052185
2451.354572
2053.773543
2817.275214
2385.976654
2621.072162
2240.254575
2339.091462
310.536799
226.885822
174.076216
200.779364
186.754443
2642.032323
282.394564
2053.790494
226.885822
2385.157758
200.779364
2242.040815
2642.032323
2451.458683
2053.790494
2817.079981
2385.157758
2620.816365
2242.040815
2339.886994
310.775234
227.409946
174.300598
201.247459
186.999599
2642.012264
282.676253
2053.807611
227.409946
2384.339039
201.247459
2243.826581
2642.012264
2451.562827
2053.807611
2816.888406
2384.339039
2620.552265
2243.826581
2340.694903
311.013586
227.934016
174.525159
201.715717
187.244765
2641.992006
282.957923
2053.824896
227.934016
2383.520487
201.715717
2245.611894
2641.992006
2451.667006
2053.824896
2816.700381
2383.520487
2620.279252
2245.611894
2341.516429
311.251857
228.458030
174.749898
202.184141
187.489942
2641.971550
283.239575
2053.842347
228.458030
2382.702091
202.184141
2247.396774
2641.971550
2451.771222
2053.842347
2816.515800
2382.702091
2619.996658
2247.396774
2342.352916
311.490046
228.981987
174.974816
202.652734
187.735130
2641.950895
283.521209
2053.859964
228.981987
2381.883840
202.652734
2249.181242
2641.950895
2451.875477
2053.859964
2816.334561
2381.883840
2619.703754
2249.181242
2343.205820
311.728153
229.505884
175.199912
203.121499
187.980327
2641.930043
283.802824
2053.877747
229.505884
2381.065724
203.121499
2250.965320
2641.930043
2451.979773
2053.877747
2816.156566
2381.065724
2619.399740
2250.965320
2344.076728
311.966179
230.029719
175.425186
203.590440
188.225536
2641.908992
284.084423
2053.895696
230.029719
2380.247731
203.590440
2252.749031
2641.908992
2452.084114
2053.895696
2815.981720
2380.247731
2619.083741
2252.749031
2344.967371
312.204122
230.553490
175.650639
204.059562
188.470754
2641.887743
284.366004
2053.913810
230.553490
2379.429849
204.059562
2254.532397
2641.887743
2452.188502
2053.913810
2815.809929
2379.429849
2618.754792
2254.532397
2345.879637
