2054.000027
2339.000016
2968.000341
2543.000233
2318.000060
2872.000039
2849.000302
2562.000200
2721.000029
2954.000046
2130.000063
2791.000035
2553.000069
2193.000221
2536.000068
2284.000150
2233.000109
2718.000094
2909.000216
2443.000370
2054.000081
2339.000048
2968.001024
2543.000699
2318.000179
2872.000118
2849.000906
2562.000601
2721.000086
2954.000139
2130.000190
2791.000106
2553.000207
2193.000664
2536.000204
2284.000451
2233.000326
2718.000283
2909.000648
2443.001110
2054.000161
2339.000096
2968.002048
2543.001399
2318.000359
2872.000236
2849.001811
2562.001202
2721.000172
2954.000278
2130.000381
2791.000211
2553.000413
2193.001327
2536.000408
2284.000902
2233.000653
2718.000565
2909.001297
2443.002221
2054.000269
2339.000160
2968.003413
2543.002331
2318.000598
2872.000394
2849.003018
2562.002004
2721.000287
2954.000464
2130.000635
2791.000352
2553.000689
2193.002212
2536.000679
2284.001503
2233.001088
2718.000942
2909.002161
2443.003701
2054.000403
2339.000239
2968.005119
2543.003497
2318.000897
2872.000590
2849.004528
2562.003006
2721.000431
2954.000696
2130.000952
2791.000528
2553.001033
2193.003318
2536.001019
2284.002254
2233.001631
2718.001413
2909.003242
2443.005552
2054.000564
2339.000335
2968.007167
2543.004896
2318.001256
2872.000827
2849.006339
2562.004209
2721.000603
2954.000974
2130.001333
2791.000739
2553.001446
2193.004645
2536.001427
2284.003156
2233.002284
2718.001978
2909.004539
2443.007773
2054.000752
2339.000447
2968.009556
2543.006528
2318.001674
2872.001102
2849.008451
2562.005612
2721.000804
2954.001299
2130.001777
2791.000986
2553.001928
2193.006193
2536.001902
2284.004208
2233.003045
2718.002637
2909.006052
2443.010364
2054.000967
2339.000574
2968.012286
2543.008393
2318.002153
2872.001417
2849.010866
2562.007215
2721.001033
2954.001670
2130.002285
2791.001268
2553.002479
2193.007963
2536.002446
2284.005410
2233.003915
2718.003391
2909.007781
2443.013325
2054.001209
2339.000718
2968.015358
2543.010491
2318.002691
2872.001771
2849.013583
2562.009019
2721.001292
2954.002087
2130.002856
2791.001585
2553.003099
2193.009954
2536.003057
2284.006762
2233.004894
2718.004239
2909.009726
2443.016656
2054.001477
2339.000878
2968.018770
2543.012822
2318.003289
2872.002165
2849.016601
2562.011023
2721.001579
2954.002551
2130.003491
2791.001937
2553.003788
2193.012166
2536.003737
2284.008265
2233.005982
2718.005181
2909.011888
2443.020358
2054.001772
2339.001053
2968.022524
2543.015387
2318.003946
2872.002598
2849.019921
2562.013228
2721.001895
2954.003061
2130.004189
2791.002324
2553.004545
2193.014599
2536.004484
2284.009918
2233.007178
2718.006217
2909.014265
2443.024429
2054.002095
2339.001245
2968.026620
2543.018184
2318.004664
2872.003070
2849.023543
2562.015633
2721.002239
2954.003617
2130.004950
2791.002747
2553.005371
2193.017253
2536.005299
2284.011722
2233.008483
2718.007347
2909.016859
2443.028871
2054.002444
2339.001452
2968.031057
2543.021215
2318.005441
2872.003582
2849.027467
2562.018238
2721.002612
2954.004220
2130.005776
2791.003204
2553.006267
2193.020129
2536.006182
2284.013675
2233.009897
2718.008571
2909.019669
2443.033683
2054.002820
2339.001675
2968.035835
2543.024479
2318.006278
2872.004133
2849.031693
2562.021044
2721.003014
2954.004869
2130.006664
2791.003697
2553.007231
2193.023226
2536.007133
2284.015779
2233.011420
2718.009890
2909.022695
2443.038865
2054.003223
2339.001915
2968.040954
2543.027976
2318.007175
2872.004723
2849.036220
2562.024051
2721.003445
2954.005565
2130.007616
2791.004225
2553.008264
2193.026544
2536.008152
2284.018033
2233.013051
2718.011303
2909.025937
2443.044417
2054.003652
2339.002170
2968.046414
2543.031706
2318.008132
2872.005353
2849.041050
2562.027257
2721.003904
2954.006307
2130.008632
2791.004789
2553.009366
2193.030083
2536.009239
2284.020438
2233.014791
2718.012810
2909.029396
2443.050340
2054.004109
2339.002441
2968.052216
2543.035669
2318.009148
2872.006022
2849.046181
2562.030665
2721.004392
2954.007096
2130.009711
2791.005387
2553.010536
2193.033843
2536.010394
2284.022993
2233.016640
2718.014411
2909.033071
2443.056633
2054.004592
2339.002729
2968.058360
2543.039865
2318.010225
2872.006730
2849.051614
2562.034273
2721.004909
2954.007930
2130.010853
2791.006021
2553.011776
2193.037825
2536.011617
2284.025698
2233.018598
2718.016107
2909.036962
2443.063295
2054.005103
2339.003032
2968.064844
2543.044295
2318.011361
2872.007478
2849.057349
2562.038081
2721.005455
2954.008811
2130.012059
2791.006690
2553.013084
2193.042028
2536.012908
2284.028553
2233.020664
2718.017896
2909.041069
2443.070329
2054.005640
2339.003351
2968.071670
2543.048957
2318.012556
2872.008265
2849.063386
2562.042090
2721.006029
2954.009739
2130.013328
2791.007394
2553.014462
2193.046452
2536.014267
2284.031559
2233.022840
2718.019780
2909.045392
2443.077732
2054.006204
2339.003686
2968.078837
2543.053853
2318.013812
2872.009092
2849.069724
2562.046299
2721.006632
2954.010713
2130.014661
2791.008134
2553.015908
2193.051097
2536.015693
2284.034715
2233.025124
2718.021758
2909.049932
2443.085505
2054.006794
2339.004037
2968.086346
2543.058982
2318.015128
2872.009958
2849.076365
2562.050708
2721.007263
2954.011733
2130.016057
2791.008908
2553.017423
2193.055964
2536.017188
2284.038021
2233.027516
2718.023830
2909.054688
2443.093649
2054.007412
2339.004404
2968.094196
2543.064343
2318.016503
2872.010863
2849.083307
2562.055319
2721.007924
2954.012800
2130.017517
2791.009718
2553.019007
2193.061052
2536.018751
2284.041478
2233.030018
2718.025997
2909.059660
2443.102163
2054.008057
2339.004787
2968.102387
2543.069938
2318.017938
2872.011808
2849.090552
2562.060129
2721.008613
2954.013913
2130.019040
2791.010563
2553.020660
2193.066361
2536.020381
2284.045085
2233.032628
2718.028257
2909.064849
2443.111048
2054.008728
2339.005186
2968.110920
2543.075766
2318.019433
2872.012791
2849.098098
2562.065141
2721.009331
2954.015072
2130.020627
2791.011444
2553.022382
2193.071892
2536.022080
2284.048842
2233.035347
2718.030612
2909.070254
2443.120302
2054.009426
2339.005601
2968.119794
2543.081828
2318.020987
2872.013815
2849.105946
2562.070352
2721.010077
2954.016278
2130.022277
2791.012359
2553.024172
2193.077643
2536.023846
2284.052750
2233.038175
2718.033061
2909.075875
2443.129927
2054.010151
2339.006032
2968.129009
2543.088122
2318.022602
2872.014877
2849.114096
2562.075765
2721.010852
2954.017530
2130.023991
2791.013310
2553.026032
2193.083616
2536.025680
2284.056808
2233.041112
2718.035604
2909.081713
2443.139922
2054.010903
2339.006478
2968.138566
2543.094649
2318.024276
2872.015979
2849.122547
2562.081377
2721.011656
2954.018829
2130.025768
2791.014296
2553.027960
2193.089811
2536.027582
2284.061016
2233.044157
2718.038241
2909.087767
2443.150288
2054.011682
2339.006941
2968.148464
2543.101410
2318.026010
2872.017121
2849.131301
2562.087191
2721.012489
2954.020174
2130.027608
2791.015317
2553.029958
2193.096226
2536.029553
2284.065375
2233.047311
2718.040973
2909.094037
2443.161024
2054.012488
2339.007420
2968.158703
2543.108403
2318.027804
2872.018302
2849.140356
2562.093205
2721.013350
2954.021565
2130.029512
2791.016373
2553.032024
2193.102863
2536.031591
2284.069883
2233.050574
2718.043798
2909.100524
2443.172130
2054.013320
2339.007914
2968.169284
2543.115630
2318.029657
2872.019522
2849.149714
2562.099419
2721.014240
2954.023003
2130.031480
2791.017465
2553.034159
2193.109721
2536.033697
2284.074543
2233.053946
2718.046718
2909.107227
2443.183606
2054.014179
2339.008425
2968.180207
2543.123090
2318.031571
2872.020781
2849.159373
2562.105834
2721.015159
2954.024487
2130.033511
2791.018591
2553.036363
2193.116801
2536.035871
2284.079352
2233.057426
2718.049732
2909.114147
2443.195453
2054.015066
2339.008952
2968.191470
2543.130782
2318.033544
2872.022080
2849.169334
2562.112450
2721.016107
2954.026017
2130.035605
2791.019753
2553.038636
2193.124102
2536.038113
2284.084312
2233.061015
2718.052841
2909.121283
2443.207670
2054.015979
2339.009494
2968.203076
2543.138708
2318.035577
2872.023418
2849.179597
2562.119266
2721.017083
2954.027594
2130.037763
2791.020950
2553.040977
2193.131624
2536.040423
2284.089423
2233.064713
2718.056043
2909.128635
2443.220258
2054.016919
2339.010052
2968.215022
2543.146867
2318.037670
2872.024796
2849.190162
2562.126283
2721.018088
2954.029217
2130.039985
2791.022183
2553.043388
2193.139367
2536.042801
2284.094683
2233.068520
2718.059340
2909.136205
2443.233216
2054.017885
2339.010627
2968.227310
2543.155259
2318.039822
2872.026213
2849.201029
2562.133500
2721.019122
2954.030887
2130.042270
2791.023450
2553.045868
2193.147332
2536.045246
2284.100094
2233.072436
2718.062730
2909.143990
2443.246544
2054.018879
2339.011217
2968.239940
2543.163885
2318.042035
2872.027669
2849.212198
2562.140918
2721.020184
2954.032603
2130.044618
2791.024753
2553.048416
2193.155518
2536.047760
2284.105656
2233.076460
2718.066215
2909.151992
2443.260243
2054.019899
2339.011824
2968.252911
2543.172743
2318.044307
2872.029165
2849.223668
2562.148537
2721.021275
2954.034365
2130.047030
2791.026091
2553.051034
2193.163926
2536.050342
2284.111368
2233.080593
2718.069795
2909.160211
2443.274313
2054.020947
2339.012446
2968.266223
2543.181834
2318.046639
2872.030700
2849.235441
2562.156356
2721.022395
2954.036174
2130.049505
2791.027464
2553.053720
2193.172555
2536.052992
2284.117230
2233.084835
2718.073468
2909.168647
2443.288753
2054.022021
2339.013084
2968.279877
2543.191158
2318.049030
2872.032274
2849.247515
2562.164376
2721.023544
2954.038029
2130.052044
2791.028872
2553.056475
2193.181405
2536.055709
2284.123242
2233.089186
2718.077235
2909.177298
2443.303563
2054.023122
2339.013738
2968.293873
2543.200716
2318.051482
2872.033888
2849.259892
2562.172597
2721.024721
2954.039930
2130.054646
2791.030316
2553.059299
2193.190477
2536.058495
2284.129405
2233.093645
2718.081097
2909.186167
2443.318744
2054.024250
2339.014408
2968.308210
2543.210506
2318.053993
2872.035541
2849.272570
2562.181018
2721.025927
2954.041878
2130.057312
2791.031794
2553.062192
2193.199770
2536.061348
2284.135719
2233.098213
2718.085053
2909.195252
2443.334295
2054.025404
2339.015094
2968.322888
2543.220529
2318.056564
2872.037233
2849.285550
2562.189640
2721.027162
2954.043872
2130.060041
2791.033308
2553.065154
2193.209285
2536.064269
2284.142183
2233.102891
2718.089103
2909.204554
2443.350217
2054.026586
2339.015796
2968.337908
2543.230786
2318.059195
2872.038965
2849.298832
2562.198463
2721.028426
2954.045913
2130.062834
2791.034857
2553.068185
2193.219021
2536.067259
2284.148797
2233.107676
2718.093247
2909.214073
2443.366510
2054.027794
2339.016514
2968.353270
2543.241276
2318.061886
2872.040736
2849.312416
2562.207487
2721.029718
2954.048000
2130.065690
2791.036442
2553.071285
2193.228978
2536.070316
2284.155562
2233.112571
2718.097486
2909.223809
2443.383173
2054.029029
2339.017248
2968.368973
2543.251998
2318.064637
2872.042547
2849.326302
2562.216711
2721.031039
2954.050133
2130.068609
2791.038061
2553.074454
2193.239157
2536.073441
2284.162477
2233.117574
2718.101818
2909.233761
2443.400206
2054.030291
2339.017998
2968.385018
2543.262954
2318.067447
2872.044396
2849.340490
2562.226136
2721.032389
2954.052313
2130.071592
2791.039716
2553.077692
2193.249557
2536.076635
2284.169542
2233.122687
2718.106245
2909.243930
2443.417611
2054.031580
2339.018764
2968.401404
2543.274142
2318.070317
2872.046286
2849.354980
2562.235762
2721.033768
2954.054539
2130.074639
2791.041406
2553.080998
2193.260179
2536.079896
2284.176758
2233.127908
2718.110766
2909.254316
2443.435386
2054.032896
2339.019546
2968.418132
2543.285564
2318.073247
2872.048214
2849.369772
2562.245588
2721.035175
2954.056812
2130.077749
2791.043131
2553.084374
2193.271023
2536.083225
2284.184124
2233.133238
2718.115381
2909.264919
2443.453531
2054.034239
2339.020344
2968.435201
2543.297219
2318.076237
2872.050182
2849.384866
2562.255616
2721.036611
2954.059131
2130.080922
2791.044891
2553.087818
2193.282087
2536.086622
2284.191641
2233.138676
2718.120090
2909.275738
2443.472048
2054.035608
2339.021157
2968.452613
2543.309106
2318.079286
2872.052190
2849.400262
2562.265844
2721.038076
2954.061496
2130.084159
2791.046687
2553.091332
2193.293374
2536.090087
2284.199309
2233.144224
2718.124894
2909.286775
2443.490935
2054.037004
2339.021987
2968.470365
2543.321227
2318.082396
2872.054236
2849.415959
2562.276273
2721.039569
2954.063908
2130.087460
2791.048517
2553.094914
2193.304882
2536.093620
2284.207126
2233.149880
2718.129791
2909.298028
2443.510193
2054.038428
2339.022833
2968.488460
2543.333581
2318.085565
2872.056322
2849.431959
2562.286903
2721.041092
2954.066366
2130.090824
2791.050383
2553.098566
2193.316611
2536.097221
2284.215095
2233.155645
2718.134783
2909.309499
2443.529821
2054.039878
2339.023694
2968.506896
2543.346168
2318.088794
2872.058448
2849.448261
2562.297734
2721.042643
2954.068870
2130.094251
2791.052284
2553.102286
2193.328562
2536.100890
2284.223213
2233.161519
2718.139869
2909.321187
2443.549821
2054.041354
2339.024572
2968.525674
2543.358987
2318.092083
2872.060612
2849.464865
2562.308765
2721.044223
2954.071421
2130.097742
2791.054221
2553.106075
2193.340735
2536.104626
2284.231483
2233.167501
2718.145049
2909.333091
2443.570191
2054.042858
2339.025465
2968.544793
2543.372040
2318.095431
2872.062816
2849.481770
2562.319998
2721.045831
2954.074018
2130.101296
2791.056192
2553.109933
2193.353129
2536.108431
2284.239902
2233.173593
2718.150323
2909.345213
2443.590932
2054.044389
2339.026374
2968.564254
2543.385326
2318.098839
2872.065060
2849.498978
2562.331432
2721.047469
2954.076662
2130.104914
2791.058199
2553.113861
2193.365744
2536.112304
2284.248473
2233.179793
2718.155692
2909.357552
2443.612044
2054.045946
2339.027300
2968.584057
2543.398844
2318.102308
2872.067343
2849.516488
2562.343066
2721.049135
2954.079351
2130.108595
2791.060241
2553.117857
2193.378582
2536.116244
2284.257193
2233.186102
2718.161155
2909.370108
2443.633527
2054.047530
2339.028241
2968.604202
2543.412596
2318.105836
2872.069665
2849.534300
2562.354901
2721.050830
2954.082088
2130.112340
2791.062318
2553.121922
2193.391641
2536.120253
2284.266065
2233.192520
2718.166711
2909.382881
2443.655381
2054.049141
2339.029198
2968.624688
2543.426580
2318.109423
2872.072026
2849.552413
2562.366938
2721.052553
2954.084871
2130.116148
2791.064430
2553.126056
2193.404921
2536.124330
2284.275086
2233.199047
2718.172362
2909.395872
2443.677605
2054.050779
2339.030172
2968.645516
2543.440798
2318.113071
2872.074427
2849.570829
2562.379175
2721.054306
2954.087700
2130.120020
2791.066577
2553.130259
2193.418424
2536.128474
2284.284259
2233.205682
2718.178107
2909.409080
2443.700201
2054.052444
2339.031161
2968.666686
2543.455248
2318.116778
2872.076868
2849.589547
2562.391614
2721.056087
2954.090575
2130.123955
2791.068760
2553.134531
2193.432147
2536.132687
2284.293582
2233.212426
2718.183947
2909.422505
2443.723168
2054.054135
2339.032166
2968.688198
2543.469932
2318.120545
2872.079347
2849.608567
2562.404253
2721.057897
2954.093497
2130.127954
2791.070977
2553.138873
2193.446093
2536.136967
2284.303055
2233.219280
2718.189880
2909.436148
2443.746505
2054.055854
2339.033187
2968.710052
2543.484848
2318.124372
2872.081866
2849.627889
2562.417094
2721.059736
2954.096465
2130.132016
2791.073230
2553.143283
2193.460260
2536.141315
2284.312679
2233.226242
2718.195908
2909.450007
2443.770214
2054.057599
2339.034224
2968.732247
2543.499998
2318.128259
2872.084425
2849.647513
2562.430135
2721.061603
2954.099480
2130.136142
2791.075519
2553.147762
2193.474649
2536.145732
2284.322454
2233.233312
2718.202030
2909.464085
2443.794294
2054.059371
2339.035277
2968.754785
2543.515380
2318.132206
2872.087022
2849.667439
2562.443378
2721.063499
2954.102541
2130.140331
2791.077842
2553.152310
2193.489260
2536.150216
2284.332379
2233.240492
2718.208246
2909.478380
2443.818745
2054.061170
2339.036346
2968.777664
2543.530995
2318.136212
2872.089659
2849.687667
2562.456822
2721.065425
2954.105648
2130.144583
2791.080200
2553.156927
2193.504093
2536.154768
2284.342455
2233.247781
2718.214556
2909.492892
2443.843567
2054.062996
2339.037430
2968.800885
2543.546843
2318.140278
2872.092336
2849.708197
2562.470467
2721.067378
2954.108802
2130.148899
2791.082594
2553.161613
2193.519147
2536.159389
2284.352682
2233.255178
2718.220960
2909.507622
2443.868761
2054.064848
2339.038531
2968.824448
2543.562924
2318.144404
2872.095052
2849.729029
2562.484313
2721.069361
2954.112002
2130.153279
2791.085023
2553.166368
2193.534423
2536.164077
2284.363059
2233.262684
2718.227458
2909.522569
2443.894325
2054.066728
2339.039648
2968.848353
2543.579238
2318.148590
2872.097807
2849.750163
2562.498360
2721.071373
2954.115249
2130.157722
2791.087487
2553.171192
2193.549921
2536.168833
2284.373586
2233.270299
2718.234051
2909.537735
2443.920261
2054.068634
2339.040781
2968.872600
2543.595785
2318.152836
2872.100601
2849.771600
2562.512609
2721.073413
2954.118542
2130.162229
2791.089986
2553.176086
2193.565641
2536.173657
2284.384265
2233.278023
2718.240738
2909.553118
2443.946568
2054.070567
2339.041929
2968.897189
2543.612565
2318.157141
2872.103435
2849.793338
2562.527058
2721.075482
2954.121881
2130.166799
2791.092520
2553.181048
2193.581582
2536.178549
2284.395094
2233.285856
2718.247519
2909.568718
2443.973247
2054.072527
2339.043094
2968.922119
2543.629577
2318.161506
2872.106309
2849.815379
2562.541709
2721.077580
2954.125267
2130.171432
2791.095090
2553.186079
2193.597746
2536.183509
2284.406073
2233.293797
2718.254394
2909.584537
2444.000297
2054.074514
2339.044274
2968.947392
2543.646823
2318.165931
2872.109221
2849.837721
2562.556562
2721.079706
2954.128699
2130.176129
2791.097695
2553.191180
2193.614131
2536.188537
2284.417204
2233.301847
2718.261363
2909.600573
2444.027718
2054.076527
2339.045471
2968.973007
2543.664301
2318.170416
2872.112173
2849.860366
2562.571615
2721.081862
2954.132178
2130.180889
2791.100334
2553.196349
2193.630738
2536.193633
2284.428485
2233.310007
2718.268426
2909.616827
2444.055510
2054.078568
2339.046683
2968.998964
2543.682012
2318.174961
2872.115165
2849.883313
2562.586870
2721.084046
2954.135703
2130.185713
2791.103010
2553.201587
2193.647567
2536.198797
2284.439916
2233.318275
2718.275584
2909.633299
2444.083674
2054.080635
2339.047911
2969.025263
2543.699956
2318.179565
2872.118195
2849.906562
2562.602327
2721.086259
2954.139274
2130.190601
2791.105720
2553.206895
2193.664618
2536.204029
2284.451499
2233.326652
2718.282835
2909.649989
2444.112210
2054.082729
2339.049156
2969.051904
2543.718133
2318.184230
2872.121265
2849.930114
2562.617984
2721.088501
2954.142892
2130.195552
2791.108465
2553.212271
2193.681891
2536.209329
2284.463232
2233.335137
2718.290181
2909.666897
2444.141117
2054.084850
2339.050416
2969.078888
2543.736543
2318.188954
2872.124375
2849.953967
2562.633843
2721.090771
2954.146556
2130.200566
2791.111246
2553.217717
2193.699386
2536.214697
2284.475116
2233.343732
2718.297621
2909.684023
2444.170395
2054.086998
2339.051692
2969.106213
2543.755186
2318.193738
2872.127524
2849.978123
2562.649904
2721.093071
2954.150266
2130.205644
2791.114061
2553.223232
2193.717103
2536.220133
2284.487150
2233.352436
2718.305155
2909.701368
2444.200046
2054.089172
2339.052984
2969.133881
2543.774061
2318.198581
2872.130712
2850.002580
2562.666166
2721.095399
2954.154023
2130.210785
2791.116912
2553.228815
2193.735042
2536.225637
2284.499336
2233.361248
2718.312783
2909.718930
2444.230067
2054.091374
2339.054292
2969.161890
2543.793169
2318.203485
2872.133939
2850.027340
2562.682629
2721.097756
2954.157826
2130.215990
2791.119798
2553.234468
2193.753203
2536.231208
2284.511672
2233.370169
2718.320506
2909.736711
2444.260461
2054.093602
2339.055616
2969.190242
2543.812510
2318.208448
2872.137206
2850.052402
2562.699294
2721.100142
2954.161676
2130.221258
2791.122720
2553.240190
2193.771586
2536.236848
2284.524159
2233.379199
2718.328322
2909.754710
2444.291226
2054.095857
2339.056956
2969.218936
2543.832084
2318.213471
2872.140512
2850.077767
2562.716161
2721.102557
2954.165572
2130.226590
2791.125676
2553.245981
2193.790191
2536.242556
2284.536797
2233.388338
2718.336233
2909.772927
2444.322363
2054.098139
2339.058312
2969.247973
2543.851891
2318.218554
2872.143858
2850.103433
2562.733229
2721.105000
2954.169514
2130.231986
2791.128668
2553.251841
2193.809019
2536.248332
2284.549585
2233.397586
2718.344238
2909.791363
2444.353872
2054.100447
2339.059684
2969.277352
2543.871930
2318.223697
2872.147243
2850.129402
2562.750498
2721.107473
2954.173503
2130.237444
2791.131694
2553.257770
2193.828068
2536.254175
2284.562524
2233.406943
2718.352337
2909.810017
2444.385752
2054.102783
2339.061071
2969.307073
2543.892203
2318.228899
2872.150667
2850.155673
2562.767970
2721.109974
2954.177538
2130.242967
2791.134756
2553.263769
2193.847339
2536.260087
2284.575615
2233.416408
2718.360530
2909.828889
2444.418005
2054.105145
2339.062475
2969.337136
2543.912708
2318.234162
2872.154131
2850.182246
2562.785643
2721.112504
2954.181620
2130.248552
2791.137853
2553.269836
2193.866833
2536.266066
2284.588856
2233.425983
2718.368817
2909.847980
2444.450629
2054.107534
2339.063895
2969.367542
2543.933445
2318.239484
2872.157634
2850.209121
2562.803517
2721.115063
2954.185748
2130.254202
2791.140985
2553.275973
2193.886549
2536.272114
2284.602247
2233.435666
2718.377198
2909.867290
2444.483625
2054.109950
2339.065330
2969.398290
2543.954416
2318.244866
2872.161177
2850.236299
2562.821594
2721.117651
2954.189922
2130.259914
2791.144153
2553.282178
2193.906487
2536.278230
2284.615790
2233.445459
2718.385674
2909.886819
2444.516994
2054.112393
2339.066782
2969.429380
2543.975619
2318.250308
2872.164758
2850.263779
2562.839872
2721.120267
2954.194143
2130.265691
2791.147355
2553.288453
2193.926647
2536.284413
2284.629484
2233.455360
2718.394243
2909.906566
2444.550734
2054.114863
2339.068249
2969.460813
2543.997055
2318.255810
2872.168379
2850.291561
2562.858351
2721.122913
2954.198410
2130.271530
2791.150593
2553.294797
2193.947030
2536.290665
2284.643328
2233.465370
2718.402907
2909.926532
2444.584846
2054.117359
2339.069732
2969.492588
2544.018724
2318.261371
2872.172040
2850.319646
2562.877033
2721.125587
2954.202724
2130.277434
2791.153865
2553.301210
2193.967635
2536.296984
2284.657324
2233.475489
2718.411665
2909.946716
2444.619331
2054.119882
2339.071232
2969.524706
2544.040625
2318.266992
2872.175740
2850.348033
2562.895916
2721.128290
2954.207084
2130.283400
2791.157173
2553.307692
2193.988462
2536.303372
2284.671470
2233.485717
2718.420517
2909.967120
2444.654187
2054.122433
2339.072747
2969.557166
2544.062760
2318.272673
2872.179479
2850.376722
2562.915002
2721.131022
2954.211490
2130.289431
2791.160516
2553.314244
2194.009511
2536.309827
2284.685767
2233.496053
2718.429463
2909.987743
2444.689416
2054.125009
2339.074278
2969.589969
2544.085126
2318.278414
2872.183258
2850.405713
2562.934289
2721.133783
2954.215943
2130.295524
2791.163895
2553.320864
2194.030783
2536.316351
2284.700215
2233.506499
2718.438503
2910.008584
2444.725017
2054.127613
2339.075825
2969.623114
2544.107726
2318.284215
2872.187076
2850.435007
2562.953778
2721.136573
2954.220442
2130.301681
2791.167308
2553.327554
2194.052277
2536.322942
2284.714815
2233.517054
2718.447638
2910.029645
2444.760991
2054.130244
2339.077388
2969.656602
2544.130558
2318.290076
2872.190933
2850.464603
2562.973469
2721.139391
2954.224987
2130.307902
2791.170757
2553.334313
2194.073994
2536.329602
2284.729565
2233.527717
2718.456866
2910.050925
2444.797336
2054.132901
2339.078967
2969.690433
2544.153623
2318.295996
2872.194830
2850.494501
2562.993362
2721.142239
2954.229579
2130.314186
2791.174240
2553.341141
2194.095933
2536.336329
2284.744466
2233.538490
2718.466189
2910.072424
2444.834054
2054.135585
2339.080562
2969.724606
2544.176921
2318.301976
2872.198766
2850.524702
2563.013457
2721.145115
2954.234218
2130.320534
2791.177759
2553.348039
2194.118095
2536.343125
2284.759518
2233.549371
2718.475606
2910.094142
2444.871145
