2431.990874
2649.003697
2591.001195
2264.000164
2023.007205
2403.995913
2201.006168
2640.001971
2633.117553
2703.119454
2529.003115
2888.993431
2264.000516
2492.000071
2041.007128
2016.005032
2061.008319
2644.991709
2135.992215
2094.000958
2094.003108
2527.000736
2804.996245
2469.995755
2094.337972
2493.893365
2643.011386
2046.973135
2826.002020
2680.001060
2589.022152
2561.998422
2115.002095
2825.997213
2340.001154
2219.002628
2598.996106
2632.001606
2778.993371
2768.013870
2938.996829
2861.997902
2099.985871
2020.012042
2525.988607
2466.006079
2706.994983
2110.002153
2529.000774
2936.004296
2053.001907
2876.997031
2819.001342
2344.000916
2077.020002
2036.997417
2350.986804
2635.991171
2270.000694
2415.000746
2635.986962
2705.987365
2881.003624
2159.001648
2596.973174
2684.975355
2158.003221
2743.997248
2767.001241
2273.000957
2407.999146
2327.001076
2963.000054
2497.990017
2695.999310
2574.998728
2648.007597
2925.990522
2584.007210
2548.020863
2640.996985
2537.001824
2560.998403
2418.002628
2851.921084
2367.001775
2609.996405
2526.005365
2478.000339
2644.998161
2985.998521
2053.005843
2371.991970
2368.002454
2102.004044
2063.992126
2220.920743
2063.842937
2975.993860
2647.999132
2498.999834
2290.001100
2729.002574
2203.000861
2469.001080
2055.003812
2246.967589
2017.987334
2768.988094
2847.985202
2564.018525
2834.991638
2391.000382
2207.002151
2714.998198
2661.000085
2614.996933
2881.992140
2440.000345
2857.994337
2166.000008
2358.007631
2781.008327
2438.987522
2814.994651
2907.995013
2215.994150
2155.005000
2495.001842
2923.996995
2419.004978
2840.998815
2748.001285
2232.001205
2444.996538
2946.988911
2558.005074
2562.003643
2382.995157
2355.002728
2560.002074
2872.992145
2380.113681
2655.108975
2401.993660
2470.003331
2831.995983
2038.004021
2631.999762
2885.027356
2928.998167
2304.000460
2412.000333
2052.003343
2455.011530
2497.004450
2806.000659
2054.999913
2392.002107
2789.997878
2835.995193
2701.995048
2989.996915
2081.998577
2583.071749
2836.987928
2084.013195
2021.013897
2092.999721
2653.996202
2378.999905
2583.001389
2505.001343
2347.000339
2568.002624
2802.009897
2929.996306
2608.994735
2853.987510
2353.033203
2485.997923
2540.995475
2343.010900
2531.008180
2503.002573
2466.022426
2836.995512
2550.002804
2561.000242
2644.001518
2169.997188
2375.002322
2083.003004
2231.999674
2048.002892
2799.996933
2214.002051
2729.997907
2435.006433
2936.999371
2797.994742
2423.009136
2215.002202
2765.994596
2067.007338
2620.994792
2756.009953
2809.998396
2467.000050
2723.002287
2183.003621
2892.995155
2483.004807
2975.995095
2130.012906
2376.012774
2578.995469
2589.995362
2342.113841
2377.161270
2457.004506
2526.996627
2114.004257
2094.000613
2653.002887
2161.997108
2658.990422
2918.001355
2566.998586
2737.001275
2471.002542
2920.997678
2750.001542
2404.001719
2261.003877
2885.991826
2924.998655
2465.000181
2319.999129
2806.998644
2003.009052
2264.995893
2462.023324
2730.966084
2038.001910
2384.002951
2236.002194
2395.002114
2595.004814
2314.002139
2030.005306
2784.998655
2356.995751
2535.000790
2660.999951
2148.999499
2691.997383
2074.004936
2665.997296
2745.996985
2368.001081
2749.997614
2597.960440
2563.977828
2922.001505
2602.003815
2760.010353
2838.007661
2867.997156
2786.000762
2066.004318
2168.005449
2185.002161
2524.997031
2060.007597
2538.002830
2821.119590
2582.999818
2399.997113
2600.999992
2785.998039
2968.995613
2141.003775
2918.997939
2874.997476
2840.999215
2696.995593
2952.994942
2914.995153
2174.000178
2799.999694
2240.003488
2470.003926
2777.999414
2027.003055
2837.997683
2086.034599
2659.966614
2219.020504
2060.042122
2450.000263
2198.002464
2431.997174
2338.999622
2329.003246
2565.997904
2828.996006
2263.001082
2168.003656
2531.001531
2995.983247
2330.992741
2345.001808
2153.004037
2218.999771
2532.000042
2982.997684
2969.997469
2331.002935
2189.004599
2630.996008
2640.000713
2900.995710
2423.999020
2090.996257
2752.994793
2825.875539
2582.999801
2514.016333
2102.990714
2729.001911
2451.000297
2536.003518
2795.997932
2120.991010
2015.009805
2543.994288
2998.989574
2980.000127
2329.998353
2179.003019
2960.997247
2224.989668
2215.004012
2313.003633
2657.995729
2967.994312
2484.006504
2885.991986
2350.003606
2039.005764
2078.993480
2523.000000
2967.000000
2512.009187
2088.014182
2033.007563
2632.996550
2525.000000
2965.000000
2910.993328
2144.002650
2935.998029
2721.000444
2386.001147
2035.004051
2940.996919
2354.999714
2430.997527
2241.003435
2024.014801
2631.998027
2068.003757
2155.011272
2908.998332
2666.999795
2117.991526
2052.004055
2325.001829
2929.994130
2215.001786
2840.999883
2770.015372
2776.985708
2188.000189
2515.008892
2615.990751
2808.002755
2879.995073
2238.998182
2493.998757
2615.002049
2539.993407
2683.996213
2554.002815
2592.998436
2655.990223
2710.997648
2743.006535
2389.013204
2147.002737
2955.996099
2694.997044
2725.998944
2964.984532
2265.989389
2973.996212
2881.997685
2985.995020
2761.999262
2942.993526
2608.000414
2531.999893
2149.000459
2275.997301
2055.001876
2039.006044
2063.002032
2207.001750
2158.002653
2304.002861
2305.005063
2242.982120
2000.021258
2310.994328
2317.999948
2246.000528
2292.000383
2342.018966
2631.009407
2030.009119
2574.000492
2980.994349
2459.002593
2967.993929
2734.999770
2900.001645
2127.011672
2544.000104
2334.000660
2928.995926
2637.999992
2269.999988
2233.001899
2337.000210
2895.998770
2022.004057
2494.999407
2588.891847
2836.991671
2270.000968
2866.998637
2911.997389
2199.995457
2702.000025
2520.001716
2548.000524
2773.006154
2807.999816
2317.001724
2226.999233
2246.998418
2597.998668
2868.992982
2673.988056
2207.004215
2068.026147
2581.005925
2755.009802
2171.004283
2424.002787
2792.998630
2020.009987
2057.003044
2075.013647
2759.992761
2218.006245
2659.997632
2487.006016
2819.996724
2091.003290
2046.996510
2684.998150
2997.993719
2863.995065
2671.999874
2939.998086
2740.993437
2511.003462
2847.995862
2271.996425
2624.003051
2252.000725
2644.991711
2784.001771
2072.000801
2189.000132
2290.000533
2366.998916
2130.006010
2862.998014
2221.001513
2957.011531
2258.015984
2272.996785
2474.007552
2795.983310
2767.000031
2253.005080
2630.006995
2879.978502
2901.971497
2652.998752
2506.002671
2835.985081
2643.021456
2777.992448
2183.988354
2732.996859
2551.999639
2507.999869
2415.004432
2330.001950
2723.997429
2151.001960
2997.995984
2995.996150
2146.004207
2933.997103
2399.000304
2720.001354
2280.001682
2130.002743
2285.000534
2537.996251
2120.997166
2018.001165
2252.001671
2491.991630
2984.980879
2096.978177
2493.012918
2921.996360
2822.998901
2357.999430
2326.002597
2619.998852
2322.001687
2648.997367
2607.999769
2308.003077
2327.991469
2869.997913
2811.000272
2642.997649
2348.998145
2058.005461
2719.000312
2658.000337
2211.001185
2162.002210
2307.998013
2080.988800
2583.004097
2077.003766
2293.000893
2422.000746
2264.995974
2913.995343
2913.995454
2158.001488
2221.998657
2681.000921
2445.000981
2194.000803
2439.998920
2477.007291
2498.000219
2362.999147
2509.006140
2234.997391
2670.992339
2598.997556
2105.002172
2139.012648
2182.000230
2653.999769
2955.992308
2195.000063
2871.002552
2344.018255
2380.892181
2174.000607
2413.998766
2463.002109
2609.002413
2804.986551
2437.988872
2514.007879
2800.998516
2138.996214
2387.989206
2072.003579
2340.000403
2587.997624
2479.002354
2748.999163
2484.998481
2527.013694
2680.002743
2866.981301
2376.989803
2133.001282
2551.000125
2845.079139
2366.999940
2995.995176
2171.997603
2645.988566
2039.033821
2156.991957
2178.005407
2340.000818
2249.998135
2978.998198
2189.997837
2801.000194
2291.002946
2578.995892
2818.007608
2931.994383
2684.998518
2314.005388
2170.005403
2462.000241
2015.003965
2220.023110
2012.002307
2415.000233
2657.996051
2411.999549
2168.005373
2502.012274
2859.985512
2578.999032
2191.001759
2488.001723
2991.982622
2235.000900
2922.996025
2661.995263
2854.999631
2817.998139
2521.000527
2525.002781
2983.988340
2599.967728
2556.038260
2199.011904
2970.995906
2189.004668
2735.997069
2005.008744
2238.006895
2774.993060
2169.015350
2382.922733
2657.916640
2633.993621
2892.986637
2702.996014
2906.997463
2808.998817
2724.999353
2084.995507
2601.990312
2376.996201
2554.000890
2680.995873
2105.005721
2995.993862
2294.002049
2830.003085
2650.999810
2876.996878
2425.997896
2762.959322
2809.004180
2992.995621
2794.997434
2498.994008
2497.986957
2212.999370
2306.997298
2095.978235
2745.032869
2667.001334
2122.000835
2793.991741
2156.008998
2891.997475
2503.999711
2727.000384
2334.000847
2150.996593
2562.994753
2744.997183
2677.999191
2996.996679
2024.006842
2845.994995
2523.001221
2249.999713
2735.996935
2082.998579
2184.000490
2518.999303
2203.000903
2509.007795
2996.986322
2603.997501
2242.005101
2993.988068
2321.010142
2388.012361
2472.000645
2208.006034
2218.000409
2189.000965
2566.998348
2965.995985
2414.000982
2241.967127
2015.981018
2528.993438
2100.002236
2208.990252
2970.996069
2011.005424
2480.001334
2321.999991
2084.003452
2783.999695
2431.028177
2285.002620
2818.998219
2349.892709
2379.019327
2092.994069
2568.008572
2860.017253
2887.004458
2501.998096
2480.999314
2232.991125
2010.004809
2501.001939
2218.997712
2971.995095
2582.000830
2791.998609
2903.996177
2207.006449
2041.005483
2590.021580
2678.024179
2798.001961
2028.006425
2224.002268
2473.001182
2570.007514
2684.996704
2329.005708
2540.002252
2105.003562
2124.998478
2333.022394
2626.011629
2531.994951
2950.006708
2562.996404
2095.004286
2326.996183
2302.003257
2872.980567
2891.991556
2591.000588
2043.004846
2039.001456
2266.998370
2056.007364
2188.999226
2312.003758
2519.003246
2049.001948
2975.998031
2148.002312
2661.997736
2465.987218
2194.005626
