2255.998947
2106.001117
2788.994900
2406.006271
2126.001028
2946.996303
2490.999068
2636.999697
2490.999091
2798.999204
2274.001399
2341.000087
2392.999960
2052.000760
2913.999622
2078.000595
2236.000668
2403.001185
2098.999238
2399.999940
2583.000181
2657.000005
2260.000044
2797.999486
2401.000540
2276.000634
2155.999835
2768.000208
2402.997207
2611.002585
2378.012829
2884.969382
2124.999898
2278.000627
2875.999735
2192.000228
2401.001269
2428.000382
2877.998446
2527.999575
2114.000571
2111.001372
2455.998157
2722.999735
2205.000718
2125.000390
2900.997222
2633.001000
2585.999731
2037.000718
2423.000000
2767.000000
2953.000000
2892.000000
2887.000000
2769.000000
2548.000000
2522.000000
2316.000000
2752.000000
2132.000000
2866.000000
2310.000000
2322.000000
2285.000000
2528.000000
2889.000000
2781.000000
2261.000000
2720.000000
2244.000000
2495.000000
2465.000000
2448.000000
2612.000000
2687.000000
2655.000000
2587.000000
2127.000000
2903.000000
2479.000000
2388.000000
2295.000000
2698.000000
2834.000000
2983.000000
2202.000000
2225.000000
2851.000000
2486.000000
2890.000000
2731.000000
2048.000000
2196.000000
2098.000000
2160.000000
2270.000000
2167.000000
2963.000000
2295.000000
2761.000000
2774.000000
2776.000000
2421.000000
2466.000000
2255.000000
2036.000000
2457.000000
2388.000000
2661.000000
2811.000000
2903.000000
2730.000000
2951.000000
2448.000000
2401.000000
2854.000000
2671.000000
2848.000000
2635.000000
2097.000000
2748.000000
2382.000000
2876.000000
2069.000000
2343.000000
2739.000000
2731.000000
2635.000000
2471.000000
2017.000000
2283.000000
2482.000000
2013.000000
2495.000000
2461.000000
2020.000000
2668.000000
2712.000000
2516.000000
2052.000000
2613.000000
2518.000000
2347.000000
2053.000000
2416.000000
2548.000000
2507.000000
2501.000000
2142.000000
2466.000000
2159.000000
2687.000000
2993.000000
2210.000000
2488.000000
2135.000000
2860.000000
2732.000000
2573.000000
2315.000000
2977.000000
2999.000000
2495.000000
2207.000000
2900.000000
2462.000000
2449.000000
2448.000000
2950.000000
2906.000000
2768.000000
2647.000000
2807.000000
2105.000000
2018.000000
2025.000000
2505.000000
2612.000000
2237.000000
2068.000000
2905.000000
2136.000000
2904.000000
2256.000000
2463.000000
2791.000000
2925.000000
2834.000000
2725.000000
2372.000000
2632.000000
2069.000000
2631.000000
2759.000000
2737.000000
2642.000000
2114.000000
2386.000000
2726.000000
2255.996840
2106.003352
2788.984695
2406.018817
2126.003084
2946.988908
2490.997204
2636.999090
2490.997272
2798.997613
2274.004199
2341.000260
2392.999880
2052.002279
2913.998865
2078.001785
2236.002004
2403.003554
2098.997714
2399.999821
2583.000543
2657.000015
2260.000131
2797.998459
2401.001619
2276.001902
2155.999505
2768.000623
2402.991622
2611.007757
2378.038578
2884.907946
2124.999694
2278.001882
2875.999205
2192.000683
2401.003807
2428.001146
2877.995339
2527.998724
2114.001712
2111.004116
2455.994471
2722.999205
2205.002154
2125.001170
2900.991665
2633.003000
2585.999194
2037.002154
2423.000000
2767.000000
2953.000000
2892.000000
2887.000000
2769.000000
2548.000000
2522.000000
2316.000000
2752.000000
2132.000000
2866.000000
2310.000000
2322.000000
2285.000000
2528.000000
2889.000000
2781.000000
2261.000000
2720.000000
2244.000000
2495.000000
2465.000000
2448.000000
2612.000000
2687.000000
2655.000000
2587.000000
2127.000000
2903.000000
2479.000000
2388.000000
2295.000000
2698.000000
2834.000000
2983.000000
2202.000000
2225.000000
2851.000000
2486.000000
2890.000000
2731.000000
2048.000000
2196.000000
2098.000000
2160.000000
2270.000000
2167.000000
2963.000000
2295.000000
2761.000000
2774.000000
2776.000000
2421.000000
2466.000000
2255.000000
2036.000000
2457.000000
2388.000000
2661.000000
2811.000000
2903.000000
2730.000000
2951.000000
2448.000000
2401.000000
2854.000000
2671.000000
2848.000000
2635.000000
2097.000000
2748.000000
2382.000000
2876.000000
2069.000000
2343.000000
2739.000000
2731.000000
2635.000000
2471.000000
2017.000000
2283.000000
2482.000000
2013.000000
2495.000000
2461.000000
2020.000000
2668.000000
2712.000000
2516.000000
2052.000000
2613.000000
2518.000000
2347.000000
2053.000000
2416.000000
2548.000000
2507.000000
2501.000000
2142.000000
2466.000000
2159.000000
2687.000000
2993.000000
2210.000000
2488.000000
2135.000000
2860.000000
2732.000000
2573.000000
2315.000000
2977.000000
2999.000000
2495.000000
2207.000000
2900.000000
2462.000000
2449.000000
2448.000000
2950.000000
2906.000000
2768.000000
2647.000000
2807.000000
2105.000000
2018.000000
2025.000000
2505.000000
2612.000000
2237.000000
2068.000000
2905.000000
2136.000000
2904.000000
2256.000000
2463.000000
2791.000000
2925.000000
2834.000000
2725.000000
2372.000000
2632.000000
2069.000000
2631.000000
2759.000000
2737.000000
2642.000000
2114.000000
2386.000000
2726.000000
2255.993680
2106.006705
2788.969378
2406.037647
2126.006167
2946.977815
2490.994408
2636.998180
2490.994544
2798.995227
2274.008397
2341.000520
2392.999761
2052.004557
2913.997729
2078.003571
2236.004008
2403.007109
2098.995427
2399.999642
2583.001086
2657.000030
2260.000262
2797.996918
2401.003238
2276.003803
2155.999010
2768.001247
2402.983242
2611.015515
2378.077435
2884.815284
2124.999389
2278.003765
2875.998409
2192.001366
2401.007614
2428.002291
2877.990678
2527.997448
2114.003423
2111.008232
2455.988942
2722.998410
2205.004308
2125.002339
2900.983329
2633.006001
2585.998388
2037.004308
2423.000000
2767.000000
2953.000000
2892.000000
2887.000000
2769.000000
2548.000000
2522.000000
2316.000000
2752.000000
2132.000000
2866.000000
2310.000000
2322.000000
2285.000000
2528.000000
2889.000000
2781.000000
2261.000000
2720.000000
2244.000000
2495.000000
2465.000000
2448.000000
2612.000000
2687.000000
2655.000000
2587.000000
2127.000000
2903.000000
2479.000000
2388.000000
2295.000000
2698.000000
2834.000000
2983.000000
2202.000000
2225.000000
2851.000000
2486.000000
2890.000000
2731.000000
2048.000000
2196.000000
2098.000000
2160.000000
2270.000000
2167.000000
2963.000000
2295.000000
2761.000000
2774.000000
2776.000000
2421.000000
2466.000000
2255.000000
2036.000000
2457.000000
2388.000000
2661.000000
2811.000000
2903.000000
2730.000000
2951.000000
2448.000000
2401.000000
2854.000000
2671.000000
2848.000000
2635.000000
2097.000000
2748.000000
2382.000000
2876.000000
2069.000000
2343.000000
2739.000000
2731.000000
2635.000000
2471.000000
2017.000000
2283.000000
2482.000000
2013.000000
2495.000000
2461.000000
2020.000000
2668.000000
2712.000000
2516.000000
2052.000000
2613.000000
2518.000000
2347.000000
2053.000000
2416.000000
2548.000000
2507.000000
2501.000000
2142.000000
2466.000000
2159.000000
2687.000000
2993.000000
2210.000000
2488.000000
2135.000000
2860.000000
2732.000000
2573.000000
2315.000000
2977.000000
2999.000000
2495.000000
2207.000000
2900.000000
2462.000000
2449.000000
2448.000000
2950.000000
2906.000000
2768.000000
2647.000000
2807.000000
2105.000000
2018.000000
2025.000000
2505.000000
2612.000000
2237.000000
2068.000000
2905.000000
2136.000000
2904.000000
2256.000000
2463.000000
2791.000000
2925.000000
2834.000000
2725.000000
2372.000000
2632.000000
2069.000000
2631.000000
2759.000000
2737.000000
2642.000000
2114.000000
2386.000000
2726.000000
2255.989466
2106.011175
2788.948936
2406.062775
2126.010279
2946.963022
2490.990679
2636.996968
2490.990906
2798.992045
2274.013996
2341.000866
2392.999602
2052.007595
2913.996215
2078.005951
2236.006680
2403.011848
2098.992379
2399.999403
2583.001810
2657.000050
2260.000437
2797.994863
2401.005397
2276.006339
2155.998350
2768.002078
2402.972067
2611.025861
2378.129687
2884.690765
2124.998982
2278.006275
2875.997349
2192.002276
2401.012690
2428.003819
2877.984463
2527.995745
2114.005705
2111.013721
2455.981570
2722.997350
2205.007180
2125.003898
2900.972214
2633.010002
2585.997313
2037.007180
2423.000000
2767.000000
2953.000000
2892.000000
2887.000000
2769.000000
2548.000000
2522.000000
2316.000000
2752.000000
2132.000000
2866.000000
2310.000000
2322.000000
2285.000000
2528.000000
2889.000000
2781.000000
2261.000000
2720.000000
2244.000000
2495.000000
2465.000000
2448.000000
2612.000000
2687.000000
2655.000000
2587.000000
2127.000000
2903.000000
2479.000000
2388.000000
2295.000000
2698.000000
2834.000000
2983.000000
2202.000000
2225.000000
2851.000000
2486.000000
2890.000000
2731.000000
2048.000000
2196.000000
2098.000000
2160.000000
2270.000000
2167.000000
2963.000000
2295.000000
2761.000000
2774.000000
2776.000000
2421.000000
2466.000000
2255.000000
2036.000000
2457.000000
2388.000000
2661.000000
2811.000000
2903.000000
2730.000000
2951.000000
2448.000000
2401.000000
2854.000000
2671.000000
2848.000000
2635.000000
2097.000000
2748.000000
2382.000000
2876.000000
2069.000000
2343.000000
2739.000000
2731.000000
2635.000000
2471.000000
2017.000000
2283.000000
2482.000000
2013.000000
2495.000000
2461.000000
2020.000000
2668.000000
2712.000000
2516.000000
2052.000000
2613.000000
2518.000000
2347.000000
2053.000000
2416.000000
2548.000000
2507.000000
2501.000000
2142.000000
2466.000000
2159.000000
2687.000000
2993.000000
2210.000000
2488.000000
2135.000000
2860.000000
2732.000000
2573.000000
2315.000000
2977.000000
2999.000000
2495.000000
2207.000000
2900.000000
2462.000000
2449.000000
2448.000000
2950.000000
2906.000000
2768.000000
2647.000000
2807.000000
2105.000000
2018.000000
2025.000000
2505.000000
2612.000000
2237.000000
2068.000000
2905.000000
2136.000000
2904.000000
2256.000000
2463.000000
2791.000000
2925.000000
2834.000000
2725.000000
2372.000000
2632.000000
2069.000000
2631.000000
2759.000000
2737.000000
2642.000000
2114.000000
2386.000000
2726.000000
2255.984198
2106.016763
2788.923355
2406.094218
2126.015419
2946.944528
2490.986019
2636.995452
2490.986358
2798.988068
2274.020995
2341.001299
2392.999402
2052.011393
2913.994323
2078.008927
2236.010019
2403.017773
2098.988568
2399.999104
2583.002716
2657.000076
2260.000656
2797.992294
2401.008096
2276.009508
2155.997525
2768.003117
2402.958094
2611.038797
2378.195739
2884.533509
2124.998472
2278.009412
2875.996024
2192.003414
2401.019036
2428.005729
2877.976694
2527.993617
2114.008558
2111.020582
2455.972354
2722.996025
2205.010771
2125.005847
2900.958318
2633.015004
2585.995969
2037.010770
2423.000000
2767.000000
2953.000000
2892.000000
2887.000000
2769.000000
2548.000000
2522.000000
2316.000000
2752.000000
2132.000000
2866.000000
2310.000000
2322.000000
2285.000000
2528.000000
2889.000000
2781.000000
2261.000000
2720.000000
2244.000000
2495.000000
2465.000000
2448.000000
2612.000000
2687.000000
2655.000000
2587.000000
2127.000000
2903.000000
2479.000000
2388.000000
2295.000000
2698.000000
2834.000000
2983.000000
2202.000000
2225.000000
2851.000000
2486.000000
2890.000000
2731.000000
2048.000000
2196.000000
2098.000000
2160.000000
2270.000000
2167.000000
2963.000000
2295.000000
2761.000000
2774.000000
2776.000000
2421.000000
2466.000000
2255.000000
2036.000000
2457.000000
2388.000000
2661.000000
2811.000000
2903.000000
2730.000000
2951.000000
2448.000000
2401.000000
2854.000000
2671.000000
2848.000000
2635.000000
2097.000000
2748.000000
2382.000000
2876.000000
2069.000000
2343.000000
2739.000000
2731.000000
2635.000000
2471.000000
2017.000000
2283.000000
2482.000000
2013.000000
2495.000000
2461.000000
2020.000000
2668.000000
2712.000000
2516.000000
2052.000000
2613.000000
2518.000000
2347.000000
2053.000000
2416.000000
2548.000000
2507.000000
2501.000000
2142.000000
2466.000000
2159.000000
2687.000000
2993.000000
2210.000000
2488.000000
2135.000000
2860.000000
2732.000000
2573.000000
2315.000000
2977.000000
2999.000000
2495.000000
2207.000000
2900.000000
2462.000000
2449.000000
2448.000000
2950.000000
2906.000000
2768.000000
2647.000000
2807.000000
2105.000000
2018.000000
2025.000000
2505.000000
2612.000000
2237.000000
2068.000000
2905.000000
2136.000000
2904.000000
2256.000000
2463.000000
2791.000000
2925.000000
2834.000000
2725.000000
2372.000000
2632.000000
2069.000000
2631.000000
2759.000000
2737.000000
2642.000000
2114.000000
2386.000000
2726.000000
2255.977876
2106.023468
2788.892614
2406.132000
2126.021588
2946.922330
2490.980426
2636.993633
2490.980900
2798.983295
2274.029395
2341.001817
2392.999163
2052.015950
2913.992052
2078.012498
2236.014027
2403.024883
2098.983995
2399.998746
2583.003802
2657.000106
2260.000919
2797.989211
2401.011335
2276.013311
2155.996534
2768.004363
2402.941321
2611.054326
2378.276123
2884.342348
2124.997861
2278.013177
2875.994433
2192.004779
2401.026651
2428.008020
2877.967371
2527.991062
2114.011981
2111.028815
2455.961294
2722.994436
2205.015081
2125.008185
2900.941642
2633.021007
2585.994357
2037.015078
2423.000000
2767.000000
2953.000000
2892.000000
2887.000000
2769.000000
2548.000000
2522.000000
2316.000000
2752.000000
2132.000000
2866.000000
2310.000000
2322.000000
2285.000000
2528.000000
2889.000000
2781.000000
2261.000000
2720.000000
2244.000000
2495.000000
2465.000000
2448.000000
2612.000000
2687.000000
2655.000000
2587.000000
2127.000000
2903.000000
2479.000000
2388.000000
2295.000000
2698.000000
2834.000000
2983.000000
2202.000000
2225.000000
2851.000000
2486.000000
2890.000000
2731.000000
2048.000000
2196.000000
2098.000000
2160.000000
2270.000000
2167.000000
2963.000000
2295.000000
2761.000000
2774.000000
2776.000000
2421.000000
2466.000000
2255.000000
2036.000000
2457.000000
2388.000000
2661.000000
2811.000000
2903.000000
2730.000000
2951.000000
2448.000000
2401.000000
2854.000000
2671.000000
2848.000000
2635.000000
2097.000000
2748.000000
2382.000000
2876.000000
2069.000000
2343.000000
2739.000000
2731.000000
2635.000000
2471.000000
2017.000000
2283.000000
2482.000000
2013.000000
2495.000000
2461.000000
2020.000000
2668.000000
2712.000000
2516.000000
2052.000000
2613.000000
2518.000000
2347.000000
2053.000000
2416.000000
2548.000000
2507.000000
2501.000000
2142.000000
2466.000000
2159.000000
2687.000000
2993.000000
2210.000000
2488.000000
2135.000000
2860.000000
2732.000000
2573.000000
2315.000000
2977.000000
2999.000000
2495.000000
2207.000000
2900.000000
2462.000000
2449.000000
2448.000000
2950.000000
2906.000000
2768.000000
2647.000000
2807.000000
2105.000000
2018.000000
2025.000000
2505.000000
2612.000000
2237.000000
2068.000000
2905.000000
2136.000000
2904.000000
2256.000000
2463.000000
2791.000000
2925.000000
2834.000000
2725.000000
2372.000000
2632.000000
2069.000000
2631.000000
2759.000000
2737.000000
2642.000000
2114.000000
2386.000000
2726.000000
2255.970498
2106.031292
2788.856688
2406.176146
2126.028786
2946.896427
2490.973901
2636.991511
2490.974530
2798.977727
2274.039195
2341.002420
2392.998884
2052.021267
2913.989403
2078.016664
2236.018703
2403.033180
2098.978659
2399.998328
2583.005069
2657.000142
2260.001226
2797.985614
2401.015113
2276.017748
2155.995379
2768.005818
2402.921745
2611.072450
2378.371532
2884.115778
2124.997148
2278.017570
2875.992578
2192.006372
2401.035537
2428.010693
2877.956494
2527.988081
2114.015974
2111.038421
2455.948389
2722.992583
2205.020110
2125.010913
2900.922183
2633.028012
2585.992476
2037.020104
2423.000000
2767.000000
2953.000000
2892.000000
2887.000000
2769.000000
2548.000000
2522.000000
2316.000000
2752.000000
2132.000000
2866.000000
2310.000000
2322.000000
2285.000000
2528.000000
2889.000000
2781.000000
2261.000000
2720.000000
2244.000000
2495.000000
2465.000000
2448.000000
2612.000000
2687.000000
2655.000000
2587.000000
2127.000000
2903.000000
2479.000000
2388.000000
2295.000000
2698.000000
2834.000000
2983.000000
2202.000000
2225.000000
2851.000000
2486.000000
2890.000000
2731.000000
2048.000000
2196.000000
2098.000000
2160.000000
2270.000000
2167.000000
2963.000000
2295.000000
2761.000000
2774.000000
2776.000000
2421.000000
2466.000000
2255.000000
2036.000000
2457.000000
2388.000000
2661.000000
2811.000000
2903.000000
2730.000000
2951.000000
2448.000000
2401.000000
2854.000000
2671.000000
2848.000000
2635.000000
2097.000000
2748.000000
2382.000000
2876.000000
2069.000000
2343.000000
2739.000000
2731.000000
2635.000000
2471.000000
2017.000000
2283.000000
2482.000000
2013.000000
2495.000000
2461.000000
2020.000000
2668.000000
2712.000000
2516.000000
2052.000000
2613.000000
2518.000000
2347.000000
2053.000000
2416.000000
2548.000000
2507.000000
2501.000000
2142.000000
2466.000000
2159.000000
2687.000000
2993.000000
2210.000000
2488.000000
2135.000000
2860.000000
2732.000000
2573.000000
2315.000000
2977.000000
2999.000000
2495.000000
2207.000000
2900.000000
2462.000000
2449.000000
2448.000000
2950.000000
2906.000000
2768.000000
2647.000000
2807.000000
2105.000000
2018.000000
2025.000000
2505.000000
2612.000000
2237.000000
2068.000000
2905.000000
2136.000000
2904.000000
2256.000000
2463.000000
2791.000000
2925.000000
2834.000000
2725.000000
2372.000000
2632.000000
2069.000000
2631.000000
2759.000000
2737.000000
2642.000000
2114.000000
2386.000000
2726.000000
2255.962065
2106.040234
2788.815549
2406.226690
2126.037014
2946.866815
2490.966444
2636.989087
2490.967250
2798.971365
2274.050398
2341.003107
2392.998566
2052.027343
2913.986375
2078.021425
2236.024047
2403.042663
2098.972561
2399.997850
2583.006517
2657.000183
2260.001578
2797.981502
2401.019432
2276.022819
2155.994059
2768.007480
2402.899362
2611.093172
2378.482850
2883.851874
2124.996333
2278.022590
2875.990457
2192.008193
2401.045692
2428.013749
2877.944063
2527.984671
2114.020537
2111.049399
2455.933639
2722.990467
2205.025859
2125.014030
2900.899942
2633.036020
2585.990326
2037.025848
2423.000000
2767.000000
2953.000000
2892.000000
2887.000000
2769.000000
2548.000000
2522.000000
2316.000000
2752.000000
2132.000000
2866.000000
2310.000000
2322.000000
2285.000000
2528.000000
2889.000000
2781.000000
2261.000000
2720.000000
2244.000000
2495.000000
2465.000000
2448.000000
2612.000000
2687.000000
2655.000000
2587.000000
2127.000000
2903.000000
2479.000000
2388.000000
2295.000000
2698.000000
2834.000000
2983.000000
2202.000000
2225.000000
2851.000000
2486.000000
2890.000000
2731.000000
2048.000000
2196.000000
2098.000000
2160.000000
2270.000000
2167.000000
2963.000000
2295.000000
2761.000000
2774.000000
2776.000000
2421.000000
2466.000000
2255.000000
2036.000000
2457.000000
2388.000000
2661.000000
2811.000000
2903.000000
2730.000000
2951.000000
2448.000000
2401.000000
2854.000000
2671.000000
2848.000000
2635.000000
2097.000000
2748.000000
2382.000000
2876.000000
2069.000000
2343.000000
2739.000000
2731.000000
2635.000000
2471.000000
2017.000000
2283.000000
2482.000000
2013.000000
2495.000000
2461.000000
2020.000000
2668.000000
2712.000000
2516.000000
2052.000000
2613.000000
2518.000000
2347.000000
2053.000000
2416.000000
2548.000000
2507.000000
2501.000000
2142.000000
2466.000000
2159.000000
2687.000000
2993.000000
2210.000000
2488.000000
2135.000000
2860.000000
2732.000000
2573.000000
2315.000000
2977.000000
2999.000000
2495.000000
2207.000000
2900.000000
2462.000000
2449.000000
2448.000000
2950.000000
2906.000000
2768.000000
2647.000000
2807.000000
2105.000000
2018.000000
2025.000000
2505.000000
2612.000000
2237.000000
2068.000000
2905.000000
2136.000000
2904.000000
2256.000000
2463.000000
2791.000000
2925.000000
2834.000000
2725.000000
2372.000000
2632.000000
2069.000000
2631.000000
2759.000000
2737.000000
2642.000000
2114.000000
2386.000000
2726.000000
2255.952575
2106.050295
2788.769165
2406.283669
2126.046271
2946.833490
2490.958054
2636.986361
2490.959057
2798.964207
2274.063003
2341.003879
2392.998207
2052.034179
2913.982968
2078.026781
2236.030059
2403.053333
2098.965699
2399.997313
2583.008147
2657.000229
2260.001975
2797.976876
2401.024290
2276.028523
2155.992574
2768.009349
2402.874168
2611.116497
2378.611204
2883.548184
2124.995416
2278.028238
2875.988071
2192.010241
2401.057119
2428.017186
2877.930078
2527.980834
2114.025670
2111.061751
2455.917044
2722.988086
2205.032328
2125.017536
2900.874916
2633.045031
2585.987908
2037.032311
2423.000000
2767.000000
2953.000000
2892.000000
2887.000000
2769.000000
2548.000000
2522.000000
2316.000000
2752.000000
2132.000000
2866.000000
2310.000000
2322.000000
2285.000000
2528.000000
2889.000000
2781.000000
2261.000000
2720.000000
2244.000000
2495.000000
2465.000000
2448.000000
2612.000000
2687.000000
2655.000000
2587.000000
2127.000000
2903.000000
2479.000000
2388.000000
2295.000000
2698.000000
2834.000000
2983.000000
2202.000000
2225.000000
2851.000000
2486.000000
2890.000000
2731.000000
2048.000000
2196.000000
2098.000000
2160.000000
2270.000000
2167.000000
2963.000000
2295.000000
2761.000000
2774.000000
2776.000000
2421.000000
2466.000000
2255.000000
2036.000000
2457.000000
2388.000000
2661.000000
2811.000000
2903.000000
2730.000000
2951.000000
2448.000000
2401.000000
2854.000000
2671.000000
2848.000000
2635.000000
2097.000000
2748.000000
2382.000000
2876.000000
2069.000000
2343.000000
2739.000000
2731.000000
2635.000000
2471.000000
2017.000000
2283.000000
2482.000000
2013.000000
2495.000000
2461.000000
2020.000000
2668.000000
2712.000000
2516.000000
2052.000000
2613.000000
2518.000000
2347.000000
2053.000000
2416.000000
2548.000000
2507.000000
2501.000000
2142.000000
2466.000000
2159.000000
2687.000000
2993.000000
2210.000000
2488.000000
2135.000000
2860.000000
2732.000000
2573.000000
2315.000000
2977.000000
2999.000000
2495.000000
2207.000000
2900.000000
2462.000000
2449.000000
2448.000000
2950.000000
2906.000000
2768.000000
2647.000000
2807.000000
2105.000000
2018.000000
2025.000000
2505.000000
2612.000000
2237.000000
2068.000000
2905.000000
2136.000000
2904.000000
2256.000000
2463.000000
2791.000000
2925.000000
2834.000000
2725.000000
2372.000000
2632.000000
2069.000000
2631.000000
2759.000000
2737.000000
2642.000000
2114.000000
2386.000000
2726.000000
2255.942028
2106.061475
2788.717497
2406.347125
2126.056559
2946.796449
2490.948731
2636.983333
2490.949951
2798.956255
2274.077010
2341.004734
2392.997809
2052.041775
2913.979184
2078.032733
2236.036738
2403.065191
2098.958075
2399.996716
2583.009957
2657.000281
2260.002417
2797.971736
2401.029688
2276.034861
2155.990925
2768.011427
2402.846159
2611.142428
2378.758046
2883.201567
2124.994396
2278.034513
2875.985420
2192.012517
2401.069817
2428.021005
2877.914538
2527.976568
2114.031372
2111.075475
2455.898602
2722.985443
2205.039519
2125.021432
2900.847103
2633.055045
2585.985221
2037.039491
2423.000000
2767.000000
2953.000000
2892.000000
2887.000000
2769.000000
2548.000000
2522.000000
2316.000000
2752.000000
2132.000000
2866.000000
2310.000000
2322.000000
2285.000000
2528.000000
2889.000000
2781.000000
2261.000000
2720.000000
2244.000000
2495.000000
2465.000000
2448.000000
2612.000000
2687.000000
2655.000000
2587.000000
2127.000000
2903.000000
2479.000000
2388.000000
2295.000000
2698.000000
2834.000000
2983.000000
2202.000000
2225.000000
2851.000000
2486.000000
2890.000000
2731.000000
2048.000000
2196.000000
2098.000000
2160.000000
2270.000000
2167.000000
2963.000000
2295.000000
2761.000000
2774.000000
2776.000000
2421.000000
2466.000000
2255.000000
2036.000000
2457.000000
2388.000000
2661.000000
2811.000000
2903.000000
2730.000000
2951.000000
2448.000000
2401.000000
2854.000000
2671.000000
2848.000000
2635.000000
2097.000000
2748.000000
2382.000000
2876.000000
2069.000000
2343.000000
2739.000000
2731.000000
2635.000000
2471.000000
2017.000000
2283.000000
2482.000000
2013.000000
2495.000000
2461.000000
2020.000000
2668.000000
2712.000000
2516.000000
2052.000000
2613.000000
2518.000000
2347.000000
2053.000000
2416.000000
2548.000000
2507.000000
2501.000000
2142.000000
2466.000000
2159.000000
2687.000000
2993.000000
2210.000000
2488.000000
2135.000000
2860.000000
2732.000000
2573.000000
2315.000000
2977.000000
2999.000000
2495.000000
2207.000000
2900.000000
2462.000000
2449.000000
2448.000000
2950.000000
2906.000000
2768.000000
2647.000000
2807.000000
2105.000000
2018.000000
2025.000000
2505.000000
2612.000000
2237.000000
2068.000000
2905.000000
2136.000000
2904.000000
2256.000000
2463.000000
2791.000000
2925.000000
2834.000000
2725.000000
2372.000000
2632.000000
2069.000000
2631.000000
2759.000000
2737.000000
2642.000000
2114.000000
2386.000000
2726.000000
