2834.999928
2532.000082
2652.000004
2962.999952
2762.999980
2686.999989
2120.009447
2082.987129
2599.000081
2618.000021
2504.999937
2162.000004
2292.999866
2131.999958
2769.999956
2272.000008
2034.000013
2811.999982
2127.990182
2072.013626
2834.999784
2532.000245
2652.000013
2962.999855
2762.999939
2686.999967
2120.028388
2082.961326
2599.000243
2618.000063
2504.999811
2162.000011
2292.999597
2131.999874
2769.999868
2272.000025
2034.000040
2811.999947
2127.970499
2072.040944
2834.999569
2532.000489
2652.000025
2962.999711
2762.999878
2686.999933
2120.056913
2082.922464
2599.000486
2618.000126
2504.999622
2162.000022
2292.999195
2131.999748
2769.999735
2272.000050
2034.000080
2811.999893
2127.940853
2072.082087
