2331.000220
2446.998354
2307.001656
2416.999388
2513.999978
2075.000844
2863.997955
2936.999319
2293.003691
2118.999218
2394.999640
2622.000592
2482.998907
2384.001287
2767.000930
2634.999339
2618.999044
2567.998238
2776.000000
2626.000000
2358.000000
2957.000000
2541.000000
2616.000000
2131.000000
2130.000000
2940.000000
2346.000000
2299.000000
2639.000000
2569.000000
2386.000000
2815.000000
2221.000000
2774.000000
2989.000000
2703.000000
2608.000000
2656.000000
2736.000000
2885.000000
2095.000000
2913.000000
2636.000000
2711.000000
2119.000000
2584.000000
2059.000000
2746.000000
2358.000000
2379.000000
2279.000000
2987.000000
2447.000000
2331.000000
2221.000000
2959.000000
2276.000000
2506.000000
2285.000000
2032.000000
2522.000000
2162.000000
2788.000000
2261.000000
2851.000000
2491.000000
2435.000000
2419.000000
2533.000000
2986.000000
2264.000000
2940.000000
2604.000000
2468.000000
2935.000000
2984.000000
2894.000000
2109.000000
2753.000000
2323.000000
2137.000000
2983.000000
2299.000000
2280.000000
2913.000000
2047.000000
2756.000000
2874.000000
2175.000000
2410.000000
2513.000000
2578.000000
2806.000000
2545.000000
2274.000000
2085.000000
2610.000000
2902.000000
2720.000000
2355.000000
2395.000000
2331.000000
2730.000000
2447.000000
2010.000000
2062.000000
2410.000000
2464.000000
2284.000000
2103.000000
2046.000000
2007.000000
2625.000000
2514.000000
2170.000000
2957.000000
2256.000000
2647.000000
2510.000000
2441.000000
2217.000000
2373.000000
2549.000000
2956.000000
2348.000000
2452.000000
2411.000000
2056.000000
2227.000000
2835.000000
2331.000000
2479.000000
2690.000000
2930.000000
2204.000000
2358.000000
2162.000000
2045.000000
2161.000000
2804.000000
2602.000000
2310.000000
2327.000000
2547.000000
2283.000000
2146.000000
2735.000000
2155.000000
2791.000000
2448.000000
2978.000000
2139.000000
2458.000000
2456.000000
2740.000000
2295.000000
2098.000000
2742.000000
2144.000000
2699.000000
2300.000000
2225.000000
2963.000000
2653.000000
2862.000000
2429.000000
2008.000000
2616.000000
2515.000000
2382.000000
2315.000000
2832.000000
2454.000000
2971.000000
2262.000000
2315.000000
2557.000000
2821.000000
2651.000000
2192.000000
2702.000000
2814.000000
2928.000000
2115.000000
2933.000000
2699.000000
2714.000000
2371.000000
2682.000000
2187.000000
2064.000000
2981.000000
2248.000000
2233.000000
2220.000000
2577.000000
2535.000000
2371.000000
2709.000000
2331.000659
2446.995062
2307.004967
2416.998165
2513.999933
2075.002533
2863.993866
2936.997956
2293.011073
2118.997653
2394.998920
2622.001777
2482.996720
2384.003860
2767.002789
2634.998016
2618.997133
2567.994715
2776.000000
2626.000000
2358.000000
2957.000000
2541.000000
2616.000000
2131.000000
2130.000000
2940.000000
2346.000000
2299.000000
2639.000000
2569.000000
2386.000000
2815.000000
2221.000000
2774.000000
2989.000000
2703.000000
2608.000000
2656.000000
2736.000000
2885.000000
2095.000000
2913.000000
2636.000000
2711.000000
2119.000000
2584.000000
2059.000000
2746.000000
2358.000000
2379.000000
2279.000000
2987.000000
2447.000000
2331.000000
2221.000000
2959.000000
2276.000000
2506.000000
2285.000000
2032.000000
2522.000000
2162.000000
2788.000000
2261.000000
2851.000000
2491.000000
2435.000000
2419.000000
2533.000000
2986.000000
2264.000000
2940.000000
2604.000000
2468.000000
2935.000000
2984.000000
2894.000000
2109.000000
2753.000000
2323.000000
2137.000000
2983.000000
2299.000000
2280.000000
2913.000000
2047.000000
2756.000000
2874.000000
2175.000000
2410.000000
2513.000000
2578.000000
2806.000000
2545.000000
2274.000000
2085.000000
2610.000000
2902.000000
2720.000000
2355.000000
2395.000000
2331.000000
2730.000000
2447.000000
2010.000000
2062.000000
2410.000000
2464.000000
2284.000000
2103.000000
2046.000000
2007.000000
2625.000000
2514.000000
2170.000000
2957.000000
2256.000000
2647.000000
2510.000000
2441.000000
2217.000000
2373.000000
2549.000000
2956.000000
2348.000000
2452.000000
2411.000000
2056.000000
2227.000000
2835.000000
2331.000000
2479.000000
2690.000000
2930.000000
2204.000000
2358.000000
2162.000000
2045.000000
2161.000000
2804.000000
2602.000000
2310.000000
2327.000000
2547.000000
2283.000000
2146.000000
2735.000000
2155.000000
2791.000000
2448.000000
2978.000000
2139.000000
2458.000000
2456.000000
2740.000000
2295.000000
2098.000000
2742.000000
2144.000000
2699.000000
2300.000000
2225.000000
2963.000000
2653.000000
2862.000000
2429.000000
2008.000000
2616.000000
2515.000000
2382.000000
2315.000000
2832.000000
2454.000000
2971.000000
2262.000000
2315.000000
2557.000000
2821.000000
2651.000000
2192.000000
2702.000000
2814.000000
2928.000000
2115.000000
2933.000000
2699.000000
2714.000000
2371.000000
2682.000000
2187.000000
2064.000000
2981.000000
2248.000000
2233.000000
2220.000000
2577.000000
2535.000000
2371.000000
2709.000000
2331.001319
2446.990124
2307.009934
2416.996330
2513.999866
2075.005065
2863.987732
2936.995912
2293.022146
2118.995305
2394.997840
2622.003554
2482.993440
2384.007720
2767.005579
2634.996032
2618.994265
2567.989430
2776.000000
2626.000000
2358.000000
2957.000000
2541.000000
2616.000000
2131.000000
2130.000000
2940.000000
2346.000000
2299.000000
2639.000000
2569.000000
2386.000000
2815.000000
2221.000000
2774.000000
2989.000000
2703.000000
2608.000000
2656.000000
2736.000000
2885.000000
2095.000000
2913.000000
2636.000000
2711.000000
2119.000000
2584.000000
2059.000000
2746.000000
2358.000000
2379.000000
2279.000000
2987.000000
2447.000000
2331.000000
2221.000000
2959.000000
2276.000000
2506.000000
2285.000000
2032.000000
2522.000000
2162.000000
2788.000000
2261.000000
2851.000000
2491.000000
2435.000000
2419.000000
2533.000000
2986.000000
2264.000000
2940.000000
2604.000000
2468.000000
2935.000000
2984.000000
2894.000000
2109.000000
2753.000000
2323.000000
2137.000000
2983.000000
2299.000000
2280.000000
2913.000000
2047.000000
2756.000000
2874.000000
2175.000000
2410.000000
2513.000000
2578.000000
2806.000000
2545.000000
2274.000000
2085.000000
2610.000000
2902.000000
2720.000000
2355.000000
2395.000000
2331.000000
2730.000000
2447.000000
2010.000000
2062.000000
2410.000000
2464.000000
2284.000000
2103.000000
2046.000000
2007.000000
2625.000000
2514.000000
2170.000000
2957.000000
2256.000000
2647.000000
2510.000000
2441.000000
2217.000000
2373.000000
2549.000000
2956.000000
2348.000000
2452.000000
2411.000000
2056.000000
2227.000000
2835.000000
2331.000000
2479.000000
2690.000000
2930.000000
2204.000000
2358.000000
2162.000000
2045.000000
2161.000000
2804.000000
2602.000000
2310.000000
2327.000000
2547.000000
2283.000000
2146.000000
2735.000000
2155.000000
2791.000000
2448.000000
2978.000000
2139.000000
2458.000000
2456.000000
2740.000000
2295.000000
2098.000000
2742.000000
2144.000000
2699.000000
2300.000000
2225.000000
2963.000000
2653.000000
2862.000000
2429.000000
2008.000000
2616.000000
2515.000000
2382.000000
2315.000000
2832.000000
2454.000000
2971.000000
2262.000000
2315.000000
2557.000000
2821.000000
2651.000000
2192.000000
2702.000000
2814.000000
2928.000000
2115.000000
2933.000000
2699.000000
2714.000000
2371.000000
2682.000000
2187.000000
2064.000000
2981.000000
2248.000000
2233.000000
2220.000000
2577.000000
2535.000000
2371.000000
2709.000000
2331.002198
2446.983538
2307.016557
2416.993883
2513.999776
2075.008442
2863.979552
2936.993186
2293.036909
2118.992176
2394.996401
2622.005924
2482.989067
2384.012868
2767.009298
2634.993387
2618.990441
2567.982383
2776.000000
2626.000000
2358.000000
2957.000000
2541.000000
2616.000000
2131.000000
2130.000000
2940.000000
2346.000000
2299.000000
2639.000000
2569.000000
2386.000000
2815.000000
2221.000000
2774.000000
2989.000000
2703.000000
2608.000000
2656.000000
2736.000000
2885.000000
2095.000000
2913.000000
2636.000000
2711.000000
2119.000000
2584.000000
2059.000000
2746.000000
2358.000000
2379.000000
2279.000000
2987.000000
2447.000000
2331.000000
2221.000000
2959.000000
2276.000000
2506.000000
2285.000000
2032.000000
2522.000000
2162.000000
2788.000000
2261.000000
2851.000000
2491.000000
2435.000000
2419.000000
2533.000000
2986.000000
2264.000000
2940.000000
2604.000000
2468.000000
2935.000000
2984.000000
2894.000000
2109.000000
2753.000000
2323.000000
2137.000000
2983.000000
2299.000000
2280.000000
2913.000000
2047.000000
2756.000000
2874.000000
2175.000000
2410.000000
2513.000000
2578.000000
2806.000000
2545.000000
2274.000000
2085.000000
2610.000000
2902.000000
2720.000000
2355.000000
2395.000000
2331.000000
2730.000000
2447.000000
2010.000000
2062.000000
2410.000000
2464.000000
2284.000000
2103.000000
2046.000000
2007.000000
2625.000000
2514.000000
2170.000000
2957.000000
2256.000000
2647.000000
2510.000000
2441.000000
2217.000000
2373.000000
2549.000000
2956.000000
2348.000000
2452.000000
2411.000000
2056.000000
2227.000000
2835.000000
2331.000000
2479.000000
2690.000000
2930.000000
2204.000000
2358.000000
2162.000000
2045.000000
2161.000000
2804.000000
2602.000000
2310.000000
2327.000000
2547.000000
2283.000000
2146.000000
2735.000000
2155.000000
2791.000000
2448.000000
2978.000000
2139.000000
2458.000000
2456.000000
2740.000000
2295.000000
2098.000000
2742.000000
2144.000000
2699.000000
2300.000000
2225.000000
2963.000000
2653.000000
2862.000000
2429.000000
2008.000000
2616.000000
2515.000000
2382.000000
2315.000000
2832.000000
2454.000000
2971.000000
2262.000000
2315.000000
2557.000000
2821.000000
2651.000000
2192.000000
2702.000000
2814.000000
2928.000000
2115.000000
2933.000000
2699.000000
2714.000000
2371.000000
2682.000000
2187.000000
2064.000000
2981.000000
2248.000000
2233.000000
2220.000000
2577.000000
2535.000000
2371.000000
2709.000000
2331.003296
2446.975306
2307.024837
2416.990824
2513.999664
2075.012664
2863.969326
2936.989779
2293.055361
2118.988264
2394.994601
2622.008886
2482.983599
2384.019303
2767.013948
2634.990079
2618.985661
2567.973573
2776.000000
2626.000000
2358.000000
2957.000000
2541.000000
2616.000000
2131.000000
2130.000000
2940.000000
2346.000000
2299.000000
2639.000000
2569.000000
2386.000000
2815.000000
2221.000000
2774.000000
2989.000000
2703.000000
2608.000000
2656.000000
2736.000000
2885.000000
2095.000000
2913.000000
2636.000000
2711.000000
2119.000000
2584.000000
2059.000000
2746.000000
2358.000000
2379.000000
2279.000000
2987.000000
2447.000000
2331.000000
2221.000000
2959.000000
2276.000000
2506.000000
2285.000000
2032.000000
2522.000000
2162.000000
2788.000000
2261.000000
2851.000000
2491.000000
2435.000000
2419.000000
2533.000000
2986.000000
2264.000000
2940.000000
2604.000000
2468.000000
2935.000000
2984.000000
2894.000000
2109.000000
2753.000000
2323.000000
2137.000000
2983.000000
2299.000000
2280.000000
2913.000000
2047.000000
2756.000000
2874.000000
2175.000000
2410.000000
2513.000000
2578.000000
2806.000000
2545.000000
2274.000000
2085.000000
2610.000000
2902.000000
2720.000000
2355.000000
2395.000000
2331.000000
2730.000000
2447.000000
2010.000000
2062.000000
2410.000000
2464.000000
2284.000000
2103.000000
2046.000000
2007.000000
2625.000000
2514.000000
2170.000000
2957.000000
2256.000000
2647.000000
2510.000000
2441.000000
2217.000000
2373.000000
2549.000000
2956.000000
2348.000000
2452.000000
2411.000000
2056.000000
2227.000000
2835.000000
2331.000000
2479.000000
2690.000000
2930.000000
2204.000000
2358.000000
2162.000000
2045.000000
2161.000000
2804.000000
2602.000000
2310.000000
2327.000000
2547.000000
2283.000000
2146.000000
2735.000000
2155.000000
2791.000000
2448.000000
2978.000000
2139.000000
2458.000000
2456.000000
2740.000000
2295.000000
2098.000000
2742.000000
2144.000000
2699.000000
2300.000000
2225.000000
2963.000000
2653.000000
2862.000000
2429.000000
2008.000000
2616.000000
2515.000000
2382.000000
2315.000000
2832.000000
2454.000000
2971.000000
2262.000000
2315.000000
2557.000000
2821.000000
2651.000000
2192.000000
2702.000000
2814.000000
2928.000000
2115.000000
2933.000000
2699.000000
2714.000000
2371.000000
2682.000000
2187.000000
2064.000000
2981.000000
2248.000000
2233.000000
2220.000000
2577.000000
2535.000000
2371.000000
2709.000000
2331.004614
2446.965425
2307.034773
2416.987153
2513.999529
2075.017729
2863.957053
2936.985690
2293.077501
2118.983570
2394.992441
2622.012440
2482.977037
2384.027027
2767.019529
2634.986109
2618.979924
2567.963000
2776.000000
2626.000000
2358.000000
2957.000000
2541.000000
2616.000000
2131.000000
2130.000000
2940.000000
2346.000000
2299.000000
2639.000000
2569.000000
2386.000000
2815.000000
2221.000000
2774.000000
2989.000000
2703.000000
2608.000000
2656.000000
2736.000000
2885.000000
2095.000000
2913.000000
2636.000000
2711.000000
2119.000000
2584.000000
2059.000000
2746.000000
2358.000000
2379.000000
2279.000000
2987.000000
2447.000000
2331.000000
2221.000000
2959.000000
2276.000000
2506.000000
2285.000000
2032.000000
2522.000000
2162.000000
2788.000000
2261.000000
2851.000000
2491.000000
2435.000000
2419.000000
2533.000000
2986.000000
2264.000000
2940.000000
2604.000000
2468.000000
2935.000000
2984.000000
2894.000000
2109.000000
2753.000000
2323.000000
2137.000000
2983.000000
2299.000000
2280.000000
2913.000000
2047.000000
2756.000000
2874.000000
2175.000000
2410.000000
2513.000000
2578.000000
2806.000000
2545.000000
2274.000000
2085.000000
2610.000000
2902.000000
2720.000000
2355.000000
2395.000000
2331.000000
2730.000000
2447.000000
2010.000000
2062.000000
2410.000000
2464.000000
2284.000000
2103.000000
2046.000000
2007.000000
2625.000000
2514.000000
2170.000000
2957.000000
2256.000000
2647.000000
2510.000000
2441.000000
2217.000000
2373.000000
2549.000000
2956.000000
2348.000000
2452.000000
2411.000000
2056.000000
2227.000000
2835.000000
2331.000000
2479.000000
2690.000000
2930.000000
2204.000000
2358.000000
2162.000000
2045.000000
2161.000000
2804.000000
2602.000000
2310.000000
2327.000000
2547.000000
2283.000000
2146.000000
2735.000000
2155.000000
2791.000000
2448.000000
2978.000000
2139.000000
2458.000000
2456.000000
2740.000000
2295.000000
2098.000000
2742.000000
2144.000000
2699.000000
2300.000000
2225.000000
2963.000000
2653.000000
2862.000000
2429.000000
2008.000000
2616.000000
2515.000000
2382.000000
2315.000000
2832.000000
2454.000000
2971.000000
2262.000000
2315.000000
2557.000000
2821.000000
2651.000000
2192.000000
2702.000000
2814.000000
2928.000000
2115.000000
2933.000000
2699.000000
2714.000000
2371.000000
2682.000000
2187.000000
2064.000000
2981.000000
2248.000000
2233.000000
2220.000000
2577.000000
2535.000000
2371.000000
2709.000000
2331.006151
2446.953895
2307.046366
2416.982870
2513.999372
2075.023639
2863.942733
2936.980921
2293.103328
2118.978094
2394.989922
2622.016588
2482.969380
2384.036039
2767.026040
2634.981477
2618.973230
2567.950664
2776.000000
2626.000000
2358.000000
2957.000000
2541.000000
2616.000000
2131.000000
2130.000000
2940.000000
2346.000000
2299.000000
2639.000000
2569.000000
2386.000000
2815.000000
2221.000000
2774.000000
2989.000000
2703.000000
2608.000000
2656.000000
2736.000000
2885.000000
2095.000000
2913.000000
2636.000000
2711.000000
2119.000000
2584.000000
2059.000000
2746.000000
2358.000000
2379.000000
2279.000000
2987.000000
2447.000000
2331.000000
2221.000000
2959.000000
2276.000000
2506.000000
2285.000000
2032.000000
2522.000000
2162.000000
2788.000000
2261.000000
2851.000000
2491.000000
2435.000000
2419.000000
2533.000000
2986.000000
2264.000000
2940.000000
2604.000000
2468.000000
2935.000000
2984.000000
2894.000000
2109.000000
2753.000000
2323.000000
2137.000000
2983.000000
2299.000000
2280.000000
2913.000000
2047.000000
2756.000000
2874.000000
2175.000000
2410.000000
2513.000000
2578.000000
2806.000000
2545.000000
2274.000000
2085.000000
2610.000000
2902.000000
2720.000000
2355.000000
2395.000000
2331.000000
2730.000000
2447.000000
2010.000000
2062.000000
2410.000000
2464.000000
2284.000000
2103.000000
2046.000000
2007.000000
2625.000000
2514.000000
2170.000000
2957.000000
2256.000000
2647.000000
2510.000000
2441.000000
2217.000000
2373.000000
2549.000000
2956.000000
2348.000000
2452.000000
2411.000000
2056.000000
2227.000000
2835.000000
2331.000000
2479.000000
2690.000000
2930.000000
2204.000000
2358.000000
2162.000000
2045.000000
2161.000000
2804.000000
2602.000000
2310.000000
2327.000000
2547.000000
2283.000000
2146.000000
2735.000000
2155.000000
2791.000000
2448.000000
2978.000000
2139.000000
2458.000000
2456.000000
2740.000000
2295.000000
2098.000000
2742.000000
2144.000000
2699.000000
2300.000000
2225.000000
2963.000000
2653.000000
2862.000000
2429.000000
2008.000000
2616.000000
2515.000000
2382.000000
2315.000000
2832.000000
2454.000000
2971.000000
2262.000000
2315.000000
2557.000000
2821.000000
2651.000000
2192.000000
2702.000000
2814.000000
2928.000000
2115.000000
2933.000000
2699.000000
2714.000000
2371.000000
2682.000000
2187.000000
2064.000000
2981.000000
2248.000000
2233.000000
2220.000000
2577.000000
2535.000000
2371.000000
2709.000000
2331.007907
2446.940714
2307.059616
2416.977975
2513.999193
2075.030394
2863.926364
2936.975469
2293.132840
2118.971837
2394.987042
2622.021328
2482.960628
2384.046342
2767.033483
2634.976181
2618.965579
2567.936564
2776.000000
2626.000000
2358.000000
2957.000000
2541.000000
2616.000000
2131.000000
2130.000000
2940.000000
2346.000000
2299.000000
2639.000000
2569.000000
2386.000000
2815.000000
2221.000000
2774.000000
2989.000000
2703.000000
2608.000000
2656.000000
2736.000000
2885.000000
2095.000000
2913.000000
2636.000000
2711.000000
2119.000000
2584.000000
2059.000000
2746.000000
2358.000000
2379.000000
2279.000000
2987.000000
2447.000000
2331.000000
2221.000000
2959.000000
2276.000000
2506.000000
2285.000000
2032.000000
2522.000000
2162.000000
2788.000000
2261.000000
2851.000000
2491.000000
2435.000000
2419.000000
2533.000000
2986.000000
2264.000000
2940.000000
2604.000000
2468.000000
2935.000000
2984.000000
2894.000000
2109.000000
2753.000000
2323.000000
2137.000000
2983.000000
2299.000000
2280.000000
2913.000000
2047.000000
2756.000000
2874.000000
2175.000000
2410.000000
2513.000000
2578.000000
2806.000000
2545.000000
2274.000000
2085.000000
2610.000000
2902.000000
2720.000000
2355.000000
2395.000000
2331.000000
2730.000000
2447.000000
2010.000000
2062.000000
2410.000000
2464.000000
2284.000000
2103.000000
2046.000000
2007.000000
2625.000000
2514.000000
2170.000000
2957.000000
2256.000000
2647.000000
2510.000000
2441.000000
2217.000000
2373.000000
2549.000000
2956.000000
2348.000000
2452.000000
2411.000000
2056.000000
2227.000000
2835.000000
2331.000000
2479.000000
2690.000000
2930.000000
2204.000000
2358.000000
2162.000000
2045.000000
2161.000000
2804.000000
2602.000000
2310.000000
2327.000000
2547.000000
2283.000000
2146.000000
2735.000000
2155.000000
2791.000000
2448.000000
2978.000000
2139.000000
2458.000000
2456.000000
2740.000000
2295.000000
2098.000000
2742.000000
2144.000000
2699.000000
2300.000000
2225.000000
2963.000000
2653.000000
2862.000000
2429.000000
2008.000000
2616.000000
2515.000000
2382.000000
2315.000000
2832.000000
2454.000000
2971.000000
2262.000000
2315.000000
2557.000000
2821.000000
2651.000000
2192.000000
2702.000000
2814.000000
2928.000000
2115.000000
2933.000000
2699.000000
2714.000000
2371.000000
2682.000000
2187.000000
2064.000000
2981.000000
2248.000000
2233.000000
2220.000000
2577.000000
2535.000000
2371.000000
2709.000000
2331.009881
2446.925883
2307.074524
2416.972467
2513.998991
2075.037992
2863.907945
2936.969336
2293.166036
2118.964798
2394.983802
2622.026661
2482.950780
2384.057935
2767.041858
2634.970222
2618.956970
2567.920699
2776.000000
2626.000000
2358.000000
2957.000000
2541.000000
2616.000000
2131.000000
2130.000000
2940.000000
2346.000000
2299.000000
2639.000000
2569.000000
2386.000000
2815.000000
2221.000000
2774.000000
2989.000000
2703.000000
2608.000000
2656.000000
2736.000000
2885.000000
2095.000000
2913.000000
2636.000000
2711.000000
2119.000000
2584.000000
2059.000000
2746.000000
2358.000000
2379.000000
2279.000000
2987.000000
2447.000000
2331.000000
2221.000000
2959.000000
2276.000000
2506.000000
2285.000000
2032.000000
2522.000000
2162.000000
2788.000000
2261.000000
2851.000000
2491.000000
2435.000000
2419.000000
2533.000000
2986.000000
2264.000000
2940.000000
2604.000000
2468.000000
2935.000000
2984.000000
2894.000000
2109.000000
2753.000000
2323.000000
2137.000000
2983.000000
2299.000000
2280.000000
2913.000000
2047.000000
2756.000000
2874.000000
2175.000000
2410.000000
2513.000000
2578.000000
2806.000000
2545.000000
2274.000000
2085.000000
2610.000000
2902.000000
2720.000000
2355.000000
2395.000000
2331.000000
2730.000000
2447.000000
2010.000000
2062.000000
2410.000000
2464.000000
2284.000000
2103.000000
2046.000000
2007.000000
2625.000000
2514.000000
2170.000000
2957.000000
2256.000000
2647.000000
2510.000000
2441.000000
2217.000000
2373.000000
2549.000000
2956.000000
2348.000000
2452.000000
2411.000000
2056.000000
2227.000000
2835.000000
2331.000000
2479.000000
2690.000000
2930.000000
2204.000000
2358.000000
2162.000000
2045.000000
2161.000000
2804.000000
2602.000000
2310.000000
2327.000000
2547.000000
2283.000000
2146.000000
2735.000000
2155.000000
2791.000000
2448.000000
2978.000000
2139.000000
2458.000000
2456.000000
2740.000000
2295.000000
2098.000000
2742.000000
2144.000000
2699.000000
2300.000000
2225.000000
2963.000000
2653.000000
2862.000000
2429.000000
2008.000000
2616.000000
2515.000000
2382.000000
2315.000000
2832.000000
2454.000000
2971.000000
2262.000000
2315.000000
2557.000000
2821.000000
2651.000000
2192.000000
2702.000000
2814.000000
2928.000000
2115.000000
2933.000000
2699.000000
2714.000000
2371.000000
2682.000000
2187.000000
2064.000000
2981.000000
2248.000000
2233.000000
2220.000000
2577.000000
2535.000000
2371.000000
2709.000000
2331.012074
2446.909398
2307.091090
2416.966346
2513.998767
2075.046436
2863.887476
2936.962522
2293.202913
2118.956979
2394.980202
2622.032587
2482.939835
2384.070820
2767.051166
2634.963598
2618.947402
2567.903068
2776.000000
2626.000000
2358.000000
2957.000000
2541.000000
2616.000000
2131.000000
2130.000000
2940.000000
2346.000000
2299.000000
2639.000000
2569.000000
2386.000000
2815.000000
2221.000000
2774.000000
2989.000000
2703.000000
2608.000000
2656.000000
2736.000000
2885.000000
2095.000000
2913.000000
2636.000000
2711.000000
2119.000000
2584.000000
2059.000000
2746.000000
2358.000000
2379.000000
2279.000000
2987.000000
2447.000000
2331.000000
2221.000000
2959.000000
2276.000000
2506.000000
2285.000000
2032.000000
2522.000000
2162.000000
2788.000000
2261.000000
2851.000000
2491.000000
2435.000000
2419.000000
2533.000000
2986.000000
2264.000000
2940.000000
2604.000000
2468.000000
2935.000000
2984.000000
2894.000000
2109.000000
2753.000000
2323.000000
2137.000000
2983.000000
2299.000000
2280.000000
2913.000000
2047.000000
2756.000000
2874.000000
2175.000000
2410.000000
2513.000000
2578.000000
2806.000000
2545.000000
2274.000000
2085.000000
2610.000000
2902.000000
2720.000000
2355.000000
2395.000000
2331.000000
2730.000000
2447.000000
2010.000000
2062.000000
2410.000000
2464.000000
2284.000000
2103.000000
2046.000000
2007.000000
2625.000000
2514.000000
2170.000000
2957.000000
2256.000000
2647.000000
2510.000000
2441.000000
2217.000000
2373.000000
2549.000000
2956.000000
2348.000000
2452.000000
2411.000000
2056.000000
2227.000000
2835.000000
2331.000000
2479.000000
2690.000000
2930.000000
2204.000000
2358.000000
2162.000000
2045.000000
2161.000000
2804.000000
2602.000000
2310.000000
2327.000000
2547.000000
2283.000000
2146.000000
2735.000000
2155.000000
2791.000000
2448.000000
2978.000000
2139.000000
2458.000000
2456.000000
2740.000000
2295.000000
2098.000000
2742.000000
2144.000000
2699.000000
2300.000000
2225.000000
2963.000000
2653.000000
2862.000000
2429.000000
2008.000000
2616.000000
2515.000000
2382.000000
2315.000000
2832.000000
2454.000000
2971.000000
2262.000000
2315.000000
2557.000000
2821.000000
2651.000000
2192.000000
2702.000000
2814.000000
2928.000000
2115.000000
2933.000000
2699.000000
2714.000000
2371.000000
2682.000000
2187.000000
2064.000000
2981.000000
2248.000000
2233.000000
2220.000000
2577.000000
2535.000000
2371.000000
2709.000000
