2241.000108
2951.000091
2096.000082
2897.000063
2365.000729
2426.000577
2480.000294
2584.000332
2320.000118
2616.000242
2724.000045
2842.000039
2425.000731
2467.000556
2290.000504
2373.000409
2874.000027
2090.000022
2614.000085
2148.000072
2241.000324
2951.000273
2096.000245
2897.000190
2365.002187
2426.001730
2480.000881
2584.000997
2320.000354
2616.000726
2724.000135
2842.000116
2425.002193
2467.001668
2290.001511
2373.001226
2874.000081
2090.000067
2614.000254
2148.000216
2241.000649
2951.000545
2096.000490
2897.000380
2365.004374
2426.003460
2480.001763
2584.001993
2320.000708
2616.001453
2724.000271
2842.000232
2425.004385
2467.003337
2290.003023
2373.002452
2874.000161
2090.000134
2614.000507
2148.000433
