2320.035719
2483.034510
2501.991795
2817.965714
2677.998086
2322.998188
2529.998188
2800.998738
2606.000607
2671.996782
2970.997978
2135.000322
2583.000151
2988.994810
2631.997011
2626.999403
2805.996670
2600.998357
2814.017558
2371.006768
2028.001167
2690.996164
2669.999550
2544.993474
2189.000561
2576.009671
2429.003519
2106.002436
2889.995382
2065.003928
2858.994423
2387.998365
2124.005097
2322.998890
2461.997874
2955.998844
2673.999357
2114.003713
2419.006741
2927.995087
2050.013264
2956.987812
2514.999187
2978.995408
2798.999301
2168.001456
2406.004949
2948.991593
2166.085030
2840.003341
2598.014520
2050.986395
2518.003910
2526.998087
2075.001439
2989.991489
2962.999960
2016.004803
2453.000135
2787.996353
2667.000660
2837.998151
2571.999335
2353.000493
2374.000631
2153.001080
2752.997974
2558.999764
2238.001668
2078.008835
2787.985555
2675.999270
2078.005883
2194.030302
2691.997063
2621.001380
2613.996241
2936.997261
2651.002536
2742.012217
2967.990631
2408.995351
2594.007564
2333.000214
2847.002598
2060.006737
2971.998571
2813.001202
2047.029907
2051.020781
2313.999763
2191.001714
2632.987955
2268.989514
2830.998331
2314.004683
2371.003013
2927.997357
2926.996528
2930.996051
2623.993922
2251.015692
2805.987746
2845.003567
2045.992374
2691.999101
2439.122648
2664.811973
2743.998827
2712.000378
2126.003997
2378.998815
2537.000604
2012.005136
2495.000696
2195.003925
2074.009462
2918.001552
2941.996007
2845.006209
2552.000430
2469.002341
2572.002555
2627.997443
2277.999968
2025.997214
2043.005675
2466.003322
2973.995034
2561.994219
2602.998453
2040.016775
2775.996091
2577.998776
2569.999220
2425.001368
2677.995331
2850.992809
2066.002946
2793.000642
2738.000834
2345.000684
2309.994682
2270.018322
2079.003593
2900.012548
2540.000494
2295.000307
2370.999054
2269.002545
2913.996646
2225.001438
2835.993665
2353.006437
2473.996029
2922.998645
2954.995687
2952.996207
2706.057293
2019.004923
2654.000577
2757.995059
2424.002506
2419.993165
2173.999748
2850.944665
2598.996848
2390.998494
2193.004138
2114.001472
2350.000120
2028.004947
2547.002479
2215.998327
2673.980131
2689.981362
2226.003138
2996.994596
2980.993511
2055.001674
2177.001359
2710.003665
2422.002077
2486.004537
2586.005038
2660.996189
2001.003306
2612.000444
2712.000635
2157.008511
2692.987324
2507.004761
2250.002159
2406.000450
2808.995588
2431.998355
2993.995480
2010.004007
2780.996849
2990.994844
2939.000710
2519.999784
2207.008856
2942.999250
2894.998722
2881.004952
2433.985628
2881.980671
2067.946652
2946.858523
2464.974066
2992.000492
2595.006728
2242.003819
2941.000002
2403.001604
2976.977840
2398.006969
2714.998163
2178.997010
2509.003391
2469.999767
2012.008145
2677.004248
2706.001890
2923.998444
2708.999007
2709.997444
2675.990177
2777.997014
2153.006813
2595.999091
2137.000458
2191.002540
2526.989192
2131.989310
2702.000665
2460.996299
2888.000380
2176.995294
2416.998703
2685.999932
2114.000860
2050.003099
2458.997982
2757.000336
2332.001846
2817.997919
2792.009685
2846.999569
2199.003951
2000.004236
2598.000698
2488.997936
2240.003918
2016.004790
2636.992768
2070.999874
2431.998484
2311.004188
2405.976857
2728.026914
2201.993710
2841.999890
2674.995971
2653.006197
2424.005947
2985.993885
2882.992959
2130.002375
2471.999509
2330.002880
2306.004075
2279.982944
2682.001354
2519.984226
2542.999205
2508.999555
2864.998271
2940.991695
2364.008398
2347.002080
2900.992698
2900.994373
2839.997830
2575.999625
2888.997591
2352.000923
2755.996573
2235.000801
2821.994073
2708.001677
2591.998190
2366.001015
2499.002557
2400.007011
2773.997628
2942.996331
2120.998752
2808.003423
2129.999584
2523.999471
2515.984678
2424.989243
2447.992675
2618.006503
2033.005814
2507.001135
2604.999546
2614.999526
2659.004495
2788.989301
2395.104391
2380.699500
2059.006229
2880.004233
2595.997498
2654.001842
2994.990503
2127.002779
2334.997045
2258.004245
2373.998494
2125.999012
2315.000374
2573.998407
2185.002376
2606.977821
2407.000829
2563.999268
2863.993717
2574.999148
2733.997662
2970.005031
2968.992635
2382.007443
2604.984301
2330.005791
2537.001876
2325.000120
2276.999442
2012.007601
2892.995574
2738.999816
2287.007359
2054.006977
2946.996338
2590.995882
2465.971279
2997.898268
2951.995578
2215.001482
2227.000212
2948.997353
2882.998612
2917.994648
2771.001567
2875.997949
2665.999666
2413.002995
2688.000370
2042.002447
2319.991418
2935.003910
2078.003798
2222.989494
2761.996189
2522.000081
2404.992569
2341.012605
2964.995037
2293.001213
2101.002076
2521.000827
2559.000858
2755.999399
2046.995375
2528.024271
2217.002701
2194.003262
2712.999149
2234.000889
2574.017141
2554.016538
2173.003381
2631.996921
2826.993224
2745.998604
2424.999196
2502.989814
2669.000013
2469.004542
2831.997132
2921.993102
2943.998373
2480.997992
2973.992868
2879.998417
2233.004657
2096.994031
2903.993198
2162.975168
2618.004397
2736.999458
2619.014152
2261.986014
2843.002232
2090.005066
2940.994542
2867.000766
2380.999918
2536.000027
2113.979336
2720.005194
2367.992215
2664.007016
2729.997800
2989.992706
2621.000274
2223.011024
2056.998521
2479.997053
2080.002098
2098.002964
2304.007069
2716.997691
2512.998903
2911.998106
2818.986380
2852.995315
2980.994093
2234.000201
2611.991951
2347.997490
2517.000129
2068.005274
2902.994509
2151.004486
2520.999262
2124.003843
2237.003192
2532.999926
2115.003005
2612.999281
2434.993640
2918.000910
2017.004858
2783.000010
2689.002401
2953.996983
2580.000379
2935.997158
2359.003880
2547.996821
2506.003131
2417.997918
2021.004388
2320.999278
2173.969204
2842.959452
2903.007170
2432.001852
2111.995513
2899.002695
2770.998932
2334.002584
2147.000132
2350.997830
2434.892457
2392.043442
2928.986657
2324.014500
2657.026099
2682.920258
2085.003096
2540.996335
2581.981898
2561.981332
2582.002157
2736.999903
2706.007132
2991.994183
2364.000283
2105.002723
2634.999511
2875.997227
2823.976574
2375.984600
2500.003151
2811.004875
2777.983726
2739.989872
2345.003808
2748.995791
2459.999213
2834.998268
2345.000140
2768.994013
2551.001300
2351.998056
2952.999285
2058.002209
2138.000401
2422.001395
2871.004596
2057.008880
2642.990503
2233.005985
2766.011418
2733.005233
2281.000899
2863.998885
2473.004593
2209.001894
2349.005398
2669.008969
2765.997924
2014.003885
2744.999983
2916.998141
2813.998190
2222.001023
2227.002148
2361.000937
2744.999569
2583.996346
2491.001707
2227.001258
2613.996307
2992.994841
2547.997565
2275.006778
2925.996104
2100.002671
2702.002409
2449.005929
2664.998792
2566.994680
2398.003659
2313.005621
2833.996855
2478.997607
2329.005966
2705.995442
2599.000823
2802.996977
2278.013109
2293.978739
2190.001565
2907.997548
2187.999779
2808.005687
2402.019524
2734.954352
2824.996037
2788.997948
2269.003384
2455.000438
2079.000667
2204.983529
2807.004628
2390.991745
2109.014527
2720.998134
2772.000746
2672.002932
2019.007348
2949.988608
2846.004148
2139.997673
2666.970703
2681.007285
2114.012266
2435.004706
2014.005664
2261.001256
2364.002347
2881.999130
2281.000343
2961.998592
2863.000534
2121.007621
2923.998966
2581.998225
2395.003155
2354.005408
2668.996953
2724.999591
2236.999369
2924.002288
2066.049320
2943.070607
2055.995086
2056.997740
2780.002331
2424.002844
2294.003269
2787.998282
2615.000579
2068.998371
2140.997792
2931.995801
2411.001823
2208.001228
2401.002903
2603.000475
2064.004184
2271.999850
2028.005233
2861.000560
2133.006055
2280.002751
2919.000000
2336.000000
2493.003015
2116.002142
2327.004216
2762.996055
2395.968433
2378.105289
2427.008466
2872.010992
2283.006064
2283.001201
2720.997359
2684.005068
2512.998110
2100.005364
2734.996813
2129.005385
2879.989817
2261.985888
2968.996605
2534.001205
2467.000518
2027.004523
2389.002049
2706.002862
2451.001905
2103.003350
2230.000142
2881.997745
2293.001719
2166.002731
2563.999980
2886.998763
2789.990632
2752.988095
2640.001001
2488.000320
2351.004637
2719.995606
2343.013340
2688.996104
2670.011025
2508.003869
2817.999281
2897.000059
2728.996844
2700.003171
2019.007386
2930.001665
2531.974704
2575.028671
2329.000000
2491.000000
2161.996945
2281.002015
2094.991626
2920.996552
2510.003559
2273.003384
2538.999318
2967.996660
2454.026376
2989.999163
2396.001463
2808.997642
2044.004671
2537.995446
2796.003822
2908.994429
2782.000933
2441.991604
2286.002186
2122.998178
2676.996712
2285.000081
2174.002612
2731.993172
2510.004577
2593.994330
2566.996275
2484.997030
2314.048658
2938.965593
2921.000000
2335.000000
2425.003005
2380.011152
2630.000407
2527.996669
2118.002568
2662.000280
2533.000623
2947.999330
2439.020858
2624.986097
2627.000571
2151.002931
2440.927261
2662.104932
2527.000744
2580.995957
2933.993542
2894.996300
2978.965149
2815.986838
2185.003327
2593.999251
2281.002464
2575.998388
2638.995270
2046.007319
2439.001522
2579.001240
2713.998805
2019.004414
2274.000272
2997.993131
2918.987572
2438.992354
2157.998108
2318.998589
2234.005205
2252.997651
2249.999444
2232.004978
2953.996782
2769.000613
2388.998289
2050.003128
2352.975364
2689.991209
2977.994741
2480.999546
2552.000634
2196.003922
2103.005298
2821.996999
2804.993981
2740.999540
2874.009291
2251.020853
2172.016865
2838.095533
2716.990633
2440.006883
2431.051643
2393.962762
2091.002153
2136.002968
2328.000000
2489.000000
2610.998945
2467.005196
2472.999686
2371.002591
2706.992959
2473.997076
2291.003325
2631.999684
2314.009864
2505.987714
2657.023451
2678.092713
2252.002784
2746.998917
2432.000079
2179.004128
2380.002753
2622.001431
2082.985885
2949.986856
2476.002630
2560.999976
2703.000224
2387.004618
2125.002786
2445.995732
2370.005170
2736.993915
2708.998263
2403.001670
2298.982497
2059.995473
2079.004666
2312.998315
2298.999599
2097.000133
