2758.000350
2991.997235
2279.000072
2800.998002
2738.000720
2011.001368
2340.000770
2075.001819
2517.999994
2625.997305
2786.000128
2295.001201
2365.991175
2541.989887
2528.046558
2211.953454
2055.001782
2817.996014
2024.000616
2004.000358
2836.999854
2114.000734
2298.000029
2745.999667
2818.999369
2836.000425
2891.999929
2176.000357
2026.001015
2694.000142
2742.999578
2480.000347
2145.001109
2197.999864
2777.999684
2725.999720
2224.000989
2780.999221
2727.999797
2157.000113
2530.000072
2346.998838
2323.999847
2644.999396
2622.999639
2815.999183
2933.996425
2709.005581
2672.000019
2087.000033
2389.000444
2829.999012
2400.999311
2327.999767
2307.001185
2105.999594
2425.001532
2682.000429
2713.000612
2410.000372
2006.000590
2292.000099
2765.998822
2968.002251
2271.001402
2591.996250
2965.003063
2877.998626
2482.000000
2551.000000
2046.000382
2939.999392
2440.997854
2692.998052
2386.999840
2000.001797
2058.007295
2777.005096
2510.999091
2841.998636
2825.000199
2201.000469
2486.000120
2966.999120
2791.999456
2589.999443
2266.006821
2555.001711
2449.999744
2389.999586
2071.993249
2787.994291
2524.998619
2580.999683
2657.999936
2967.998977
2897.999320
2027.000796
2819.998406
2890.000258
2503.999848
2067.001293
2481.000000
2553.000000
2778.999817
2345.002803
2020.001022
2611.000249
2787.999929
2412.999203
2810.998725
2485.999592
2774.001911
2362.995822
2781.998874
2022.000636
2790.000074
2919.999271
2575.002860
2739.997833
2554.995819
2595.998469
2382.998233
2078.000225
2530.907878
2209.092072
2972.998560
2229.000357
2969.998823
2369.999826
2358.011378
2533.012798
2884.999289
2308.000253
2345.999518
2441.999891
2423.999895
2233.000781
2232.001238
2159.999453
2931.033292
2714.931852
2048.000825
2451.000195
2367.004045
2333.998719
2382.002463
2307.003077
2361.001206
2277.001366
2106.000518
2634.999978
2983.996299
2873.000435
2577.998279
2219.000091
2194.000163
2994.999371
2082.000839
2580.000568
2710.001276
2510.998648
2286.994684
2558.999247
2940.998869
2278.000116
2157.000831
2013.000901
2601.999018
2725.999885
2769.000486
2832.000036
2469.000079
2816.999137
2477.999868
2746.999691
2633.001433
2942.000734
2669.000357
2024.001438
2217.001180
2087.000907
2832.998922
2373.999429
2547.998467
2315.001912
2948.999139
2471.999438
2305.002005
2426.000751
2291.000180
2194.999329
2264.000730
2664.999671
2110.000728
2495.000214
2526.999658
2128.000432
2939.998441
2149.001165
2758.001051
2991.991703
2279.000217
2800.994005
2738.002161
2011.004103
2340.002309
2075.005457
2517.999982
2625.991915
2786.000384
2295.003603
2365.973479
2541.969612
2528.144314
2211.855721
2055.005345
2817.988041
2024.001847
2004.001075
2836.999561
2114.002203
2298.000086
2745.999000
2818.998108
2836.001275
2891.999786
2176.001072
2026.003046
2694.000426
2742.998733
2480.001041
2145.003326
2197.999593
2777.999053
2725.999160
2224.002967
2780.997663
2727.999392
2157.000340
2530.000216
2346.996515
2323.999542
2644.998189
2622.998916
2815.997550
2933.989203
2709.016888
2672.000056
2087.000098
2389.001333
2829.997035
2400.997932
2327.999302
2307.003556
2105.998783
2425.004598
2682.001288
2713.001835
2410.001116
2006.001769
2292.000298
2765.996466
2968.006755
2271.004206
2591.988749
2965.009193
2877.995876
2482.000000
2551.000000
2046.001145
2939.998177
2440.993562
2692.994154
2386.999520
2000.005392
2058.021897
2777.015298
2510.997273
2841.995908
2825.000596
2201.001407
2486.000360
2966.997359
2791.998369
2589.998330
2266.020470
2555.005133
2449.999232
2389.998758
2071.979733
2787.982862
2524.995857
2580.999049
2657.999808
2967.996931
2897.997961
2027.002387
2819.995217
2890.000773
2503.999544
2067.003880
2481.000000
2553.000000
2778.999450
2345.008412
2020.003067
2611.000747
2787.999786
2412.997609
2810.996175
2485.998776
2774.005733
2362.987463
2781.996622
2022.001908
2790.000222
2919.997814
2575.008582
2739.993497
2554.987457
2595.995407
2382.994700
2078.000675
2530.714511
2209.285343
2972.995681
2229.001071
2969.996470
2369.999477
2358.034193
2533.038458
2884.997866
2308.000758
2345.998553
2441.999674
2423.999685
2233.002342
2232.003715
2159.998360
2931.100728
2714.793854
2048.002475
2451.000585
2367.012137
2333.996158
2382.007390
2307.009232
2361.003618
2277.004098
2106.001555
2634.999935
2983.988895
2873.001306
2577.994837
2219.000272
2194.000489
2994.998114
2082.002516
2580.001704
2710.003827
2510.995943
2286.984043
2558.997740
2940.996606
2278.000347
2157.002492
2013.002703
2601.997055
2725.999654
2769.001459
2832.000108
2469.000237
2816.997411
2477.999604
2746.999075
2633.004300
2942.002203
2669.001072
2024.004315
2217.003541
2087.002721
2832.996765
2373.998287
2547.995400
2315.005736
2948.997418
2471.998315
2305.006016
2426.002253
2291.000539
2194.997988
2264.002190
2664.999014
2110.002184
2495.000643
2526.998974
2128.001297
2939.995324
2149.003495
2758.002102
2991.983404
2279.000435
2800.988009
2738.004323
2011.008205
2340.004618
2075.010915
2517.999965
2625.983830
2786.000769
2295.007207
2365.946821
2541.939070
2528.305563
2211.694500
2055.010690
2817.976078
2024.003695
2004.002151
2836.999122
2114.004405
2298.000172
2745.997999
2818.996216
2836.002550
2891.999572
2176.002143
2026.006092
2694.000851
2742.997465
2480.002083
2145.006651
2197.999186
2777.998105
2725.998319
2224.005935
2780.995325
2727.998784
2157.000679
2530.000433
2346.993029
2323.999084
2644.996378
2622.997832
2815.995101
2933.978180
2709.034229
2672.000112
2087.000196
2389.002666
2829.994070
2400.995863
2327.998603
2307.007112
2105.997566
2425.009197
2682.002578
2713.003671
2410.002232
2006.003538
2292.000595
2765.992931
2968.013516
2271.008413
2591.977493
2965.018394
2877.991750
2482.000000
2551.000000
2046.002289
2939.996355
2440.987121
2692.988306
2386.999040
2000.010785
2058.043835
2777.030629
2510.994546
2841.991816
2825.001192
2201.002813
2486.000720
2966.994717
2791.996738
2589.996660
2266.040959
2555.010271
2449.998463
2389.997516
2071.959423
2787.965690
2524.991713
2580.998099
2657.999616
2967.993862
2897.995922
2027.004773
2819.990434
2890.001546
2503.999088
2067.007759
2481.000000
2553.000000
2778.998898
2345.016833
2020.006135
2611.001495
2787.999572
2412.995218
2810.992350
2485.997553
2774.011469
2362.974916
2781.993244
2022.003816
2790.000445
2919.995627
2575.017166
2739.986993
2554.974912
2595.990813
2382.989399
2078.001351
2530.395722
2209.604001
2972.991362
2229.002142
2969.992939
2369.998954
2358.068565
2533.077116
2884.995733
2308.001516
2345.997105
2441.999348
2423.999370
2233.004683
2232.007430
2159.996721
2931.204131
2714.582357
2048.004951
2451.001170
2367.024276
2333.992314
2382.014783
2307.018469
2361.007236
2277.008197
2106.003109
2634.999871
2983.977784
2873.002614
2577.989673
2219.000545
2194.000979
2994.996228
2082.005033
2580.003408
2710.007654
2510.991886
2286.968064
2558.995477
2940.993212
2278.000694
2157.004984
2013.005407
2601.994110
2725.999308
2769.002918
2832.000217
2469.000474
2816.994822
2477.999207
2746.998149
2633.008600
2942.004406
2669.002145
2024.008630
2217.007083
2087.005441
2832.993530
2373.996574
2547.990799
2315.011474
2948.994836
2471.996630
2305.012032
2426.004505
2291.001077
2194.995975
2264.004379
2664.998028
2110.004367
2495.001287
2526.997948
2128.002594
2939.990649
2149.006990
2758.003505
2991.972335
2279.000724
2800.980015
2738.007205
2011.013676
2340.007698
2075.018191
2517.999941
2625.973047
2786.001281
2295.012011
2365.911059
2541.898105
2528.144314
2211.855721
2055.017817
2817.960121
2024.006158
2004.003585
2836.998537
2114.007342
2298.000286
2745.996666
2818.993694
2836.004250
2891.999287
2176.003572
2026.010154
2694.001419
2742.995774
2480.003472
2145.011086
2197.998643
2777.996842
2725.997199
2224.009891
2780.992209
2727.997974
2157.001132
2530.000723
2346.988380
2323.998473
2644.993963
2622.996387
2815.991834
2933.963093
2709.058129
2672.000187
2087.000326
2389.004444
2829.990116
2400.993103
2327.997671
2307.011855
2105.995943
2425.015332
2682.004299
2713.006118
2410.003720
2006.005896
2292.000992
2765.988214
2968.022537
2271.014024
2591.962479
2965.030674
2877.986245
2482.000000
2551.000000
2046.003815
2939.993924
2440.978527
2692.980505
2386.998401
2000.017975
2058.073148
2777.051121
2510.990910
2841.986360
2825.001987
2201.004688
2486.001200
2966.991195
2791.994563
2589.994433
2266.068309
2555.017128
2449.997439
2389.995860
2071.932277
2787.942741
2524.986190
2580.996832
2657.999359
2967.989769
2897.993203
2027.007956
2819.984057
2890.002577
2503.998481
2067.012932
2481.000000
2553.000000
2778.998159
2345.028075
2020.010224
2611.002491
2787.999287
2412.992030
2810.987250
2485.995922
2774.019121
2362.958171
2781.988739
2022.006360
2790.000742
2919.992711
2575.028617
2739.978318
2554.958183
2595.984686
2382.982331
2078.002251
2530.714511
2209.285343
2972.985603
2229.003570
2969.988232
2369.998256
2358.114677
2533.128975
2884.992888
2308.002526
2345.995174
2441.998913
2423.998950
2233.007806
2232.012384
2159.994534
2931.346588
2714.291187
2048.008251
2451.001949
2367.040467
2333.987188
2382.024646
2307.030792
2361.012060
2277.013662
2106.005182
2634.999785
2983.962959
2873.004361
2577.982787
2219.000910
2194.001631
2994.993713
2082.008388
2580.005680
2710.012758
2510.986476
2286.946725
2558.992455
2940.988686
2278.001157
2157.008306
2013.009011
2601.990182
2725.998846
2769.004864
2832.000362
2469.000790
2816.991371
2477.998679
2746.996915
2633.014335
2942.007344
2669.003575
2024.014383
2217.011805
2087.009069
2832.989216
2373.994289
2547.984663
2315.019126
2948.991393
2471.994383
2305.020054
2426.007509
2291.001796
2194.993292
2264.007299
2664.996713
2110.007279
2495.002144
2526.996580
2128.004324
2939.984414
2149.011649
2758.005261
2991.958494
2279.001086
2800.970022
2738.010810
2011.020514
2340.011547
2075.027287
2517.999912
2625.959567
2786.001922
2295.018018
2365.865999
2541.846500
2528.046558
2211.953454
2055.026725
2817.940165
2024.009236
2004.005377
2836.997806
2114.011014
2298.000429
2745.994999
2818.990540
2836.006375
2891.998931
2176.005357
2026.015231
2694.002128
2742.993661
2480.005210
2145.016628
2197.997965
2777.995263
2725.995798
2224.014838
2780.988313
2727.996961
2157.001698
2530.001086
2346.982567
2323.997709
2644.990945
2622.994580
2815.987751
2933.943524
2709.089424
2672.000280
2087.000489
2389.006666
2829.985174
2400.989650
2327.996503
2307.017784
2105.993914
2425.023005
2682.006453
2713.009177
2410.005581
2006.008844
2292.001488
2765.982313
2968.033828
2271.021038
2591.943701
2965.046045
2877.979359
2482.000000
2551.000000
2046.005723
2939.990886
2440.967775
2692.970746
2386.997601
2000.026963
2058.109891
2777.076818
2510.986364
2841.979539
2825.002981
2201.007033
2486.001801
2966.986793
2791.991844
2589.991650
2266.102547
2555.025711
2449.996158
2389.993790
2071.898236
2787.913970
2524.979285
2580.995249
2657.999038
2967.984653
2897.989804
2027.011934
2819.976084
2890.003867
2503.997721
2067.019399
2481.000000
2553.000000
2778.997230
2345.042148
2020.015336
2611.003736
2787.998932
2412.988045
2810.980875
2485.993883
2774.028693
2362.937215
2781.983107
2022.009540
2790.001114
2919.989066
2575.042938
2739.967471
2554.937266
2595.977026
2382.973493
2078.003377
2530.907878
2209.092072
2972.978405
2229.005355
2969.982348
2369.997384
2358.172781
2533.194317
2884.989331
2308.003789
2345.992759
2441.998368
2423.998425
2233.011709
2232.018576
2159.991801
2931.533030
2713.910483
2048.012377
2451.002924
2367.060713
2333.980778
2382.036983
2307.046208
2361.018090
2277.020493
2106.007773
2634.999677
2983.944411
2873.006549
2577.974179
2219.001366
2194.002447
2994.990570
2082.012582
2580.008521
2710.019139
2510.979712
2286.919995
2558.988669
2940.983030
2278.001736
2157.012459
2013.013516
2601.985272
2725.998271
2769.007296
2832.000543
2469.001186
2816.987056
2477.998018
2746.995373
2633.021506
2942.011019
2669.005362
2024.021575
2217.017707
2087.013604
2832.983823
2373.991433
2547.976992
2315.028693
2948.987089
2471.991575
2305.030083
2426.011265
2291.002693
2194.989937
2264.010948
2664.995069
2110.010918
2495.003216
2526.994869
2128.006485
2939.976620
2149.017475
2758.007371
2991.941876
2279.001520
2800.958030
2738.015136
2011.028720
2340.016168
2075.038202
2517.999877
2625.943387
2786.002691
2295.025225
2365.811387
2541.783971
2528.000000
2212.000000
2055.037416
2817.916204
2024.012931
2004.007528
2836.996928
2114.015419
2298.000600
2745.992998
2818.986756
2836.008925
2891.998505
2176.007500
2026.021324
2694.002979
2742.991124
2480.007295
2145.023280
2197.997151
2777.993368
2725.994117
2224.020773
2780.983638
2727.995746
2157.002376
2530.001524
2346.975588
2323.996792
2644.987323
2622.992412
2815.982851
2933.918799
2709.129464
2672.000393
2087.000685
2389.009332
2829.979243
2400.985504
2327.995100
2307.024901
2105.991478
2425.032218
2682.009042
2713.012848
2410.007814
2006.012381
2292.002084
2765.975225
2968.047395
2271.029459
2591.921152
2965.064520
2877.971088
2482.000000
2551.000000
2046.008012
2939.987241
2440.954860
2692.959026
2386.996641
2000.037749
2058.154134
2777.107777
2510.980909
2841.971354
2825.004173
2201.009846
2486.002521
2966.981509
2791.988581
2589.988310
2266.143707
2555.036026
2449.994621
2389.991306
2071.857227
2787.879318
2524.971000
2580.993351
2657.998652
2967.978513
2897.985726
2027.016707
2819.966516
2890.005416
2503.996810
2067.027159
2481.000000
2553.000000
2778.996108
2345.059069
2020.021471
2611.005231
2787.998505
2412.983263
2810.973225
2485.991436
2774.040191
2362.912030
2781.976348
2022.013356
2790.001561
2919.984690
2575.060134
2739.954449
2554.912159
2595.967831
2382.962886
2078.004729
2531.000000
2209.000000
2972.969766
2229.007496
2969.975287
2369.996338
2358.243208
2533.273512
2884.985064
2308.005305
2345.989859
2441.997713
2423.997795
2233.016392
2232.026006
2159.988521
2931.771421
2713.424316
2048.017327
2451.004094
2367.085020
2333.973081
2382.051799
2307.064724
2361.025326
2277.028692
2106.010882
2634.999548
2983.922128
2873.009181
2577.963848
2219.001913
2194.003426
2994.986798
2082.017614
2580.011930
2710.026799
2510.971594
2286.887838
2558.984116
2940.976241
2278.002430
2157.017443
2013.018923
2601.979377
2725.997581
2769.010214
2832.000760
2469.001660
2816.981878
2477.997226
2746.993522
2633.030112
2942.015430
2669.007507
2024.030206
2217.024791
2087.019045
2832.977351
2373.988005
2547.967784
2315.040178
2948.981924
2471.988205
2305.042119
2426.015772
2291.003770
2194.985911
2264.015327
2664.993097
2110.015285
2495.004503
2526.992817
2128.009079
2939.967267
2149.024466
2758.009836
2991.922479
2279.002027
2800.944038
2738.020186
2011.038294
2340.021560
2075.050937
2517.999836
2625.924506
2786.003588
2295.033634
2365.746900
2541.710159
2528.000000
2212.000000
2055.049888
2817.888230
2024.017241
2004.010038
2836.995904
2114.020559
2298.000800
2745.990665
2818.982340
2836.011901
2891.998008
2176.010000
2026.028432
2694.003971
2742.988163
2480.009729
2145.031040
2197.996201
2777.991158
2725.992156
2224.027699
2780.978183
2727.994327
2157.003168
2530.002037
2346.967442
2323.995723
2644.983096
2622.989883
2815.977135
2933.887756
2709.180571
2672.000524
2087.000912
2389.012443
2829.972324
2400.980661
2327.993460
2307.033206
2105.988635
2425.042976
2682.012069
2713.017130
2410.010419
2006.016509
2292.002778
2765.966946
2968.063249
2271.039286
2591.894822
2965.086115
2877.961428
2482.000000
2551.000000
2046.010682
2939.982988
2440.939774
2692.945339
2386.995520
2000.050333
2058.205963
2777.144067
2510.974544
2841.961804
2825.005565
2201.013128
2486.003361
2966.975346
2791.984775
2589.984413
2266.191830
2555.048083
2449.992828
2389.988408
2071.809158
2787.838713
2524.961335
2580.991136
2657.998201
2967.971349
2897.980968
2027.022276
2819.955352
2890.007225
2503.995747
2067.036213
2481.000000
2553.000000
2778.994788
2345.078853
2020.028628
2611.006975
2787.998009
2412.977682
2810.964299
2485.988581
2774.053618
2362.882598
2781.968462
2022.017808
2790.002084
2919.979583
2575.080212
2739.939249
2554.882857
2595.957099
2382.950507
2078.006306
2531.000000
2209.000000
2972.959688
2229.009995
2969.967048
2369.995117
2358.326376
2533.367026
2884.980085
2308.007074
2345.986475
2441.996949
2423.997060
2233.021857
2232.034675
2159.984694
2932.075449
2712.805306
2048.023103
2451.005459
2367.113392
2333.964096
2382.069101
2307.086350
2361.033769
2277.038257
2106.014509
2634.999398
2983.896098
2873.012260
2577.951794
2219.002549
2194.004568
2994.982398
2082.023486
2580.015907
2710.035737
2510.962120
2286.850207
2558.978788
2940.968321
2278.003240
2157.023258
2013.025231
2601.972497
2725.996777
2769.013620
2832.001015
2469.002214
2816.975838
2477.996301
2746.991364
2633.040155
2942.020579
2669.010010
2024.040275
2217.033055
2087.025395
2832.969799
2373.984006
2547.957038
2315.053583
2948.975899
2471.984273
2305.056163
2426.021031
2291.005027
2194.981214
2264.020436
2664.990796
2110.020380
2495.006004
2526.990422
2128.012105
2939.956354
2149.032622
2758.012658
2991.900296
2279.002605
2800.928045
2738.025960
2011.049236
2340.027725
2075.065491
2517.999789
2625.902922
2786.004614
2295.043245
2365.672139
2541.624616
2528.046557
2211.953454
2055.064142
2817.856233
2024.022167
2004.012905
2836.994734
2114.026434
2298.001028
2745.987998
2818.977293
2836.015302
2891.997441
2176.012856
2026.036556
2694.005104
2742.984778
2480.012512
2145.039909
2197.995116
2777.988631
2725.989915
2224.035614
2780.971949
2727.992707
2157.004073
2530.002627
2346.958127
2323.994500
2644.978266
2622.986992
2815.970602
2933.848124
2709.247289
2672.000674
2087.001171
2389.015998
2829.964417
2400.975121
2327.991581
2307.042700
2105.985385
2425.055280
2682.015536
2713.022025
2410.013396
2006.021225
2292.003572
2765.957472
2968.081403
2271.050523
2591.864702
2965.110850
2877.950374
2482.000000
2551.000000
2046.013734
2939.978127
2440.922509
2692.929679
2386.994239
2000.064716
2058.265480
2777.185769
2510.967269
2841.950890
2825.007155
2201.016878
2486.004321
2966.968302
2791.980425
2589.979959
2266.246965
2555.061893
2449.990778
2389.985096
2071.753922
2787.792069
2524.950291
2580.988607
2657.997686
2967.963161
2897.975530
2027.028641
2819.942592
2890.009294
2503.994532
2067.046560
2481.000000
2553.000000
2778.993266
2345.101524
2020.036808
2611.008968
2787.997442
2412.971304
2810.954097
2485.985319
2774.068984
2362.848893
2781.959447
2022.022895
2790.002683
2919.973744
2575.103178
2739.921868
2554.849355
2595.944830
2382.936356
2078.008110
2530.907877
2209.092071
2972.948169
2229.012851
2969.957633
2369.993722
2358.422806
2533.475443
2884.974394
2308.009095
2345.982604
2441.996073
2423.996220
2233.028103
2232.044583
2159.980320
2932.471909
2711.999861
2048.029704
2451.007018
2367.145839
2333.953820
2382.088898
2307.111096
2361.043419
2277.049190
2106.018654
2634.999226
2983.866304
2873.015791
2577.938016
2219.003275
2194.005873
2994.977368
2082.030196
2580.020452
2710.045954
2510.951291
2286.807050
2558.972678
2940.959270
2278.004165
2157.029903
2013.032439
2601.964632
2725.995860
2769.017513
2832.001306
2469.002847
2816.968934
2477.995244
2746.988897
2633.051638
2942.026468
2669.012870
2024.051784
2217.042500
2087.032651
2832.961167
2373.979434
2547.944753
2315.068910
2948.969013
2471.979779
2305.072217
2426.027043
2291.006462
2194.975845
2264.026276
2664.988166
2110.026203
2495.007719
2526.987685
2128.015564
2939.943881
2149.041945
2758.015840
2991.875322
2279.003256
2800.910052
2738.032459
2011.061547
2340.034662
2075.081865
2517.999737
2625.878631
2786.005768
2295.054058
2365.586606
2541.526788
2528.144313
2211.855720
2055.080178
2817.820202
2024.027709
2004.016132
2836.993418
2114.033043
2298.001284
2745.984998
2818.971615
2836.019128
2891.996803
2176.016069
2026.045695
2694.006379
2742.980968
2480.015645
2145.049886
2197.993894
2777.985789
2725.987394
2224.044519
2780.964936
2727.990883
2157.005091
2530.003295
2346.947641
2323.993124
2644.972832
2622.983740
2815.963251
2933.887756
2709.180571
2672.000843
2087.001463
2389.019998
2829.955521
2400.968879
2327.989462
2307.053385
2105.981727
2425.069137
2682.019447
2713.027530
2410.016746
2006.026532
2292.004465
2765.946797
2968.101870
2271.063170
2591.830781
2965.138747
2877.937920
2482.000000
2551.000000
2046.017168
2939.972659
2440.903054
2692.912039
2386.992798
2000.080898
2058.332805
2777.232982
2510.959084
2841.938610
2825.008945
2201.021098
2486.005402
2966.960377
2791.975531
2589.974948
2266.309168
2555.077468
2449.988472
2389.981369
2071.691391
2787.739286
2524.937868
2580.985764
2657.997104
2967.953948
2897.969412
2027.035802
2819.928234
2890.011626
2503.993165
2067.058201
2481.000000
2553.000000
2778.991535
2345.127104
2020.046011
2611.011209
2787.996807
2412.964128
2810.942620
2485.981649
2774.086294
2362.810888
2781.949303
2022.028619
2790.003358
2919.967174
2575.129041
2739.902301
2554.811649
2595.931020
2382.920430
2078.010139
2530.714510
2209.285342
2972.935210
2229.016063
2969.947041
2369.992152
2358.533145
2533.599481
2884.967991
2308.011369
2345.978246
2441.995087
2423.995275
2233.035130
2232.055729
2159.975398
2932.075449
2712.805306
2048.037130
2451.008773
2367.182367
2333.942250
2382.111198
2307.138976
2361.054276
2277.061490
2106.023318
2634.999032
2983.832728
2873.019778
2577.922514
2219.004091
2194.007341
2994.971710
2082.037746
2580.025566
2710.057454
2510.939105
2286.758302
2558.965778
2940.949087
2278.005207
2157.037379
2013.040549
2601.955778
2725.994831
2769.021893
2832.001635
2469.003560
2816.961168
2477.994054
2746.986122
2633.064560
2942.033097
2669.016088
2024.064733
2217.053127
2087.040815
2832.951455
2373.974289
2547.930926
2315.086163
2948.961266
2471.974723
2305.090280
2426.033807
2291.008077
2194.969803
2264.032845
2664.985208
2110.032754
2495.009649
2526.984606
2128.019455
2939.929847
2149.052434
2758.019383
2991.847550
2279.003978
2800.890058
2738.039684
2011.075226
2340.042373
2075.100059
2517.999679
2625.851632
2786.007052
2295.066074
2365.489688
2541.415990
2528.305561
2211.694498
2055.097996
2817.780127
2024.033867
2004.019717
2836.991956
2114.040386
2298.001569
2745.981665
2818.965306
2836.023381
2891.996097
2176.019638
2026.055851
2694.007795
2742.976732
2480.019128
2145.060973
2197.992537
2777.982631
2725.984592
2224.054415
2780.957142
2727.988857
2157.006222
2530.004041
2346.935981
2323.991594
2644.966793
2622.980127
2815.955084
2933.918799
2709.129464
2672.001031
2087.001786
2389.024443
2829.945636
2400.961934
2327.987101
2307.065262
2105.977661
2425.084551
2682.023804
2713.033648
2410.020469
2006.032428
2292.005457
2765.934916
2968.124666
2271.077230
2591.793045
2965.169831
2877.924059
2482.000000
2551.000000
2046.020983
2939.966583
2440.881399
2692.892410
2386.991195
2000.098879
2058.408078
2777.285817
2510.949987
2841.924964
2825.010934
2201.025786
2486.006602
2966.951572
2791.970094
2589.969380
2266.378504
2555.094822
2449.985909
2389.977228
2071.621418
2787.680247
2524.924066
2580.982606
2657.996457
2967.943710
2897.962615
2027.043758
2819.912279
2890.014219
2503.991648
2067.071137
2481.000000
2553.000000
2778.989589
2345.155621
2020.056236
2611.013700
2787.996102
2412.956154
2810.929866
2485.977572
2774.105558
2362.768551
2781.938030
2022.034978
2790.004110
2919.959869
2575.157810
2739.880543
2554.769732
2595.915668
2382.902727
2078.012396
2530.395720
2209.603999
2972.920811
2229.019633
2969.935271
2369.990408
2358.658187
2533.740031
2884.960877
2308.013895
2345.973399
2441.993988
2423.994225
2233.042939
2232.068114
2159.969929
2931.771421
2713.424316
2048.045382
2451.010722
2367.222986
2333.929383
2382.136010
2307.170004
2361.066341
2277.075158
2106.028499
2634.998817
2983.795349
2873.024226
2577.905285
2219.004997
2194.008972
2994.965424
2082.046134
2580.031249
2710.070235
2510.925560
2286.703894
2558.958077
2940.937772
2278.006363
2157.045686
2013.049560
2601.945937
2725.993690
2769.026760
2832.002001
2469.004353
2816.952539
2477.992733
2746.983039
2633.078925
2942.040468
2669.019663
2024.079122
2217.064935
2087.049888
2832.940661
2373.968571
2547.915556
2315.105344
2948.952658
2471.969106
2305.110356
2426.041325
2291.009871
2194.963089
2264.040144
2664.981922
2110.040033
2495.011793
2526.981185
2128.023778
2939.914253
2149.064089
