2271.000230
2846.000396
2035.001392
2736.998683
2116.001619
2990.999376
2051.001833
2655.001835
2933.000000
2575.000000
2750.000000
2220.000000
2025.000000
2450.000000
2878.000000
2804.000000
2121.000000
2780.000000
2390.000000
2347.000000
2679.000000
2970.000000
2942.000000
2005.000000
2101.000000
2473.000000
2539.000000
2524.000000
2211.000000
2809.000000
2386.000000
2912.000000
2211.000000
2289.000000
2140.000000
2167.000000
2597.000000
2640.000000
2266.000000
2031.000000
2198.000000
2710.000000
2329.000000
2004.000000
2550.000000
2457.000000
2762.000000
2997.000000
2981.000000
2208.000000
2424.000000
2594.000000
2439.000000
2157.000000
2256.000000
2297.000000
2526.000000
2247.000000
2281.000000
2513.000000
2382.000000
2063.000000
2454.000000
2745.000000
2884.000000
2295.000000
2139.000000
2409.000000
2918.000000
2390.000000
2859.000000
2166.000000
2712.000000
2957.000000
2855.000000
2214.000000
2517.000000
2092.000000
2819.000000
2373.000000
2153.000000
2756.000000
2548.000000
2562.000000
2300.000000
2446.000000
2509.000000
2937.000000
2067.000000
2856.000000
2833.000000
2715.000000
2545.000000
2780.000000
2414.000000
2987.000000
2933.000000
2504.000000
2699.000000
2323.000000
2330.000000
2828.000000
2377.000000
2377.000000
2816.000000
2029.000000
2255.000000
2890.000000
2750.000000
2957.000000
2988.000000
2790.000000
2745.000000
2687.000000
2459.000000
2101.000000
2739.000000
2035.000000
2463.000000
2086.000000
2561.000000
2417.000000
2767.000000
2146.000000
2536.000000
2314.000000
2455.000000
2569.000000
2311.000000
2320.000000
2024.000000
2660.000000
2804.000000
2757.000000
2364.000000
2568.000000
2911.000000
2659.000000
2314.000000
2123.000000
2392.000000
2684.000000
2947.000000
2804.000000
2231.000000
2692.000000
2896.000000
2147.000000
2451.000000
2458.000000
2963.000000
2482.000000
2617.000000
2286.000000
2958.000000
2002.000000
2753.000000
2913.000000
2934.000000
2579.000000
2202.000000
2972.000000
2239.000000
2271.000000
2422.000000
2855.000000
2272.000000
2751.000000
2339.000000
2555.000000
2078.000000
2518.000000
2181.000000
2136.000000
2690.000000
2446.000000
2472.000000
2551.000000
2913.000000
2486.000000
2477.000000
2040.000000
2077.000000
2280.000000
2482.000000
2054.000000
2578.000000
2326.000000
2174.000000
2017.000000
2228.000000
2447.000000
2764.000000
2629.000000
2291.000000
2671.000000
2469.000000
2143.000000
2264.000000
2056.000000
2271.000690
2846.001188
2035.004176
2736.996049
2116.004858
2990.998128
2051.005501
2655.005505
2933.000000
2575.000000
2750.000000
2220.000000
2025.000000
2450.000000
2878.000000
2804.000000
2121.000000
2780.000000
2390.000000
2347.000000
2679.000000
2970.000000
2942.000000
2005.000000
2101.000000
2473.000000
2539.000000
2524.000000
2211.000000
2809.000000
2386.000000
2912.000000
2211.000000
2289.000000
2140.000000
2167.000000
2597.000000
2640.000000
2266.000000
2031.000000
2198.000000
2710.000000
2329.000000
2004.000000
2550.000000
2457.000000
2762.000000
2997.000000
2981.000000
2208.000000
2424.000000
2594.000000
2439.000000
2157.000000
2256.000000
2297.000000
2526.000000
2247.000000
2281.000000
2513.000000
2382.000000
2063.000000
2454.000000
2745.000000
2884.000000
2295.000000
2139.000000
2409.000000
2918.000000
2390.000000
2859.000000
2166.000000
2712.000000
2957.000000
2855.000000
2214.000000
2517.000000
2092.000000
2819.000000
2373.000000
2153.000000
2756.000000
2548.000000
2562.000000
2300.000000
2446.000000
2509.000000
2937.000000
2067.000000
2856.000000
2833.000000
2715.000000
2545.000000
2780.000000
2414.000000
2987.000000
2933.000000
2504.000000
2699.000000
2323.000000
2330.000000
2828.000000
2377.000000
2377.000000
2816.000000
2029.000000
2255.000000
2890.000000
2750.000000
2957.000000
2988.000000
2790.000000
2745.000000
2687.000000
2459.000000
2101.000000
2739.000000
2035.000000
2463.000000
2086.000000
2561.000000
2417.000000
2767.000000
2146.000000
2536.000000
2314.000000
2455.000000
2569.000000
2311.000000
2320.000000
2024.000000
2660.000000
2804.000000
2757.000000
2364.000000
2568.000000
2911.000000
2659.000000
2314.000000
2123.000000
2392.000000
2684.000000
2947.000000
2804.000000
2231.000000
2692.000000
2896.000000
2147.000000
2451.000000
2458.000000
2963.000000
2482.000000
2617.000000
2286.000000
2958.000000
2002.000000
2753.000000
2913.000000
2934.000000
2579.000000
2202.000000
2972.000000
2239.000000
2271.000000
2422.000000
2855.000000
2272.000000
2751.000000
2339.000000
2555.000000
2078.000000
2518.000000
2181.000000
2136.000000
2690.000000
2446.000000
2472.000000
2551.000000
2913.000000
2486.000000
2477.000000
2040.000000
2077.000000
2280.000000
2482.000000
2054.000000
2578.000000
2326.000000
2174.000000
2017.000000
2228.000000
2447.000000
2764.000000
2629.000000
2291.000000
2671.000000
2469.000000
2143.000000
2264.000000
2056.000000
2271.001380
2846.002375
2035.008353
2736.992098
2116.009717
2990.996257
2051.011003
2655.011011
2933.000000
2575.000000
2750.000000
2220.000000
2025.000000
2450.000000
2878.000000
2804.000000
2121.000000
2780.000000
2390.000000
2347.000000
2679.000000
2970.000000
2942.000000
2005.000000
2101.000000
2473.000000
2539.000000
2524.000000
2211.000000
2809.000000
2386.000000
2912.000000
2211.000000
2289.000000
2140.000000
2167.000000
2597.000000
2640.000000
2266.000000
2031.000000
2198.000000
2710.000000
2329.000000
2004.000000
2550.000000
2457.000000
2762.000000
2997.000000
2981.000000
2208.000000
2424.000000
2594.000000
2439.000000
2157.000000
2256.000000
2297.000000
2526.000000
2247.000000
2281.000000
2513.000000
2382.000000
2063.000000
2454.000000
2745.000000
2884.000000
2295.000000
2139.000000
2409.000000
2918.000000
2390.000000
2859.000000
2166.000000
2712.000000
2957.000000
2855.000000
2214.000000
2517.000000
2092.000000
2819.000000
2373.000000
2153.000000
2756.000000
2548.000000
2562.000000
2300.000000
2446.000000
2509.000000
2937.000000
2067.000000
2856.000000
2833.000000
2715.000000
2545.000000
2780.000000
2414.000000
2987.000000
2933.000000
2504.000000
2699.000000
2323.000000
2330.000000
2828.000000
2377.000000
2377.000000
2816.000000
2029.000000
2255.000000
2890.000000
2750.000000
2957.000000
2988.000000
2790.000000
2745.000000
2687.000000
2459.000000
2101.000000
2739.000000
2035.000000
2463.000000
2086.000000
2561.000000
2417.000000
2767.000000
2146.000000
2536.000000
2314.000000
2455.000000
2569.000000
2311.000000
2320.000000
2024.000000
2660.000000
2804.000000
2757.000000
2364.000000
2568.000000
2911.000000
2659.000000
2314.000000
2123.000000
2392.000000
2684.000000
2947.000000
2804.000000
2231.000000
2692.000000
2896.000000
2147.000000
2451.000000
2458.000000
2963.000000
2482.000000
2617.000000
2286.000000
2958.000000
2002.000000
2753.000000
2913.000000
2934.000000
2579.000000
2202.000000
2972.000000
2239.000000
2271.000000
2422.000000
2855.000000
2272.000000
2751.000000
2339.000000
2555.000000
2078.000000
2518.000000
2181.000000
2136.000000
2690.000000
2446.000000
2472.000000
2551.000000
2913.000000
2486.000000
2477.000000
2040.000000
2077.000000
2280.000000
2482.000000
2054.000000
2578.000000
2326.000000
2174.000000
2017.000000
2228.000000
2447.000000
2764.000000
2629.000000
2291.000000
2671.000000
2469.000000
2143.000000
2264.000000
2056.000000
2271.002299
2846.003959
2035.013922
2736.986830
2116.016196
2990.993762
2051.018341
2655.018353
2933.000000
2575.000000
2750.000000
2220.000000
2025.000000
2450.000000
2878.000000
2804.000000
2121.000000
2780.000000
2390.000000
2347.000000
2679.000000
2970.000000
2942.000000
2005.000000
2101.000000
2473.000000
2539.000000
2524.000000
2211.000000
2809.000000
2386.000000
2912.000000
2211.000000
2289.000000
2140.000000
2167.000000
2597.000000
2640.000000
2266.000000
2031.000000
2198.000000
2710.000000
2329.000000
2004.000000
2550.000000
2457.000000
2762.000000
2997.000000
2981.000000
2208.000000
2424.000000
2594.000000
2439.000000
2157.000000
2256.000000
2297.000000
2526.000000
2247.000000
2281.000000
2513.000000
2382.000000
2063.000000
2454.000000
2745.000000
2884.000000
2295.000000
2139.000000
2409.000000
2918.000000
2390.000000
2859.000000
2166.000000
2712.000000
2957.000000
2855.000000
2214.000000
2517.000000
2092.000000
2819.000000
2373.000000
2153.000000
2756.000000
2548.000000
2562.000000
2300.000000
2446.000000
2509.000000
2937.000000
2067.000000
2856.000000
2833.000000
2715.000000
2545.000000
2780.000000
2414.000000
2987.000000
2933.000000
2504.000000
2699.000000
2323.000000
2330.000000
2828.000000
2377.000000
2377.000000
2816.000000
2029.000000
2255.000000
2890.000000
2750.000000
2957.000000
2988.000000
2790.000000
2745.000000
2687.000000
2459.000000
2101.000000
2739.000000
2035.000000
2463.000000
2086.000000
2561.000000
2417.000000
2767.000000
2146.000000
2536.000000
2314.000000
2455.000000
2569.000000
2311.000000
2320.000000
2024.000000
2660.000000
2804.000000
2757.000000
2364.000000
2568.000000
2911.000000
2659.000000
2314.000000
2123.000000
2392.000000
2684.000000
2947.000000
2804.000000
2231.000000
2692.000000
2896.000000
2147.000000
2451.000000
2458.000000
2963.000000
2482.000000
2617.000000
2286.000000
2958.000000
2002.000000
2753.000000
2913.000000
2934.000000
2579.000000
2202.000000
2972.000000
2239.000000
2271.000000
2422.000000
2855.000000
2272.000000
2751.000000
2339.000000
2555.000000
2078.000000
2518.000000
2181.000000
2136.000000
2690.000000
2446.000000
2472.000000
2551.000000
2913.000000
2486.000000
2477.000000
2040.000000
2077.000000
2280.000000
2482.000000
2054.000000
2578.000000
2326.000000
2174.000000
2017.000000
2228.000000
2447.000000
2764.000000
2629.000000
2291.000000
2671.000000
2469.000000
2143.000000
2264.000000
2056.000000
2271.003449
2846.005939
2035.020883
2736.980244
2116.024296
2990.990643
2051.027518
2655.027531
2933.000000
2575.000000
2750.000000
2220.000000
2025.000000
2450.000000
2878.000000
2804.000000
2121.000000
2780.000000
2390.000000
2347.000000
2679.000000
2970.000000
2942.000000
2005.000000
2101.000000
2473.000000
2539.000000
2524.000000
2211.000000
2809.000000
2386.000000
2912.000000
2211.000000
2289.000000
2140.000000
2167.000000
2597.000000
2640.000000
2266.000000
2031.000000
2198.000000
2710.000000
2329.000000
2004.000000
2550.000000
2457.000000
2762.000000
2997.000000
2981.000000
2208.000000
2424.000000
2594.000000
2439.000000
2157.000000
2256.000000
2297.000000
2526.000000
2247.000000
2281.000000
2513.000000
2382.000000
2063.000000
2454.000000
2745.000000
2884.000000
2295.000000
2139.000000
2409.000000
2918.000000
2390.000000
2859.000000
2166.000000
2712.000000
2957.000000
2855.000000
2214.000000
2517.000000
2092.000000
2819.000000
2373.000000
2153.000000
2756.000000
2548.000000
2562.000000
2300.000000
2446.000000
2509.000000
2937.000000
2067.000000
2856.000000
2833.000000
2715.000000
2545.000000
2780.000000
2414.000000
2987.000000
2933.000000
2504.000000
2699.000000
2323.000000
2330.000000
2828.000000
2377.000000
2377.000000
2816.000000
2029.000000
2255.000000
2890.000000
2750.000000
2957.000000
2988.000000
2790.000000
2745.000000
2687.000000
2459.000000
2101.000000
2739.000000
2035.000000
2463.000000
2086.000000
2561.000000
2417.000000
2767.000000
2146.000000
2536.000000
2314.000000
2455.000000
2569.000000
2311.000000
2320.000000
2024.000000
2660.000000
2804.000000
2757.000000
2364.000000
2568.000000
2911.000000
2659.000000
2314.000000
2123.000000
2392.000000
2684.000000
2947.000000
2804.000000
2231.000000
2692.000000
2896.000000
2147.000000
2451.000000
2458.000000
2963.000000
2482.000000
2617.000000
2286.000000
2958.000000
2002.000000
2753.000000
2913.000000
2934.000000
2579.000000
2202.000000
2972.000000
2239.000000
2271.000000
2422.000000
2855.000000
2272.000000
2751.000000
2339.000000
2555.000000
2078.000000
2518.000000
2181.000000
2136.000000
2690.000000
2446.000000
2472.000000
2551.000000
2913.000000
2486.000000
2477.000000
2040.000000
2077.000000
2280.000000
2482.000000
2054.000000
2578.000000
2326.000000
2174.000000
2017.000000
2228.000000
2447.000000
2764.000000
2629.000000
2291.000000
2671.000000
2469.000000
2143.000000
2264.000000
2056.000000
2271.004828
2846.008315
2035.029237
2736.972341
2116.034019
2990.986902
2051.038537
2655.038547
2933.000000
2575.000000
2750.000000
2220.000000
2025.000000
2450.000000
2878.000000
2804.000000
2121.000000
2780.000000
2390.000000
2347.000000
2679.000000
2970.000000
2942.000000
2005.000000
2101.000000
2473.000000
2539.000000
2524.000000
2211.000000
2809.000000
2386.000000
2912.000000
2211.000000
2289.000000
2140.000000
2167.000000
2597.000000
2640.000000
2266.000000
2031.000000
2198.000000
2710.000000
2329.000000
2004.000000
2550.000000
2457.000000
2762.000000
2997.000000
2981.000000
2208.000000
2424.000000
2594.000000
2439.000000
2157.000000
2256.000000
2297.000000
2526.000000
2247.000000
2281.000000
2513.000000
2382.000000
2063.000000
2454.000000
2745.000000
2884.000000
2295.000000
2139.000000
2409.000000
2918.000000
2390.000000
2859.000000
2166.000000
2712.000000
2957.000000
2855.000000
2214.000000
2517.000000
2092.000000
2819.000000
2373.000000
2153.000000
2756.000000
2548.000000
2562.000000
2300.000000
2446.000000
2509.000000
2937.000000
2067.000000
2856.000000
2833.000000
2715.000000
2545.000000
2780.000000
2414.000000
2987.000000
2933.000000
2504.000000
2699.000000
2323.000000
2330.000000
2828.000000
2377.000000
2377.000000
2816.000000
2029.000000
2255.000000
2890.000000
2750.000000
2957.000000
2988.000000
2790.000000
2745.000000
2687.000000
2459.000000
2101.000000
2739.000000
2035.000000
2463.000000
2086.000000
2561.000000
2417.000000
2767.000000
2146.000000
2536.000000
2314.000000
2455.000000
2569.000000
2311.000000
2320.000000
2024.000000
2660.000000
2804.000000
2757.000000
2364.000000
2568.000000
2911.000000
2659.000000
2314.000000
2123.000000
2392.000000
2684.000000
2947.000000
2804.000000
2231.000000
2692.000000
2896.000000
2147.000000
2451.000000
2458.000000
2963.000000
2482.000000
2617.000000
2286.000000
2958.000000
2002.000000
2753.000000
2913.000000
2934.000000
2579.000000
2202.000000
2972.000000
2239.000000
2271.000000
2422.000000
2855.000000
2272.000000
2751.000000
2339.000000
2555.000000
2078.000000
2518.000000
2181.000000
2136.000000
2690.000000
2446.000000
2472.000000
2551.000000
2913.000000
2486.000000
2477.000000
2040.000000
2077.000000
2280.000000
2482.000000
2054.000000
2578.000000
2326.000000
2174.000000
2017.000000
2228.000000
2447.000000
2764.000000
2629.000000
2291.000000
2671.000000
2469.000000
2143.000000
2264.000000
2056.000000
2271.006437
2846.011087
2035.038984
2736.963119
2116.045364
2990.982538
2051.051399
2655.051402
2933.000000
2575.000000
2750.000000
2220.000000
2025.000000
2450.000000
2878.000000
2804.000000
2121.000000
2780.000000
2390.000000
2347.000000
2679.000000
2970.000000
2942.000000
2005.000000
2101.000000
2473.000000
2539.000000
2524.000000
2211.000000
2809.000000
2386.000000
2912.000000
2211.000000
2289.000000
2140.000000
2167.000000
2597.000000
2640.000000
2266.000000
2031.000000
2198.000000
2710.000000
2329.000000
2004.000000
2550.000000
2457.000000
2762.000000
2997.000000
2981.000000
2208.000000
2424.000000
2594.000000
2439.000000
2157.000000
2256.000000
2297.000000
2526.000000
2247.000000
2281.000000
2513.000000
2382.000000
2063.000000
2454.000000
2745.000000
2884.000000
2295.000000
2139.000000
2409.000000
2918.000000
2390.000000
2859.000000
2166.000000
2712.000000
2957.000000
2855.000000
2214.000000
2517.000000
2092.000000
2819.000000
2373.000000
2153.000000
2756.000000
2548.000000
2562.000000
2300.000000
2446.000000
2509.000000
2937.000000
2067.000000
2856.000000
2833.000000
2715.000000
2545.000000
2780.000000
2414.000000
2987.000000
2933.000000
2504.000000
2699.000000
2323.000000
2330.000000
2828.000000
2377.000000
2377.000000
2816.000000
2029.000000
2255.000000
2890.000000
2750.000000
2957.000000
2988.000000
2790.000000
2745.000000
2687.000000
2459.000000
2101.000000
2739.000000
2035.000000
2463.000000
2086.000000
2561.000000
2417.000000
2767.000000
2146.000000
2536.000000
2314.000000
2455.000000
2569.000000
2311.000000
2320.000000
2024.000000
2660.000000
2804.000000
2757.000000
2364.000000
2568.000000
2911.000000
2659.000000
2314.000000
2123.000000
2392.000000
2684.000000
2947.000000
2804.000000
2231.000000
2692.000000
2896.000000
2147.000000
2451.000000
2458.000000
2963.000000
2482.000000
2617.000000
2286.000000
2958.000000
2002.000000
2753.000000
2913.000000
2934.000000
2579.000000
2202.000000
2972.000000
2239.000000
2271.000000
2422.000000
2855.000000
2272.000000
2751.000000
2339.000000
2555.000000
2078.000000
2518.000000
2181.000000
2136.000000
2690.000000
2446.000000
2472.000000
2551.000000
2913.000000
2486.000000
2477.000000
2040.000000
2077.000000
2280.000000
2482.000000
2054.000000
2578.000000
2326.000000
2174.000000
2017.000000
2228.000000
2447.000000
2764.000000
2629.000000
2291.000000
2671.000000
2469.000000
2143.000000
2264.000000
2056.000000
2271.008275
2846.014255
2035.050123
2736.952579
2116.058333
2990.977552
2051.066110
2655.066097
2933.000000
2575.000000
2750.000000
2220.000000
2025.000000
2450.000000
2878.000000
2804.000000
2121.000000
2780.000000
2390.000000
2347.000000
2679.000000
2970.000000
2942.000000
2005.000000
2101.000000
2473.000000
2539.000000
2524.000000
2211.000000
2809.000000
2386.000000
2912.000000
2211.000000
2289.000000
2140.000000
2167.000000
2597.000000
2640.000000
2266.000000
2031.000000
2198.000000
2710.000000
2329.000000
2004.000000
2550.000000
2457.000000
2762.000000
2997.000000
2981.000000
2208.000000
2424.000000
2594.000000
2439.000000
2157.000000
2256.000000
2297.000000
2526.000000
2247.000000
2281.000000
2513.000000
2382.000000
2063.000000
2454.000000
2745.000000
2884.000000
2295.000000
2139.000000
2409.000000
2918.000000
2390.000000
2859.000000
2166.000000
2712.000000
2957.000000
2855.000000
2214.000000
2517.000000
2092.000000
2819.000000
2373.000000
2153.000000
2756.000000
2548.000000
2562.000000
2300.000000
2446.000000
2509.000000
2937.000000
2067.000000
2856.000000
2833.000000
2715.000000
2545.000000
2780.000000
2414.000000
2987.000000
2933.000000
2504.000000
2699.000000
2323.000000
2330.000000
2828.000000
2377.000000
2377.000000
2816.000000
2029.000000
2255.000000
2890.000000
2750.000000
2957.000000
2988.000000
2790.000000
2745.000000
2687.000000
2459.000000
2101.000000
2739.000000
2035.000000
2463.000000
2086.000000
2561.000000
2417.000000
2767.000000
2146.000000
2536.000000
2314.000000
2455.000000
2569.000000
2311.000000
2320.000000
2024.000000
2660.000000
2804.000000
2757.000000
2364.000000
2568.000000
2911.000000
2659.000000
2314.000000
2123.000000
2392.000000
2684.000000
2947.000000
2804.000000
2231.000000
2692.000000
2896.000000
2147.000000
2451.000000
2458.000000
2963.000000
2482.000000
2617.000000
2286.000000
2958.000000
2002.000000
2753.000000
2913.000000
2934.000000
2579.000000
2202.000000
2972.000000
2239.000000
2271.000000
2422.000000
2855.000000
2272.000000
2751.000000
2339.000000
2555.000000
2078.000000
2518.000000
2181.000000
2136.000000
2690.000000
2446.000000
2472.000000
2551.000000
2913.000000
2486.000000
2477.000000
2040.000000
2077.000000
2280.000000
2482.000000
2054.000000
2578.000000
2326.000000
2174.000000
2017.000000
2228.000000
2447.000000
2764.000000
2629.000000
2291.000000
2671.000000
2469.000000
2143.000000
2264.000000
2056.000000
2271.010343
2846.017820
2035.062656
2736.940720
2116.072929
2990.971944
2051.082672
2655.082633
2933.000000
2575.000000
2750.000000
2220.000000
2025.000000
2450.000000
2878.000000
2804.000000
2121.000000
2780.000000
2390.000000
2347.000000
2679.000000
2970.000000
2942.000000
2005.000000
2101.000000
2473.000000
2539.000000
2524.000000
2211.000000
2809.000000
2386.000000
2912.000000
2211.000000
2289.000000
2140.000000
2167.000000
2597.000000
2640.000000
2266.000000
2031.000000
2198.000000
2710.000000
2329.000000
2004.000000
2550.000000
2457.000000
2762.000000
2997.000000
2981.000000
2208.000000
2424.000000
2594.000000
2439.000000
2157.000000
2256.000000
2297.000000
2526.000000
2247.000000
2281.000000
2513.000000
2382.000000
2063.000000
2454.000000
2745.000000
2884.000000
2295.000000
2139.000000
2409.000000
2918.000000
2390.000000
2859.000000
2166.000000
2712.000000
2957.000000
2855.000000
2214.000000
2517.000000
2092.000000
2819.000000
2373.000000
2153.000000
2756.000000
2548.000000
2562.000000
2300.000000
2446.000000
2509.000000
2937.000000
2067.000000
2856.000000
2833.000000
2715.000000
2545.000000
2780.000000
2414.000000
2987.000000
2933.000000
2504.000000
2699.000000
2323.000000
2330.000000
2828.000000
2377.000000
2377.000000
2816.000000
2029.000000
2255.000000
2890.000000
2750.000000
2957.000000
2988.000000
2790.000000
2745.000000
2687.000000
2459.000000
2101.000000
2739.000000
2035.000000
2463.000000
2086.000000
2561.000000
2417.000000
2767.000000
2146.000000
2536.000000
2314.000000
2455.000000
2569.000000
2311.000000
2320.000000
2024.000000
2660.000000
2804.000000
2757.000000
2364.000000
2568.000000
2911.000000
2659.000000
2314.000000
2123.000000
2392.000000
2684.000000
2947.000000
2804.000000
2231.000000
2692.000000
2896.000000
2147.000000
2451.000000
2458.000000
2963.000000
2482.000000
2617.000000
2286.000000
2958.000000
2002.000000
2753.000000
2913.000000
2934.000000
2579.000000
2202.000000
2972.000000
2239.000000
2271.000000
2422.000000
2855.000000
2272.000000
2751.000000
2339.000000
2555.000000
2078.000000
2518.000000
2181.000000
2136.000000
2690.000000
2446.000000
2472.000000
2551.000000
2913.000000
2486.000000
2477.000000
2040.000000
2077.000000
2280.000000
2482.000000
2054.000000
2578.000000
2326.000000
2174.000000
2017.000000
2228.000000
2447.000000
2764.000000
2629.000000
2291.000000
2671.000000
2469.000000
2143.000000
2264.000000
2056.000000
2271.012640
2846.021781
2035.076582
2736.927541
2116.089151
2990.965714
2051.101092
2655.101012
2933.000000
2575.000000
2750.000000
2220.000000
2025.000000
2450.000000
2878.000000
2804.000000
2121.000000
2780.000000
2390.000000
2347.000000
2679.000000
2970.000000
2942.000000
2005.000000
2101.000000
2473.000000
2539.000000
2524.000000
2211.000000
2809.000000
2386.000000
2912.000000
2211.000000
2289.000000
2140.000000
2167.000000
2597.000000
2640.000000
2266.000000
2031.000000
2198.000000
2710.000000
2329.000000
2004.000000
2550.000000
2457.000000
2762.000000
2997.000000
2981.000000
2208.000000
2424.000000
2594.000000
2439.000000
2157.000000
2256.000000
2297.000000
2526.000000
2247.000000
2281.000000
2513.000000
2382.000000
2063.000000
2454.000000
2745.000000
2884.000000
2295.000000
2139.000000
2409.000000
2918.000000
2390.000000
2859.000000
2166.000000
2712.000000
2957.000000
2855.000000
2214.000000
2517.000000
2092.000000
2819.000000
2373.000000
2153.000000
2756.000000
2548.000000
2562.000000
2300.000000
2446.000000
2509.000000
2937.000000
2067.000000
2856.000000
2833.000000
2715.000000
2545.000000
2780.000000
2414.000000
2987.000000
2933.000000
2504.000000
2699.000000
2323.000000
2330.000000
2828.000000
2377.000000
2377.000000
2816.000000
2029.000000
2255.000000
2890.000000
2750.000000
2957.000000
2988.000000
2790.000000
2745.000000
2687.000000
2459.000000
2101.000000
2739.000000
2035.000000
2463.000000
2086.000000
2561.000000
2417.000000
2767.000000
2146.000000
2536.000000
2314.000000
2455.000000
2569.000000
2311.000000
2320.000000
2024.000000
2660.000000
2804.000000
2757.000000
2364.000000
2568.000000
2911.000000
2659.000000
2314.000000
2123.000000
2392.000000
2684.000000
2947.000000
2804.000000
2231.000000
2692.000000
2896.000000
2147.000000
2451.000000
2458.000000
2963.000000
2482.000000
2617.000000
2286.000000
2958.000000
2002.000000
2753.000000
2913.000000
2934.000000
2579.000000
2202.000000
2972.000000
2239.000000
2271.000000
2422.000000
2855.000000
2272.000000
2751.000000
2339.000000
2555.000000
2078.000000
2518.000000
2181.000000
2136.000000
2690.000000
2446.000000
2472.000000
2551.000000
2913.000000
2486.000000
2477.000000
2040.000000
2077.000000
2280.000000
2482.000000
2054.000000
2578.000000
2326.000000
2174.000000
2017.000000
2228.000000
2447.000000
2764.000000
2629.000000
2291.000000
2671.000000
2469.000000
2143.000000
2264.000000
2056.000000
