2735.000506
2040.000743
2030.995234
2694.001899
2439.999945
2246.000738
2690.999829
2890.999179
2640.999988
2226.000293
2411.000195
2126.000259
2980.998436
2836.999319
2742.999187
2864.999615
2151.000755
2813.999715
2952.998743
2385.000181
2928.997982
2120.998528
2860.999036
2151.997041
2703.999181
2943.997170
2223.001320
2986.998917
2385.002836
2628.998987
2248.000726
2392.000156
2193.001381
2373.000386
2651.999885
2469.000088
2778.999992
2619.999155
2380.002628
2572.994830
2505.999912
2502.999527
2672.998101
2363.996599
2532.999622
2421.001454
2991.998194
2643.999890
2343.000406
2030.000633
2623.999741
2629.999828
2678.991901
2822.994722
2923.999660
2827.999275
2384.999984
2958.999048
2661.000877
2340.001972
2674.000778
2845.996436
2807.998065
2519.001310
2798.000276
2405.000930
2732.999311
2749.000961
2008.001080
2444.000426
2910.998549
2068.000932
2207.000202
2100.000460
2876.999990
2024.002532
2367.011291
2760.996658
2829.998312
2422.001877
2866.000420
2096.000377
2756.999772
2256.000258
2363.991901
2407.012710
2041.003774
2140.000127
2065.991775
2499.995501
2769.002750
2411.999814
2453.996589
2618.999862
2315.000082
2847.999668
2004.000987
2216.000022
2653.000139
2046.000678
2641.001675
2911.998440
2828.001858
2021.001957
2886.999410
2385.000490
2701.999820
2778.000768
2267.001942
2843.999974
2277.000263
2964.999275
2355.002444
2419.997765
2885.007880
2735.001195
2791.001691
2092.000499
2457.999696
2744.999547
2899.992298
2737.997889
2439.000059
2918.999374
2586.000137
2158.000418
2787.997518
2859.999562
2834.002600
2127.999161
2380.996486
2757.000767
2340.001240
2463.998684
2270.999949
2349.001661
2050.000835
2491.999987
2045.001445
2301.999846
2437.999688
2555.001066
2095.000558
2993.999560
2773.000459
2579.999393
2188.000558
2720.000196
2382.001585
2554.002806
2421.000582
2287.999469
2425.000978
2627.998208
2201.000247
2251.000272
2063.990657
2301.000450
2020.009757
2697.996603
2071.997760
2136.000819
2862.999197
2582.999645
2924.997948
2708.000685
2497.000604
2896.998775
2929.999111
2631.000065
2842.002011
2052.000557
2512.000392
2829.000463
2996.994989
2030.000981
2831.998959
2446.999085
2509.999697
2467.002552
2842.998664
2539.000577
2731.021297
2754.934902
2964.999196
2032.001172
2779.001489
2529.999786
2665.004119
2812.003512
2458.000018
2006.000772
2537.999399
2869.999473
2247.001704
2867.998931
2559.999968
2052.000662
2525.999065
2561.999549
2735.001518
2040.002228
2030.985686
2694.005702
2439.999834
2246.002213
2690.999486
2890.997538
2640.999963
2226.000880
2411.000585
2126.000777
2980.995309
2836.997958
2742.997562
2864.998844
2151.002264
2813.999146
2952.996229
2385.000544
2928.993945
2120.995585
2860.997109
2151.991122
2703.997542
2943.991509
2223.003961
2986.996751
2385.008510
2628.996960
2248.002177
2392.000467
2193.004142
2373.001158
2651.999654
2469.000263
2778.999975
2619.997465
2380.007884
2572.984484
2505.999737
2502.998580
2672.994301
2363.989795
2532.998867
2421.004363
2991.994581
2643.999669
2343.001219
2030.001900
2623.999224
2629.999483
2678.975690
2822.984154
2923.998979
2827.997825
2384.999953
2958.997144
2661.002631
2340.005917
2674.002332
2845.989306
2807.994194
2519.003930
2798.000829
2405.002790
2732.997928
2749.002894
2008.003239
2444.001277
2910.995647
2068.002796
2207.000605
2100.001381
2876.999969
2024.007596
2367.033895
2760.989966
2829.994937
2422.005631
2866.001261
2096.001132
2756.999316
2256.000774
2363.975685
2407.038158
2041.011324
2140.000380
2065.975316
2499.986498
2769.008251
2411.999441
2453.989765
2618.999587
2315.000245
2847.999004
2004.002961
2216.000066
2653.000416
2046.002035
2641.005025
2911.995319
2828.005573
2021.005872
2886.998230
2385.001470
2701.999460
2778.002305
2267.005826
2843.999921
2277.000788
2964.997825
2355.007338
2419.993286
2885.023657
2735.003587
2791.005073
2092.001497
2457.999089
2744.998641
2899.976879
2737.993663
2439.000176
2918.998121
2586.000411
2158.001255
2787.992553
2859.998685
2834.007799
2127.997484
2380.989449
2757.002303
2340.003720
2463.996053
2270.999846
2349.004982
2050.002505
2491.999960
2045.004335
2301.999538
2437.999063
2555.003197
2095.001673
2993.998680
2773.001378
2579.998179
2188.001673
2720.000588
2382.004754
2554.008420
2421.001746
2287.998408
2425.002935
2627.994625
2201.000740
2251.000815
2063.971961
2301.001352
2020.029296
2697.989800
2071.993279
2136.002458
2862.997591
2582.998936
2924.993845
2708.002055
2497.001812
2896.996325
2929.997333
2631.000195
2842.006033
2052.001671
2512.001175
2829.001389
2996.984965
2030.002942
2831.996876
2446.997255
2509.999092
2467.007658
2842.995993
2539.001732
2731.064382
2754.803235
2964.997588
2032.003517
2779.004468
2529.999356
2665.012363
2812.010541
2458.000053
2006.002315
2537.998198
2869.998419
2247.005113
2867.996793
2559.999903
2052.001985
2525.997194
2561.998646
2735.003036
2040.004456
2030.971330
2694.011420
2439.999667
2246.004425
2690.998971
2890.995076
2640.999926
2226.001759
2411.001170
2126.001555
2980.990618
2836.995916
2742.995123
2864.997687
2151.004528
2813.998292
2952.992458
2385.001088
2928.987890
2120.991170
2860.994218
2151.982243
2703.995084
2943.983017
2223.007922
2986.993501
2385.017020
2628.993919
2248.004354
2392.000934
2193.008285
2373.002316
2651.999308
2469.000526
2778.999951
2619.994930
2380.015771
2572.968952
2505.999474
2502.997160
2672.988600
2363.979584
2532.997734
2421.008727
2991.989163
2643.999338
2343.002439
2030.003800
2623.998447
2629.998967
2678.951338
2822.968272
2923.997959
2827.995650
2384.999907
2958.994289
2661.005262
2340.011836
2674.004660
2845.978608
2807.988385
2519.007861
2798.001659
2405.005579
2732.995846
2749.005822
2008.006478
2444.002553
2910.991294
2068.005592
2207.001210
2100.002761
2876.999939
2024.015193
2367.067860
2760.979911
2829.989875
2422.011262
2866.002523
2096.002264
2756.998632
2256.001548
2363.951312
2407.076400
2041.022652
2140.000760
2065.950603
2499.972981
2769.016504
2411.998881
2453.979526
2618.999174
2315.000489
2847.998008
2004.005923
2216.000132
2653.000832
2046.004070
2641.010051
2911.990638
2828.011147
2021.011744
2886.996459
2385.002941
2701.998919
2778.004610
2267.011653
2843.999842
2277.001576
2964.995651
2355.014692
2419.986548
2885.047366
2735.007184
2791.010145
2092.002995
2457.998178
2744.997282
2899.953711
2737.987317
2439.000352
2918.996242
2586.000821
2158.002510
2787.985106
2859.997371
2834.015599
2127.994968
2380.978872
2757.004613
2340.007441
2463.992106
2270.999692
2349.009965
2050.005012
2491.999920
2045.008674
2301.999076
2437.998126
2555.006394
2095.003346
2993.997360
2773.002757
2579.996357
2188.003347
2720.001176
2382.009508
2554.016845
2421.003492
2287.996816
2425.005872
2627.989249
2201.001480
2251.001630
2063.943888
2301.002706
2020.058664
2697.979573
2071.986555
2136.004916
2862.995182
2582.997872
2924.987689
2708.004110
2497.003624
2896.992650
2929.994667
2631.000390
2842.012066
2052.003342
2512.002351
2829.002779
2996.969927
2030.005884
2831.993751
2446.994510
2509.998184
2467.015317
2842.991987
2539.003464
2731.130300
2754.601866
2964.995178
2032.007034
2779.008937
2529.998713
2665.024745
2812.021098
2458.000107
2006.004630
2537.996396
2869.996837
2247.010226
2867.993585
2559.999807
2052.003971
2525.994387
2561.997291
2735.005060
2040.007427
2030.952119
2694.019068
2439.999445
2246.007376
2690.998285
2890.991794
2640.999876
2226.002932
2411.001950
2126.002591
2980.984364
2836.993194
2742.991872
2864.996146
2151.007547
2813.997153
2952.987430
2385.001813
2928.979816
2120.985282
2860.990361
2151.970402
2703.991806
2943.971694
2223.013204
2986.989169
2385.028369
2628.989865
2248.007256
2392.001556
2193.013808
2373.003860
2651.998846
2469.000877
2778.999918
2619.991549
2380.026288
2572.948217
2505.999123
2502.995265
2672.980993
2363.965962
2532.996223
2421.014545
2991.981937
2643.998896
2343.004065
2030.006334
2623.997412
2629.998278
2678.918804
2822.947042
2923.996598
2827.992750
2384.999845
2958.990481
2661.008773
2340.019732
2674.007759
2845.964336
2807.980638
2519.013102
2798.002765
2405.009300
2732.993050
2749.009781
2008.010796
2444.004256
2910.985489
2068.009321
2207.002017
2100.004602
2876.999898
2024.025323
2367.113255
2760.966473
2829.983125
2422.018774
2866.004205
2096.003773
2756.997719
2256.002580
2363.918726
2407.127521
2041.037761
2140.001265
2065.917605
2499.954934
2769.027511
2411.998135
2453.965870
2618.998625
2315.000816
2847.996680
2004.009871
2216.000220
2653.001387
2046.006784
2641.016752
2911.984396
2828.018580
2021.019573
2886.994099
2385.004901
2701.998198
2778.007685
2267.019422
2843.999736
2277.002627
2964.992751
2355.024525
2419.977525
2885.079058
2735.011995
2791.016910
2092.004991
2457.996963
2744.995470
2899.922746
2737.978841
2439.000587
2918.993737
2586.001369
2158.004183
2787.975175
2859.995618
2834.026002
2127.991613
2380.964728
2757.007706
2340.012402
2463.986843
2270.999486
2349.016609
2050.008356
2491.999869
2045.014463
2301.998459
2437.996877
2555.010658
2095.005577
2993.995601
2773.004595
2579.993929
2188.005578
2720.001961
2382.015847
2554.028087
2421.005821
2287.994693
2425.009791
2627.982079
2201.002467
2251.002716
2063.906406
2301.004513
2020.097936
2697.965895
2071.977585
2136.008194
2862.991969
2582.996454
2924.979480
2708.006850
2497.006041
2896.987749
2929.991111
2631.000650
2842.020112
2052.005569
2512.003918
2829.004632
2996.949872
2030.009808
2831.989585
2446.990848
2509.996974
2467.025530
2842.986645
2539.005774
2731.220798
2754.325568
2964.991964
2032.011723
2779.014897
2529.997854
2665.041282
2812.035198
2458.000178
2006.007717
2537.993992
2869.994729
2247.017044
2867.989308
2559.999678
2052.006618
2525.990645
2561.995485
2735.007590
2040.011140
2030.927995
2694.028668
2439.999168
2246.011064
2690.997428
2890.987691
2640.999814
2226.004398
2411.002925
2126.003887
2980.976545
2836.989791
2742.987809
2864.994218
2151.011320
2813.995729
2952.981146
2385.002720
2928.969722
2120.977922
2860.985540
2151.955596
2703.987708
2943.957539
2223.019807
2986.983753
2385.042557
2628.984796
2248.010884
2392.002334
2193.020712
2373.005789
2651.998269
2469.001316
2778.999877
2619.987323
2380.039440
2572.922257
2505.998685
2502.992894
2672.971479
2363.948921
2532.994334
2421.021817
2991.972906
2643.998345
2343.006097
2030.009501
2623.996118
2629.997417
2678.878029
2822.920414
2923.994898
2827.989126
2384.999767
2958.985722
2661.013164
2340.029608
2674.011622
2845.946485
2807.970950
2519.019656
2798.004148
2405.013950
2732.989521
2749.014833
2008.016195
2444.006384
2910.978232
2068.013982
2207.003025
2100.006903
2876.999846
2024.037987
2367.170174
2760.949624
2829.974687
2422.028166
2866.006308
2096.005661
2756.996579
2256.003870
2363.877848
2407.191636
2041.056659
2140.001895
2065.876283
2499.932338
2769.041273
2411.997202
2453.948793
2618.997940
2315.001223
2847.995020
2004.014807
2216.000330
2653.002080
2046.010175
2641.025130
2911.976593
2828.027872
2021.029361
2886.991149
2385.007352
2701.997296
2778.011529
2267.029135
2843.999605
2277.003940
2964.989127
2355.036859
2419.966182
2885.118804
2735.018032
2791.025366
2092.007486
2457.995445
2744.993205
2899.883921
2737.968224
2439.000880
2918.990606
2586.002054
2158.006275
2787.962761
2859.993428
2834.039007
2127.987419
2380.946982
2757.011591
2340.018603
2463.980264
2270.999229
2349.024914
2050.012539
2491.999806
2045.021709
2301.997688
2437.995313
2555.015989
2095.008366
2993.993401
2773.006893
2579.990893
2188.008366
2720.002941
2382.023770
2554.042154
2421.008731
2287.992038
2425.014695
2627.973115
2201.003701
2251.004074
2063.859468
2301.006776
2020.147213
2697.948731
2071.966365
2136.012293
2862.987953
2582.994681
2924.969217
2708.010276
2497.009062
2896.981623
2929.986667
2631.000976
2842.030170
2052.008353
2512.005877
2829.006948
2996.924795
2030.014714
2831.984376
2446.986269
2509.995460
2467.038300
2842.979967
2539.008661
2731.338606
2753.966163
2964.987950
2032.017584
2779.022350
2529.996779
2665.062000
2812.052863
2458.000267
2006.011576
2537.990987
2869.992093
2247.025567
2867.983962
2559.999516
2052.009927
2525.985968
2561.993227
2735.010627
2040.015596
2030.898883
2694.040248
2439.998834
2246.015490
2690.996398
2890.982770
2640.999740
2226.006157
2411.004095
2126.005441
2980.967163
2836.985707
2742.982934
2864.991906
2151.015849
2813.994021
2952.973603
2385.003808
2928.957608
2120.969088
2860.979752
2151.937824
2703.982791
2943.940552
2223.027730
2986.977254
2385.059585
2628.978712
2248.015238
2392.003268
2193.028997
2373.008105
2651.997577
2469.001843
2778.999828
2619.982252
2380.055228
2572.891043
2505.998160
2502.990046
2672.960053
2363.928452
2532.992068
2421.030544
2991.962067
2643.997682
2343.008536
2030.013301
2623.994565
2629.996384
2678.828942
2822.888328
2923.992857
2827.984776
2384.999674
2958.980010
2661.018437
2340.041467
2674.016245
2845.925046
2807.959318
2519.027523
2798.005808
2405.019532
2732.985228
2749.021068
2008.022673
2444.008937
2910.969523
2068.019577
2207.004235
2100.009664
2876.999785
2024.053184
2367.238738
2760.929328
2829.964563
2422.039441
2866.008832
2096.007926
2756.995210
2256.005418
2363.828578
2407.268891
2041.079350
2140.002649
2065.826586
2499.905168
2769.057795
2411.996082
2453.928289
2618.997121
2315.001712
2847.993028
2004.020730
2216.000463
2653.002912
2046.014246
2641.035185
2911.967229
2828.039024
2021.041108
2886.987608
2385.010293
2701.996212
2778.016144
2267.040791
2843.999447
2277.005516
2964.984777
2355.051723
2419.952477
2885.166692
2735.025314
2791.035514
2092.010481
2457.993623
2744.990487
2899.837154
2737.955450
2439.001231
2918.986848
2586.002875
2158.008785
2787.947862
2859.990799
2834.054618
2127.982386
2380.925589
2757.016282
2340.026045
2463.972369
2270.998920
2349.034882
2050.017564
2491.999733
2045.030416
2301.996762
2437.993436
2555.022387
2095.011712
2993.990761
2773.009652
2579.987250
2188.011713
2720.004118
2382.033277
2554.059056
2421.012225
2287.988852
2425.020588
2627.962355
2201.005182
2251.005703
2063.803018
2301.009498
2020.206621
2697.928034
2071.952888
2136.017214
2862.983134
2582.992553
2924.956899
2708.014387
2497.012688
2896.974271
2929.981333
2631.001366
2842.042241
2052.011694
2512.008228
2829.009729
2996.894691
2030.020604
2831.978125
2446.980772
2509.993642
2467.053627
2842.971953
2539.012126
2731.487987
2753.510873
2964.983135
2032.024617
2779.031297
2529.995488
2665.086930
2812.074118
2458.000374
2006.016206
2537.987381
2869.988930
2247.035796
2867.977547
2559.999323
2052.013898
2525.980355
2561.990518
2735.014169
2040.020795
2030.864686
2694.053842
2439.998446
2246.020654
2690.995196
2890.977029
2640.999654
2226.008209
2411.005460
2126.007255
2980.956216
2836.980942
2742.977247
2864.989208
2151.021131
2813.992028
2952.964804
2385.005077
2928.943473
2120.958779
2860.972996
2151.917083
2703.977053
2943.920731
2223.036975
2986.969671
2385.079455
2628.971613
2248.020317
2392.004357
2193.038664
2373.010808
2651.996769
2469.002457
2778.999772
2619.976335
2380.073657
2572.854542
2505.997548
2502.986719
2672.946709
2363.904545
2532.989425
2421.040725
2991.949422
2643.996910
2343.011381
2030.017735
2623.992754
2629.995179
2678.771454
2822.850709
2923.990477
2827.979701
2384.999565
2958.973347
2661.024596
2340.055315
2674.021619
2845.900010
2807.945739
2519.036705
2798.007745
2405.026045
2732.980121
2749.028638
2008.030231
2444.011917
2910.959359
2068.026107
2207.005647
2100.012885
2876.999713
2024.070917
2367.319095
2760.905542
2829.952751
2422.052602
2866.011777
2096.010571
2756.993614
2256.007225
2363.770794
2407.359466
2041.105843
2140.003526
2065.768452
2499.873391
2769.077079
2411.994775
2453.904352
2618.996168
2315.002281
2847.990704
2004.027641
2216.000617
2653.003882
2046.018994
2641.046918
2911.956304
2828.052038
2021.054815
2886.983478
2385.013724
2701.994946
2778.021530
2267.054393
2843.999263
2277.007355
2964.979703
2355.069155
2419.936357
2885.222833
2735.033861
2791.047356
2092.013974
2457.991498
2744.987316
2899.782343
2737.940499
2439.001641
2918.982464
2586.003833
2158.011714
2787.930477
2859.987733
2834.072837
2127.976515
2380.900492
2757.021796
2340.034728
2463.963157
2270.998558
2349.046512
2050.023433
2491.999651
2045.040591
2301.995680
2437.991244
2555.029854
2095.015616
2993.987681
2773.012870
2579.982999
2188.015617
2720.005491
2382.044369
2554.078802
2421.016301
2287.985134
2425.027473
2627.949797
2201.006909
2251.007604
2063.736985
2301.012682
2020.276321
2697.903746
2071.937150
2136.022957
2862.977511
2582.990070
2924.942524
2708.019184
2497.016919
2896.965694
2929.975111
2631.001822
2842.056327
2052.015590
2512.010972
2829.012974
2996.859553
2030.027477
2831.970831
2446.974355
2509.991521
2467.071515
2842.962603
2539.016169
2731.675906
2752.938845
2964.977521
2032.032822
2779.041741
2529.993981
2665.116111
2812.098998
2458.000498
2006.021609
2537.983173
2869.985240
2247.047730
2867.970062
2559.999097
2052.018531
2525.973806
2561.987356
2735.018218
2040.026736
2030.825294
2694.069490
2439.998001
2246.026557
2690.993822
2890.970469
2640.999555
2226.010554
2411.007020
2126.009328
2980.943704
2836.975496
2742.970748
2864.986125
2151.027169
2813.989750
2952.954748
2385.006528
2928.927315
2120.946996
2860.965272
2151.893368
2703.970494
2943.898075
2223.047542
2986.961004
2385.102169
2628.963498
2248.026123
2392.005602
2193.049712
2373.013896
2651.995846
2469.003159
2778.999708
2619.969573
2380.094731
2572.812715
2505.996849
2502.982911
2672.931442
2363.877186
2532.986404
2421.052360
2991.934970
2643.996026
2343.014633
2030.022802
2623.990684
2629.993801
2678.705461
2822.807470
2923.987757
2827.973901
2384.999440
2958.965731
2661.031641
2340.071157
2674.027736
2845.871367
2807.930208
2519.047203
2798.009959
2405.033490
2732.974111
2749.037813
2008.038869
2444.015322
2910.947741
2068.033571
2207.007260
2100.016567
2876.999631
2024.091186
2367.411421
2760.878214
2829.939253
2422.067651
2866.015144
2096.013594
2756.991789
2256.009289
2363.704347
2407.463577
2041.136147
2140.004525
2065.701810
2499.836972
2769.099128
2411.993280
2453.876975
2618.995082
2315.002931
2847.988049
2004.035539
2216.000793
2653.004992
2046.024421
2641.060330
2911.943816
2828.066913
2021.070481
2886.978758
2385.017645
2701.993497
2778.027690
2267.069940
2843.999053
2277.009456
2964.973904
2355.089197
2419.917757
2885.287358
2735.043696
2791.060890
2092.017966
2457.989069
2744.983692
2899.719370
2737.923348
2439.002109
2918.977453
2586.004929
2158.015060
2787.910606
2859.984229
2834.093666
2127.969804
2380.871626
2757.028151
2340.044652
2463.952627
2270.998145
2349.059805
2050.030150
2491.999562
2045.052242
2301.994443
2437.988737
2555.038389
2095.020077
2993.984162
2773.016550
2579.978140
2188.020079
2720.007059
2382.057045
2554.101408
2421.020960
2287.980883
2425.035356
2627.935439
2201.008883
2251.009777
2063.661288
2301.016333
2020.356501
2697.875798
2071.919143
2136.029523
2862.971084
2582.987232
2924.926091
2708.024667
2497.021755
2896.955890
2929.968000
2631.002342
2842.072429
2052.020042
2512.014107
2829.016683
2996.819375
2030.035335
2831.962493
2446.967017
2509.989096
2467.091966
2842.951917
2539.020790
2731.914831
2752.212722
2964.971110
2032.042198
2779.053685
2529.992257
2665.149587
2812.127539
2458.000641
2006.027783
2537.978362
2869.981023
2247.061372
2867.961507
2559.998839
2052.023825
2525.966321
2561.983743
2735.022773
2040.033421
2030.780570
2694.087243
2439.997500
2246.033198
2690.992275
2890.963092
2640.999443
2226.013193
2411.008775
2126.011659
2980.929627
2836.969370
2742.963439
2864.982657
2151.033961
2813.987188
2952.943434
2385.008160
2928.909134
2120.933736
2860.956577
2151.866676
2703.963115
2943.872583
2223.059430
2986.951254
2385.127730
2628.954367
2248.032654
2392.007002
2193.062143
2373.017371
2651.994807
2469.003949
2778.999636
2619.961964
2380.118455
2572.765514
2505.996063
2502.978621
2672.914243
2363.846361
2532.983006
2421.065451
2991.918710
2643.995033
2343.018292
2030.028503
2623.988354
2629.992251
2678.630838
2822.758505
2923.984697
2827.967377
2384.999300
2958.957164
2661.039577
2340.088999
2674.034585
2845.839103
2807.912720
2519.059018
2798.012450
2405.041867
2732.967003
2749.049169
2008.048587
2444.019154
2910.934668
2068.041972
2207.009076
2100.020709
2876.999538
2024.113992
2367.515925
2760.847283
2829.924068
2422.084593
2866.018932
2096.016998
2756.989736
2256.011612
2363.629065
2407.581480
2041.170274
2140.005644
2065.626573
2499.795868
2769.123949
2411.991598
2453.846150
2618.993866
2315.003662
2847.985062
2004.044424
2216.000992
2653.006240
2046.030527
2641.075422
2911.929767
2828.083653
2021.088109
2886.973447
2385.022056
2701.991864
2778.034623
2267.087434
2843.998817
2277.011819
2964.967380
2355.111901
2419.896601
2885.360420
2735.054850
2791.076120
2092.022457
2457.986337
2744.979614
2899.648092
2737.903972
2439.002635
2918.971817
2586.006161
2158.018825
2787.888247
2859.980289
2834.117109
2127.962254
2380.838912
2757.035371
2340.055817
2463.940780
2270.997678
2349.074763
2050.037719
2491.999468
2045.065379
2301.993050
2437.985913
2555.047995
2095.025097
2993.980202
2773.020690
2579.972673
2188.025099
2720.008825
2382.071305
2554.126888
2421.026202
2287.976098
2425.044243
2627.919280
2201.011104
2251.012221
2063.575831
2301.020454
2020.447389
2697.844108
2071.898857
2136.036914
2862.963852
2582.984039
2924.907597
2708.030836
2497.027197
2896.944860
2929.960000
2631.002928
2842.090549
2052.025049
2512.017635
2829.020859
2996.774148
2030.044180
2831.953111
2446.958754
2509.986365
2467.114982
2842.939895
2539.025990
2732.231449
2751.252582
2964.963904
2032.052747
2779.067130
2529.990314
2665.187412
2812.159789
2458.000801
2006.034728
2537.972949
2869.976279
2247.076720
2867.951882
2559.998549
2052.029782
2525.957900
2561.979677
2735.027834
2040.040848
2030.730358
2694.107156
2439.996944
2246.040579
2690.990555
2890.954897
2640.999320
2226.016124
2411.010725
2126.014250
2980.913986
2836.962562
2742.955318
2864.978804
2151.041509
2813.984340
2952.930862
2385.009974
2928.888929
2120.918998
2860.946911
2151.837002
2703.954913
2943.844254
2223.072642
2986.940419
2385.156139
2628.944217
2248.039911
2392.008557
2193.075955
2373.021232
2651.993653
2469.004827
2778.999557
2619.953509
2380.144834
2572.712887
2505.995191
2502.973846
2672.895107
2363.812054
2532.979230
2421.079995
2991.900643
2643.993928
2343.022357
2030.034837
2623.985767
2629.990529
2678.547443
2822.703695
2923.981298
2827.960127
2384.999145
2958.947645
2661.048406
2340.108848
2674.042155
2845.803205
2807.893271
2519.072154
2798.015220
2405.051177
2732.974111
2749.037813
2008.059385
2444.023411
2910.920138
2068.051309
2207.011093
2100.025311
2876.999434
2024.139337
2367.632850
2760.812677
2829.907197
2422.103431
2866.023142
2096.020781
2756.987455
2256.014193
2363.544743
2407.713473
2041.208235
2140.006881
2065.542646
2499.750029
2769.151546
2411.989727
2453.811867
2618.992522
2315.004473
2847.981743
2004.054298
2216.001212
2653.007626
2046.037310
2641.092196
2911.914155
2828.102257
2021.107698
2886.967547
2385.026958
2701.990047
2778.042331
2267.106875
2843.998555
2277.014445
2964.960131
2355.137328
2419.872802
2885.442200
2735.067356
2791.093044
2092.027446
2457.983301
2744.975084
2899.568345
2737.882337
2439.003219
2918.965553
2586.007530
2158.023009
2787.863399
2859.975911
2834.143168
2127.953865
2380.802258
2757.043482
2340.068224
2463.927615
2270.997159
2349.091385
2050.046143
2491.999371
2045.080013
2301.991500
2437.982772
2555.058672
2095.030674
2993.975802
2773.025292
2579.966598
2188.030677
2720.010786
2382.087149
2554.155261
2421.032027
2287.970780
2425.054140
2627.901315
2201.013571
2251.014937
2063.480505
2301.025051
2020.549251
2697.808580
2071.876283
2136.045131
2862.955816
2582.980491
2924.887040
2708.037692
2497.033245
2896.932603
2929.951112
2631.003580
2842.110687
2052.030611
2512.021556
2829.025500
2996.723862
2030.054013
2831.942684
2446.949567
2509.983330
2467.140567
2842.926536
2539.031768
2731.914831
2752.212722
2964.955905
2032.064467
2779.082081
2529.988152
2665.229649
2812.195799
2458.000978
2006.042446
2537.966931
2869.971007
2247.093777
2867.941188
2559.998226
2052.036400
2525.948543
2561.975158
