2251.000351
2479.999432
2104.000312
2992.999247
2735.006271
2166.999574
2547.000802
2002.001771
2784.969053
2519.986707
2873.999926
2589.001778
2307.000193
2403.000007
2294.000023
2038.001292
2758.037951
2162.022950
2952.005146
2706.999878
2403.000023
2957.999462
2664.999438
2413.999535
2320.999449
2148.999990
2816.000000
2696.000000
2648.000000
2834.000000
2697.000000
2708.000000
2556.000000
2367.000000
2693.000000
2014.000000
2240.000000
2124.000000
2058.000000
2428.000000
2248.000000
2832.000000
2919.000000
2849.000000
2583.000000
2170.000000
2118.000000
2339.000000
2656.000000
2987.000000
2713.000000
2684.000000
2712.000000
2241.000000
2114.000000
2286.000000
2554.000000
2526.000000
2509.000000
2584.000000
2523.000000
2185.000000
2848.000000
2104.000000
2587.000000
2039.000000
2827.000000
2157.000000
2764.000000
2165.000000
2887.000000
2879.000000
2071.000000
2591.000000
2974.000000
2705.000000
2891.000000
2611.000000
2932.000000
2473.000000
2402.000000
2348.000000
2056.000000
2196.000000
2208.000000
2135.000000
2882.000000
2963.000000
2895.000000
2079.000000
2247.000000
2319.000000
2932.000000
2742.000000
2210.000000
2716.000000
2774.000000
2959.000000
2864.000000
2243.000000
2243.000000
2998.000000
2454.000000
2054.000000
2122.000000
2614.000000
2828.000000
2848.000000
2044.000000
2095.000000
2426.000000
2343.000000
2686.000000
2275.000000
2890.000000
2838.000000
2150.000000
2612.000000
2022.000000
2829.000000
2719.000000
2072.000000
2413.000000
2526.000000
2655.000000
2000.000000
2032.000000
2829.000000
2077.000000
2873.000000
2849.000000
2299.000000
2644.000000
2338.000000
2829.000000
2228.000000
2434.000000
2730.000000
2998.000000
2105.000000
2805.000000
2824.000000
2611.000000
2589.000000
2471.000000
2244.000000
2297.000000
2629.000000
2972.000000
2706.000000
2095.000000
2907.000000
2560.000000
2551.000000
2301.000000
2732.000000
2232.000000
2166.000000
2776.000000
2516.000000
2148.000000
2321.000000
2945.000000
2284.000000
2268.000000
2107.000000
2591.000000
2405.000000
2744.000000
2729.000000
2122.000000
2824.000000
2799.000000
2385.000000
2815.000000
2038.000000
2410.000000
2623.000000
2088.000000
2751.000000
2871.000000
2251.000000
2831.000000
2196.000000
2380.000000
2464.000000
2173.000000
2408.000000
2948.000000
2152.000000
2428.000000
2626.000000
2168.000000
2425.000000
2810.000000
2592.000000
2185.000000
2003.000000
2077.000000
2091.000000
2251.001052
2479.998295
2104.000937
2992.997742
2735.018807
2166.998728
2547.002406
2002.005312
2784.906947
2519.960025
2873.999777
2589.005333
2307.000578
2403.000020
2294.000068
2038.003877
2758.114442
2162.069102
2952.015441
2706.999634
2403.000070
2957.998385
2664.998313
2413.998605
2320.998348
2148.999970
2816.000000
2696.000000
2648.000000
2834.000000
2697.000000
2708.000000
2556.000000
2367.000000
2693.000000
2014.000000
2240.000000
2124.000000
2058.000000
2428.000000
2248.000000
2832.000000
2919.000000
2849.000000
2583.000000
2170.000000
2118.000000
2339.000000
2656.000000
2987.000000
2713.000000
2684.000000
2712.000000
2241.000000
2114.000000
2286.000000
2554.000000
2526.000000
2509.000000
2584.000000
2523.000000
2185.000000
2848.000000
2104.000000
2587.000000
2039.000000
2827.000000
2157.000000
2764.000000
2165.000000
2887.000000
2879.000000
2071.000000
2591.000000
2974.000000
2705.000000
2891.000000
2611.000000
2932.000000
2473.000000
2402.000000
2348.000000
2056.000000
2196.000000
2208.000000
2135.000000
2882.000000
2963.000000
2895.000000
2079.000000
2247.000000
2319.000000
2932.000000
2742.000000
2210.000000
2716.000000
2774.000000
2959.000000
2864.000000
2243.000000
2243.000000
2998.000000
2454.000000
2054.000000
2122.000000
2614.000000
2828.000000
2848.000000
2044.000000
2095.000000
2426.000000
2343.000000
2686.000000
2275.000000
2890.000000
2838.000000
2150.000000
2612.000000
2022.000000
2829.000000
2719.000000
2072.000000
2413.000000
2526.000000
2655.000000
2000.000000
2032.000000
2829.000000
2077.000000
2873.000000
2849.000000
2299.000000
2644.000000
2338.000000
2829.000000
2228.000000
2434.000000
2730.000000
2998.000000
2105.000000
2805.000000
2824.000000
2611.000000
2589.000000
2471.000000
2244.000000
2297.000000
2629.000000
2972.000000
2706.000000
2095.000000
2907.000000
2560.000000
2551.000000
2301.000000
2732.000000
2232.000000
2166.000000
2776.000000
2516.000000
2148.000000
2321.000000
2945.000000
2284.000000
2268.000000
2107.000000
2591.000000
2405.000000
2744.000000
2729.000000
2122.000000
2824.000000
2799.000000
2385.000000
2815.000000
2038.000000
2410.000000
2623.000000
2088.000000
2751.000000
2871.000000
2251.000000
2831.000000
2196.000000
2380.000000
2464.000000
2173.000000
2408.000000
2948.000000
2152.000000
2428.000000
2626.000000
2168.000000
2425.000000
2810.000000
2592.000000
2185.000000
2003.000000
2077.000000
2091.000000
2251.002103
2479.996590
2104.001875
2992.995485
2735.037598
2166.997475
2547.004812
2002.010623
2784.813253
2519.919758
2873.999555
2589.010667
2307.001156
2403.000039
2294.000137
2038.007754
2758.230696
2162.138974
2952.030892
2706.999267
2403.000139
2957.996771
2664.996626
2413.997210
2320.996695
2148.999939
2816.000000
2696.000000
2648.000000
2834.000000
2697.000000
2708.000000
2556.000000
2367.000000
2693.000000
2014.000000
2240.000000
2124.000000
2058.000000
2428.000000
2248.000000
2832.000000
2919.000000
2849.000000
2583.000000
2170.000000
2118.000000
2339.000000
2656.000000
2987.000000
2713.000000
2684.000000
2712.000000
2241.000000
2114.000000
2286.000000
2554.000000
2526.000000
2509.000000
2584.000000
2523.000000
2185.000000
2848.000000
2104.000000
2587.000000
2039.000000
2827.000000
2157.000000
2764.000000
2165.000000
2887.000000
2879.000000
2071.000000
2591.000000
2974.000000
2705.000000
2891.000000
2611.000000
2932.000000
2473.000000
2402.000000
2348.000000
2056.000000
2196.000000
2208.000000
2135.000000
2882.000000
2963.000000
2895.000000
2079.000000
2247.000000
2319.000000
2932.000000
2742.000000
2210.000000
2716.000000
2774.000000
2959.000000
2864.000000
2243.000000
2243.000000
2998.000000
2454.000000
2054.000000
2122.000000
2614.000000
2828.000000
2848.000000
2044.000000
2095.000000
2426.000000
2343.000000
2686.000000
2275.000000
2890.000000
2838.000000
2150.000000
2612.000000
2022.000000
2829.000000
2719.000000
2072.000000
2413.000000
2526.000000
2655.000000
2000.000000
2032.000000
2829.000000
2077.000000
2873.000000
2849.000000
2299.000000
2644.000000
2338.000000
2829.000000
2228.000000
2434.000000
2730.000000
2998.000000
2105.000000
2805.000000
2824.000000
2611.000000
2589.000000
2471.000000
2244.000000
2297.000000
2629.000000
2972.000000
2706.000000
2095.000000
2907.000000
2560.000000
2551.000000
2301.000000
2732.000000
2232.000000
2166.000000
2776.000000
2516.000000
2148.000000
2321.000000
2945.000000
2284.000000
2268.000000
2107.000000
2591.000000
2405.000000
2744.000000
2729.000000
2122.000000
2824.000000
2799.000000
2385.000000
2815.000000
2038.000000
2410.000000
2623.000000
2088.000000
2751.000000
2871.000000
2251.000000
2831.000000
2196.000000
2380.000000
2464.000000
2173.000000
2408.000000
2948.000000
2152.000000
2428.000000
2626.000000
2168.000000
2425.000000
2810.000000
2592.000000
2185.000000
2003.000000
2077.000000
2091.000000
2251.003505
2479.994316
2104.003124
2992.992475
2735.062625
2166.995831
2547.008021
2002.017706
2784.687303
2519.865603
2873.999260
2589.017779
2307.001926
2403.000066
2294.000228
2038.012923
2758.388667
2162.233399
2952.051508
2706.998775
2403.000232
2957.994618
2664.994376
2413.995350
2320.994492
2148.999899
2816.000000
2696.000000
2648.000000
2834.000000
2697.000000
2708.000000
2556.000000
2367.000000
2693.000000
2014.000000
2240.000000
2124.000000
2058.000000
2428.000000
2248.000000
2832.000000
2919.000000
2849.000000
2583.000000
2170.000000
2118.000000
2339.000000
2656.000000
2987.000000
2713.000000
2684.000000
2712.000000
2241.000000
2114.000000
2286.000000
2554.000000
2526.000000
2509.000000
2584.000000
2523.000000
2185.000000
2848.000000
2104.000000
2587.000000
2039.000000
2827.000000
2157.000000
2764.000000
2165.000000
2887.000000
2879.000000
2071.000000
2591.000000
2974.000000
2705.000000
2891.000000
2611.000000
2932.000000
2473.000000
2402.000000
2348.000000
2056.000000
2196.000000
2208.000000
2135.000000
2882.000000
2963.000000
2895.000000
2079.000000
2247.000000
2319.000000
2932.000000
2742.000000
2210.000000
2716.000000
2774.000000
2959.000000
2864.000000
2243.000000
2243.000000
2998.000000
2454.000000
2054.000000
2122.000000
2614.000000
2828.000000
2848.000000
2044.000000
2095.000000
2426.000000
2343.000000
2686.000000
2275.000000
2890.000000
2838.000000
2150.000000
2612.000000
2022.000000
2829.000000
2719.000000
2072.000000
2413.000000
2526.000000
2655.000000
2000.000000
2032.000000
2829.000000
2077.000000
2873.000000
2849.000000
2299.000000
2644.000000
2338.000000
2829.000000
2228.000000
2434.000000
2730.000000
2998.000000
2105.000000
2805.000000
2824.000000
2611.000000
2589.000000
2471.000000
2244.000000
2297.000000
2629.000000
2972.000000
2706.000000
2095.000000
2907.000000
2560.000000
2551.000000
2301.000000
2732.000000
2232.000000
2166.000000
2776.000000
2516.000000
2148.000000
2321.000000
2945.000000
2284.000000
2268.000000
2107.000000
2591.000000
2405.000000
2744.000000
2729.000000
2122.000000
2824.000000
2799.000000
2385.000000
2815.000000
2038.000000
2410.000000
2623.000000
2088.000000
2751.000000
2871.000000
2251.000000
2831.000000
2196.000000
2380.000000
2464.000000
2173.000000
2408.000000
2948.000000
2152.000000
2428.000000
2626.000000
2168.000000
2425.000000
2810.000000
2592.000000
2185.000000
2003.000000
2077.000000
2091.000000
2251.005258
2479.991474
2104.004686
2992.988712
2735.093867
2166.993820
2547.012032
2002.026559
2784.528166
2519.797138
2873.998892
2589.026670
2307.002889
2403.000099
2294.000342
2038.019384
2758.591209
2162.353591
2952.077302
2706.998159
2403.000348
2957.991926
2664.991565
2413.993025
2320.991738
2148.999848
2816.000000
2696.000000
2648.000000
2834.000000
2697.000000
2708.000000
2556.000000
2367.000000
2693.000000
2014.000000
2240.000000
2124.000000
2058.000000
2428.000000
2248.000000
2832.000000
2919.000000
2849.000000
2583.000000
2170.000000
2118.000000
2339.000000
2656.000000
2987.000000
2713.000000
2684.000000
2712.000000
2241.000000
2114.000000
2286.000000
2554.000000
2526.000000
2509.000000
2584.000000
2523.000000
2185.000000
2848.000000
2104.000000
2587.000000
2039.000000
2827.000000
2157.000000
2764.000000
2165.000000
2887.000000
2879.000000
2071.000000
2591.000000
2974.000000
2705.000000
2891.000000
2611.000000
2932.000000
2473.000000
2402.000000
2348.000000
2056.000000
2196.000000
2208.000000
2135.000000
2882.000000
2963.000000
2895.000000
2079.000000
2247.000000
2319.000000
2932.000000
2742.000000
2210.000000
2716.000000
2774.000000
2959.000000
2864.000000
2243.000000
2243.000000
2998.000000
2454.000000
2054.000000
2122.000000
2614.000000
2828.000000
2848.000000
2044.000000
2095.000000
2426.000000
2343.000000
2686.000000
2275.000000
2890.000000
2838.000000
2150.000000
2612.000000
2022.000000
2829.000000
2719.000000
2072.000000
2413.000000
2526.000000
2655.000000
2000.000000
2032.000000
2829.000000
2077.000000
2873.000000
2849.000000
2299.000000
2644.000000
2338.000000
2829.000000
2228.000000
2434.000000
2730.000000
2998.000000
2105.000000
2805.000000
2824.000000
2611.000000
2589.000000
2471.000000
2244.000000
2297.000000
2629.000000
2972.000000
2706.000000
2095.000000
2907.000000
2560.000000
2551.000000
2301.000000
2732.000000
2232.000000
2166.000000
2776.000000
2516.000000
2148.000000
2321.000000
2945.000000
2284.000000
2268.000000
2107.000000
2591.000000
2405.000000
2744.000000
2729.000000
2122.000000
2824.000000
2799.000000
2385.000000
2815.000000
2038.000000
2410.000000
2623.000000
2088.000000
2751.000000
2871.000000
2251.000000
2831.000000
2196.000000
2380.000000
2464.000000
2173.000000
2408.000000
2948.000000
2152.000000
2428.000000
2626.000000
2168.000000
2425.000000
2810.000000
2592.000000
2185.000000
2003.000000
2077.000000
2091.000000
2251.007361
2479.988063
2104.006561
2992.984197
2735.131292
2166.991471
2547.016846
2002.037183
2784.334609
2519.713801
2873.998454
2589.037341
2307.004045
2403.000138
2294.000478
2038.027139
2758.842363
2162.501264
2952.108289
2706.997416
2403.000487
2957.988697
2664.988190
2413.990235
2320.988433
2148.999787
2816.000000
2696.000000
2648.000000
2834.000000
2697.000000
2708.000000
2556.000000
2367.000000
2693.000000
2014.000000
2240.000000
2124.000000
2058.000000
2428.000000
2248.000000
2832.000000
2919.000000
2849.000000
2583.000000
2170.000000
2118.000000
2339.000000
2656.000000
2987.000000
2713.000000
2684.000000
2712.000000
2241.000000
2114.000000
2286.000000
2554.000000
2526.000000
2509.000000
2584.000000
2523.000000
2185.000000
2848.000000
2104.000000
2587.000000
2039.000000
2827.000000
2157.000000
2764.000000
2165.000000
2887.000000
2879.000000
2071.000000
2591.000000
2974.000000
2705.000000
2891.000000
2611.000000
2932.000000
2473.000000
2402.000000
2348.000000
2056.000000
2196.000000
2208.000000
2135.000000
2882.000000
2963.000000
2895.000000
2079.000000
2247.000000
2319.000000
2932.000000
2742.000000
2210.000000
2716.000000
2774.000000
2959.000000
2864.000000
2243.000000
2243.000000
2998.000000
2454.000000
2054.000000
2122.000000
2614.000000
2828.000000
2848.000000
2044.000000
2095.000000
2426.000000
2343.000000
2686.000000
2275.000000
2890.000000
2838.000000
2150.000000
2612.000000
2022.000000
2829.000000
2719.000000
2072.000000
2413.000000
2526.000000
2655.000000
2000.000000
2032.000000
2829.000000
2077.000000
2873.000000
2849.000000
2299.000000
2644.000000
2338.000000
2829.000000
2228.000000
2434.000000
2730.000000
2998.000000
2105.000000
2805.000000
2824.000000
2611.000000
2589.000000
2471.000000
2244.000000
2297.000000
2629.000000
2972.000000
2706.000000
2095.000000
2907.000000
2560.000000
2551.000000
2301.000000
2732.000000
2232.000000
2166.000000
2776.000000
2516.000000
2148.000000
2321.000000
2945.000000
2284.000000
2268.000000
2107.000000
2591.000000
2405.000000
2744.000000
2729.000000
2122.000000
2824.000000
2799.000000
2385.000000
2815.000000
2038.000000
2410.000000
2623.000000
2088.000000
2751.000000
2871.000000
2251.000000
2831.000000
2196.000000
2380.000000
2464.000000
2173.000000
2408.000000
2948.000000
2152.000000
2428.000000
2626.000000
2168.000000
2425.000000
2810.000000
2592.000000
2185.000000
2003.000000
2077.000000
2091.000000
2251.009815
2479.984084
2104.008748
2992.978929
2735.174863
2166.988821
2547.022463
2002.049579
2784.105034
2519.614864
2873.997946
2589.049792
2307.005394
2403.000184
2294.000637
2038.036185
2759.147826
2162.678830
2952.144490
2706.996543
2403.000650
2957.984929
2664.984254
2413.986980
2320.984577
2148.999715
2816.000000
2696.000000
2648.000000
2834.000000
2697.000000
2708.000000
2556.000000
2367.000000
2693.000000
2014.000000
2240.000000
2124.000000
2058.000000
2428.000000
2248.000000
2832.000000
2919.000000
2849.000000
2583.000000
2170.000000
2118.000000
2339.000000
2656.000000
2987.000000
2713.000000
2684.000000
2712.000000
2241.000000
2114.000000
2286.000000
2554.000000
2526.000000
2509.000000
2584.000000
2523.000000
2185.000000
2848.000000
2104.000000
2587.000000
2039.000000
2827.000000
2157.000000
2764.000000
2165.000000
2887.000000
2879.000000
2071.000000
2591.000000
2974.000000
2705.000000
2891.000000
2611.000000
2932.000000
2473.000000
2402.000000
2348.000000
2056.000000
2196.000000
2208.000000
2135.000000
2882.000000
2963.000000
2895.000000
2079.000000
2247.000000
2319.000000
2932.000000
2742.000000
2210.000000
2716.000000
2774.000000
2959.000000
2864.000000
2243.000000
2243.000000
2998.000000
2454.000000
2054.000000
2122.000000
2614.000000
2828.000000
2848.000000
2044.000000
2095.000000
2426.000000
2343.000000
2686.000000
2275.000000
2890.000000
2838.000000
2150.000000
2612.000000
2022.000000
2829.000000
2719.000000
2072.000000
2413.000000
2526.000000
2655.000000
2000.000000
2032.000000
2829.000000
2077.000000
2873.000000
2849.000000
2299.000000
2644.000000
2338.000000
2829.000000
2228.000000
2434.000000
2730.000000
2998.000000
2105.000000
2805.000000
2824.000000
2611.000000
2589.000000
2471.000000
2244.000000
2297.000000
2629.000000
2972.000000
2706.000000
2095.000000
2907.000000
2560.000000
2551.000000
2301.000000
2732.000000
2232.000000
2166.000000
2776.000000
2516.000000
2148.000000
2321.000000
2945.000000
2284.000000
2268.000000
2107.000000
2591.000000
2405.000000
2744.000000
2729.000000
2122.000000
2824.000000
2799.000000
2385.000000
2815.000000
2038.000000
2410.000000
2623.000000
2088.000000
2751.000000
2871.000000
2251.000000
2831.000000
2196.000000
2380.000000
2464.000000
2173.000000
2408.000000
2948.000000
2152.000000
2428.000000
2626.000000
2168.000000
2425.000000
2810.000000
2592.000000
2185.000000
2003.000000
2077.000000
2091.000000
2251.012619
2479.979537
2104.011247
2992.972909
2735.224533
2166.985910
2547.028884
2002.063746
2783.837396
2519.499399
2873.997370
2589.064024
2307.006935
2403.000237
2294.000819
2038.046525
2759.515784
2162.889737
2952.185926
2706.995539
2403.000836
2957.980623
2664.979755
2413.983261
2320.980170
2148.999633
2816.000000
2696.000000
2648.000000
2834.000000
2697.000000
2708.000000
2556.000000
2367.000000
2693.000000
2014.000000
2240.000000
2124.000000
2058.000000
2428.000000
2248.000000
2832.000000
2919.000000
2849.000000
2583.000000
2170.000000
2118.000000
2339.000000
2656.000000
2987.000000
2713.000000
2684.000000
2712.000000
2241.000000
2114.000000
2286.000000
2554.000000
2526.000000
2509.000000
2584.000000
2523.000000
2185.000000
2848.000000
2104.000000
2587.000000
2039.000000
2827.000000
2157.000000
2764.000000
2165.000000
2887.000000
2879.000000
2071.000000
2591.000000
2974.000000
2705.000000
2891.000000
2611.000000
2932.000000
2473.000000
2402.000000
2348.000000
2056.000000
2196.000000
2208.000000
2135.000000
2882.000000
2963.000000
2895.000000
2079.000000
2247.000000
2319.000000
2932.000000
2742.000000
2210.000000
2716.000000
2774.000000
2959.000000
2864.000000
2243.000000
2243.000000
2998.000000
2454.000000
2054.000000
2122.000000
2614.000000
2828.000000
2848.000000
2044.000000
2095.000000
2426.000000
2343.000000
2686.000000
2275.000000
2890.000000
2838.000000
2150.000000
2612.000000
2022.000000
2829.000000
2719.000000
2072.000000
2413.000000
2526.000000
2655.000000
2000.000000
2032.000000
2829.000000
2077.000000
2873.000000
2849.000000
2299.000000
2644.000000
2338.000000
2829.000000
2228.000000
2434.000000
2730.000000
2998.000000
2105.000000
2805.000000
2824.000000
2611.000000
2589.000000
2471.000000
2244.000000
2297.000000
2629.000000
2972.000000
2706.000000
2095.000000
2907.000000
2560.000000
2551.000000
2301.000000
2732.000000
2232.000000
2166.000000
2776.000000
2516.000000
2148.000000
2321.000000
2945.000000
2284.000000
2268.000000
2107.000000
2591.000000
2405.000000
2744.000000
2729.000000
2122.000000
2824.000000
2799.000000
2385.000000
2815.000000
2038.000000
2410.000000
2623.000000
2088.000000
2751.000000
2871.000000
2251.000000
2831.000000
2196.000000
2380.000000
2464.000000
2173.000000
2408.000000
2948.000000
2152.000000
2428.000000
2626.000000
2168.000000
2425.000000
2810.000000
2592.000000
2185.000000
2003.000000
2077.000000
2091.000000
2251.015774
2479.974421
2104.014059
2992.966136
2735.280245
2166.982784
2547.036109
2002.079685
2783.529084
2519.366214
2873.996727
2589.080039
2307.008668
2403.000296
2294.001023
2038.058157
2759.958460
2163.139089
2952.232624
2706.994401
2403.001045
2957.975779
2664.974695
2413.979076
2320.975212
2148.999541
2816.000000
2696.000000
2648.000000
2834.000000
2697.000000
2708.000000
2556.000000
2367.000000
2693.000000
2014.000000
2240.000000
2124.000000
2058.000000
2428.000000
2248.000000
2832.000000
2919.000000
2849.000000
2583.000000
2170.000000
2118.000000
2339.000000
2656.000000
2987.000000
2713.000000
2684.000000
2712.000000
2241.000000
2114.000000
2286.000000
2554.000000
2526.000000
2509.000000
2584.000000
2523.000000
2185.000000
2848.000000
2104.000000
2587.000000
2039.000000
2827.000000
2157.000000
2764.000000
2165.000000
2887.000000
2879.000000
2071.000000
2591.000000
2974.000000
2705.000000
2891.000000
2611.000000
2932.000000
2473.000000
2402.000000
2348.000000
2056.000000
2196.000000
2208.000000
2135.000000
2882.000000
2963.000000
2895.000000
2079.000000
2247.000000
2319.000000
2932.000000
2742.000000
2210.000000
2716.000000
2774.000000
2959.000000
2864.000000
2243.000000
2243.000000
2998.000000
2454.000000
2054.000000
2122.000000
2614.000000
2828.000000
2848.000000
2044.000000
2095.000000
2426.000000
2343.000000
2686.000000
2275.000000
2890.000000
2838.000000
2150.000000
2612.000000
2022.000000
2829.000000
2719.000000
2072.000000
2413.000000
2526.000000
2655.000000
2000.000000
2032.000000
2829.000000
2077.000000
2873.000000
2849.000000
2299.000000
2644.000000
2338.000000
2829.000000
2228.000000
2434.000000
2730.000000
2998.000000
2105.000000
2805.000000
2824.000000
2611.000000
2589.000000
2471.000000
2244.000000
2297.000000
2629.000000
2972.000000
2706.000000
2095.000000
2907.000000
2560.000000
2551.000000
2301.000000
2732.000000
2232.000000
2166.000000
2776.000000
2516.000000
2148.000000
2321.000000
2945.000000
2284.000000
2268.000000
2107.000000
2591.000000
2405.000000
2744.000000
2729.000000
2122.000000
2824.000000
2799.000000
2385.000000
2815.000000
2038.000000
2410.000000
2623.000000
2088.000000
2751.000000
2871.000000
2251.000000
2831.000000
2196.000000
2380.000000
2464.000000
2173.000000
2408.000000
2948.000000
2152.000000
2428.000000
2626.000000
2168.000000
2425.000000
2810.000000
2592.000000
2185.000000
2003.000000
2077.000000
2091.000000
2251.019279
2479.968737
2104.017183
2992.958610
2735.341929
2166.979497
2547.044139
2002.097396
2783.176739
2519.213781
2873.996021
2589.097837
2307.010595
2403.000363
2294.001249
2038.071083
2760.495344
2163.434913
2952.284612
2706.993126
2403.001277
2957.970397
2664.969072
2413.974426
2320.969702
2148.999438
2816.000000
2696.000000
2648.000000
2834.000000
2697.000000
2708.000000
2556.000000
2367.000000
2693.000000
2014.000000
2240.000000
2124.000000
2058.000000
2428.000000
2248.000000
2832.000000
2919.000000
2849.000000
2583.000000
2170.000000
2118.000000
2339.000000
2656.000000
2987.000000
2713.000000
2684.000000
2712.000000
2241.000000
2114.000000
2286.000000
2554.000000
2526.000000
2509.000000
2584.000000
2523.000000
2185.000000
2848.000000
2104.000000
2587.000000
2039.000000
2827.000000
2157.000000
2764.000000
2165.000000
2887.000000
2879.000000
2071.000000
2591.000000
2974.000000
2705.000000
2891.000000
2611.000000
2932.000000
2473.000000
2402.000000
2348.000000
2056.000000
2196.000000
2208.000000
2135.000000
2882.000000
2963.000000
2895.000000
2079.000000
2247.000000
2319.000000
2932.000000
2742.000000
2210.000000
2716.000000
2774.000000
2959.000000
2864.000000
2243.000000
2243.000000
2998.000000
2454.000000
2054.000000
2122.000000
2614.000000
2828.000000
2848.000000
2044.000000
2095.000000
2426.000000
2343.000000
2686.000000
2275.000000
2890.000000
2838.000000
2150.000000
2612.000000
2022.000000
2829.000000
2719.000000
2072.000000
2413.000000
2526.000000
2655.000000
2000.000000
2032.000000
2829.000000
2077.000000
2873.000000
2849.000000
2299.000000
2644.000000
2338.000000
2829.000000
2228.000000
2434.000000
2730.000000
2998.000000
2105.000000
2805.000000
2824.000000
2611.000000
2589.000000
2471.000000
2244.000000
2297.000000
2629.000000
2972.000000
2706.000000
2095.000000
2907.000000
2560.000000
2551.000000
2301.000000
2732.000000
2232.000000
2166.000000
2776.000000
2516.000000
2148.000000
2321.000000
2945.000000
2284.000000
2268.000000
2107.000000
2591.000000
2405.000000
2744.000000
2729.000000
2122.000000
2824.000000
2799.000000
2385.000000
2815.000000
2038.000000
2410.000000
2623.000000
2088.000000
2751.000000
2871.000000
2251.000000
2831.000000
2196.000000
2380.000000
2464.000000
2173.000000
2408.000000
2948.000000
2152.000000
2428.000000
2626.000000
2168.000000
2425.000000
2810.000000
2592.000000
2185.000000
2003.000000
2077.000000
2091.000000
