2448.000734
2365.000131
2302.005178
2831.005071
2829.986332
2100.986181
2104.073138
2970.017064
2279.996299
2592.999638
2185.911914
2073.013996
2181.001876
2893.996126
2802.999127
2604.999271
2765.001172
2010.005521
2471.996872
2165.001800
2849.001532
2612.999871
2458.997063
2266.976424
2733.998058
2449.001072
2741.999619
2553.001553
2340.003674
2184.999874
2767.997355
2372.003712
2527.001787
2905.002170
2104.995791
2059.994455
2584.990797
2177.013162
2121.994190
2648.995984
2540.017146
2499.005527
2028.016268
2310.070459
2993.997248
2044.001879
2765.994510
2137.998248
2156.996119
2479.006652
2140.999585
2247.001987
2550.000000
2126.000000
2852.995715
2230.998435
2113.001605
2815.999075
2734.984749
2289.995811
2170.001024
2182.000964
2923.001087
2210.000014
2943.997691
2556.998763
2118.004545
2323.003607
2845.020254
2479.999240
2110.019538
2972.941155
2098.982839
2523.009449
2992.996508
2727.999571
2650.987689
2192.989208
2134.993114
2928.014013
2619.997838
2450.999872
2603.992063
2374.007418
2249.998559
2669.999940
2292.002453
2787.999755
2473.012332
2986.003219
2133.002199
2095.998284
2392.002103
2548.000227
2129.002438
2893.002297
2744.986624
2545.027775
2529.004468
2679.995607
2603.000411
2300.001715
2212.000382
2255.999902
2030.997487
2506.013715
2406.999902
2150.008541
2457.998556
2624.001341
2342.004446
2757.000784
2551.998733
2502.000014
2284.999747
2630.997581
2098.001420
2728.997437
2457.009715
2258.036703
2745.005540
2213.991616
2482.993560
2777.994980
2947.996424
2809.002993
2436.000270
2568.002398
2064.002371
2378.003371
2030.000813
2072.998628
2091.990078
2625.010539
2055.008702
2910.051683
2910.999396
2360.008436
2311.998993
2818.000780
2744.991667
2562.978599
2830.001717
2398.014598
2171.001266
2698.993677
2721.998290
2486.998486
2071.016752
2550.994273
2045.013074
2932.987584
2128.001162
2025.006730
2065.002956
2432.000992
2984.993475
2343.001572
2635.002319
2006.957871
2894.995094
2104.001941
2720.998347
2286.000195
2324.997648
2808.999585
2089.956956
2530.983570
2774.998182
2602.998696
2838.011878
2000.020824
2974.996289
2479.999496
2087.994944
2544.990644
2815.997202
2881.998726
2552.008699
2868.996342
2457.999497
2116.005465
2279.004278
2837.000279
2498.001907
2514.002023
2417.001022
2955.997136
2822.002212
2731.005014
2131.008967
2569.994022
2724.000285
2896.996748
2343.000210
2337.002292
2747.003371
2153.001253
2845.993022
2057.000663
2951.997683
2515.000345
2515.000239
2145.999498
2365.006403
2644.999354
2024.028968
2413.994956
2213.999146
2588.001088
2359.999811
2071.002479
2504.995812
2795.994424
2130.999883
2491.013434
2005.006999
2589.999294
2409.998812
2436.003286
2037.003986
2740.999702
2132.002590
2255.997748
2064.024166
2621.009895
2862.997937
2644.997820
2618.993498
2860.001284
2105.991567
2572.003506
2866.996558
2428.999068
2525.003930
2559.997593
2520.005041
2917.992184
2021.007679
2327.995424
2931.997799
2716.998856
2357.998880
2848.996840
2929.995237
2266.002225
2851.994968
2128.998863
2834.995572
2747.995969
2407.004070
2205.998573
2403.000446
2073.003456
2193.999036
2949.995424
2476.999600
2822.992812
2703.001850
2196.000903
2365.002934
2128.003024
2767.996776
2485.998451
2778.998799
2768.998419
2412.098159
2621.025721
2690.981089
2807.897965
2828.998553
2567.999674
2891.998248
2970.995594
2735.997042
2516.998322
2140.002182
2346.998937
2463.000215
2050.004186
2466.006837
2767.004221
2538.004686
2886.998513
2460.000545
2665.995643
2000.007900
2078.999175
2670.000440
2769.999635
2088.007044
2951.000186
2064.021972
2194.994038
2466.001467
2930.997982
2818.996749
2072.001374
2993.994558
2886.998232
2717.996760
2704.999705
2570.994392
2242.994518
2262.000965
2056.000984
2722.001875
2056.005511
2507.000200
2725.998567
2099.999565
2166.002487
2614.001429
2583.003457
2098.008368
2049.009455
2452.012282
2219.979495
2152.975780
2566.994869
2903.998685
2285.003378
2773.985826
2207.990229
2178.997839
2470.004229
2954.747344
2192.004792
2809.001352
2051.004651
2433.991455
2152.019006
2714.010165
2118.001844
2836.998013
2216.001551
2244.001114
2021.003206
2075.002195
2174.010134
2144.997038
2079.005509
2568.008889
2852.998468
2587.007333
2384.987167
2660.996798
2339.999079
2143.987097
2500.995715
2354.002886
2287.000086
2082.003126
2001.005667
2041.003022
2838.996423
2752.993776
2435.003469
2685.998489
2510.999571
2185.998792
2008.006672
2675.996698
2576.999091
2022.017341
2515.990717
2190.000841
2529.000149
2550.994608
2674.000152
2963.991213
2380.001059
2232.013065
2462.002247
2267.002937
2854.998521
2869.993463
2608.001563
2494.002609
2646.998561
2644.010490
2185.017440
2522.005896
2861.001093
2956.999137
2882.998500
2777.000187
2074.005969
2288.994551
2976.999559
2302.001674
2293.001838
2603.009450
2526.003452
2905.999208
2793.000913
2399.010009
2015.001529
2327.996361
2860.995280
2120.004756
2504.997106
2920.989196
2378.999039
2649.995603
2688.000240
2247.995752
2464.999521
2374.999309
2754.002465
2527.998383
2057.004244
2061.009091
2659.992593
2055.992847
2917.947291
2905.998141
2318.001437
2715.996860
2645.999600
2526.000049
2119.006670
2168.999576
2040.004706
2025.003599
2042.006574
2116.999525
2642.005057
2283.000702
2017.003787
2778.977852
2896.996984
2567.998121
2957.993926
2882.989607
2014.003004
2695.000682
2272.008409
2169.997346
2341.001508
2209.996673
2867.001723
2755.001933
2387.997658
2031.997328
2412.999852
2997.996039
2530.999374
2429.000589
2165.992121
2965.997323
2944.996038
2560.996254
2864.990489
2520.001574
2100.010898
2044.998299
2794.999262
2241.001151
2317.001108
2083.022959
2527.015898
2396.012928
2634.998478
2101.000081
2666.992022
2848.054681
2016.897136
2238.002475
2446.009849
2349.993661
2764.987968
2007.005807
2677.998548
2622.002004
2197.999163
2955.996669
2242.997055
2562.998629
2484.002486
2862.001754
2919.027230
2029.001778
2315.003575
2935.001906
2415.985636
2254.999907
2616.995372
2105.999967
2207.000328
2476.001024
2557.001433
2143.007696
2564.010699
2674.998202
2538.997451
2308.000051
2846.995953
2088.999483
2410.003285
2186.996043
2624.998491
2515.997341
2653.994528
2129.001208
2940.993164
2760.997343
2196.995365
2409.999471
2654.992663
2857.987093
2482.988513
2070.977885
2625.975473
2961.995913
2302.006257
2051.000000
2962.000000
2735.991950
2051.009194
2257.002024
2590.000678
2345.003600
2107.003845
2101.000588
2587.987951
2625.998194
2349.001565
2766.987019
2111.001511
2115.934873
2970.017087
2023.006416
2393.005541
2845.999854
2356.002964
2559.999448
2758.997046
2768.998221
2846.999150
2741.012797
2104.016807
2690.011714
2802.082220
2293.004488
2903.023007
2189.996056
2881.004776
2635.001504
2001.043071
2736.008727
2116.990582
2321.000299
2491.999575
2236.000093
2689.997170
2101.002912
2250.000363
2280.001580
2371.999944
2862.992199
2465.007878
2389.011429
2155.999626
2021.009756
2800.996876
2242.002556
2990.995169
2163.002293
2626.998296
2547.999292
2714.996796
2903.005107
2387.994290
2651.996498
2623.998778
2108.004256
2076.996024
2675.995834
2709.998695
2092.013637
2572.999041
2963.995263
2313.999062
2286.001667
2336.001501
2862.998358
2929.989184
2673.998573
2445.000753
2485.990983
2993.990044
2768.013673
2896.996881
2541.994979
2549.002306
2358.001257
2010.005788
2776.998261
2686.000023
2567.992381
2130.002682
2825.017369
2094.028126
2588.963400
2380.111168
2506.999973
2596.001430
2416.852783
2621.975459
2305.000403
2461.001036
2557.002803
2228.999928
2550.000000
2123.000000
2167.000538
2833.000169
2212.997907
2610.993485
2617.984198
2530.995162
2947.995624
2708.000129
2943.996779
2649.999575
2277.002562
2156.999805
2538.994653
2573.992951
2599.005423
2879.996168
2653.001611
2788.998759
2605.007324
2691.030605
2457.990789
2210.013120
2321.000357
2424.001127
2574.014327
2393.993159
2605.927679
2693.793685
2085.004375
2637.983959
2295.997081
2914.996578
2454.991125
2806.983630
2236.001008
2406.002258
2830.999944
2411.986304
2654.013067
2017.021609
2952.993728
2826.990455
2085.005595
2500.010567
2180.017383
2073.996165
2806.003953
2033.013295
2140.999278
2117.993213
2478.000364
2414.000402
2972.992778
2220.998894
2394.003074
2456.998349
2695.001940
2287.994798
2489.002853
2294.992836
2622.998336
2599.997424
2320.002410
2684.998613
2791.989694
2216.995229
2658.993413
2022.996431
2218.998798
2517.000689
2769.999162
2994.996887
2589.003534
2319.998228
2214.000869
2713.996278
2597.997727
2760.995061
2394.000884
2251.003570
2558.872259
2226.194839
2551.000695
2898.002589
2395.001951
2690.995010
2314.005373
2350.004951
2265.004429
2920.997456
2335.002146
2044.002845
2521.995777
2633.003364
2578.980667
2847.012233
2445.006913
2797.998138
2951.041900
2192.004941
2752.990637
2104.012842
2505.999363
2007.005446
2944.989758
2403.000337
2600.002776
2716.999217
2279.024405
2981.983710
2178.999786
2668.995890
2074.991587
2192.000106
2291.001887
2123.003066
2924.998977
2919.996810
2320.998331
2870.994189
2319.995517
2975.996036
2897.999983
2834.996726
2374.000541
2779.995846
2541.003773
2380.001526
2409.981347
2012.009710
2552.004249
2191.001297
2387.004182
2265.994880
2557.996414
2908.992821
2577.009713
2186.988255
2394.000918
2508.001481
2756.002317
2181.013808
2573.001370
2431.001180
2398.000075
2804.995481
2625.993958
2697.998828
2571.000781
2459.998455
2850.943068
2012.079015
2152.000306
2750.998047
2644.999064
2310.001752
2612.990200
2886.988138
2500.989564
2282.007774
2611.989257
2389.992405
2052.000000
2963.000000
2326.999574
2361.998939
2382.000461
2339.999865
2170.000590
2911.995206
2968.996606
2115.002090
2664.001384
2267.001863
2625.999711
2264.001841
2201.001944
2229.003969
2610.989962
2729.987329
2880.997584
2693.999245
2684.997263
2746.999552
