2247.001836
2658.999520
2559.000749
2684.000487
2560.000497
2716.997632
2480.999592
2053.000489
2736.000000
2815.000000
2828.000000
2891.000000
2550.000000
2506.000000
2609.000000
2787.000000
2822.000000
2863.000000
2220.000000
2297.000000
2063.000000
2544.000000
2677.000000
2103.000000
2348.000000
2015.000000
2418.000000
2497.000000
2490.000000
2233.000000
2506.000000
2413.000000
2288.000000
2963.000000
2612.000000
2573.000000
2108.000000
2747.000000
2987.000000
2967.000000
2711.000000
2383.000000
2447.000000
2412.000000
2218.000000
2760.000000
2355.000000
2530.000000
2897.000000
2021.000000
2254.000000
2879.000000
2855.000000
2519.000000
2962.000000
2131.000000
2208.000000
2592.000000
2318.000000
2579.000000
2077.000000
2290.000000
2380.000000
2089.000000
2139.000000
2308.000000
2265.000000
2663.000000
2888.000000
2912.000000
2096.000000
2518.000000
2069.000000
2373.000000
2654.000000
2687.000000
2516.000000
2896.000000
2126.000000
2566.000000
2055.000000
2644.000000
2367.000000
2376.000000
2443.000000
2515.000000
2279.000000
2132.000000
2646.000000
2020.000000
2738.000000
2468.000000
2709.000000
2538.000000
2200.000000
2544.000000
2822.000000
2061.000000
2388.000000
2539.000000
2533.000000
2946.000000
2320.000000
2665.000000
2845.000000
2108.000000
2382.000000
2387.000000
2582.000000
2386.000000
2694.000000
2476.000000
2677.000000
2186.000000
2385.000000
2386.000000
2780.000000
2560.000000
2072.000000
2300.000000
2282.000000
2833.000000
2488.000000
2505.000000
2070.000000
2703.000000
2168.000000
2085.000000
2751.000000
2668.000000
2706.000000
2714.000000
2777.000000
2391.000000
2739.000000
2128.000000
2597.000000
2909.000000
2516.000000
2333.000000
2326.000000
2967.000000
2082.000000
2455.000000
2855.000000
2525.000000
2736.000000
2046.000000
2356.000000
2149.000000
2363.000000
2855.000000
2198.000000
2984.000000
2219.000000
2075.000000
2626.000000
2672.000000
2945.000000
2540.000000
2564.000000
2866.000000
2368.000000
2300.000000
2677.000000
2507.000000
2690.000000
2243.000000
2140.000000
2600.000000
2258.000000
2315.000000
2090.000000
2513.000000
2314.000000
2732.000000
2019.000000
2710.000000
2632.000000
2655.000000
2931.000000
2571.000000
2196.000000
2939.000000
2917.000000
2968.000000
2867.000000
2010.000000
2863.000000
2150.000000
2008.000000
2408.000000
2360.000000
2499.000000
2048.000000
2165.000000
2812.000000
2536.000000
2601.000000
2521.000000
2247.005507
2658.998560
2559.002247
2684.001460
2560.001491
2716.992896
2480.998775
2053.001467
2736.000000
2815.000000
2828.000000
2891.000000
2550.000000
2506.000000
2609.000000
2787.000000
2822.000000
2863.000000
2220.000000
2297.000000
2063.000000
2544.000000
2677.000000
2103.000000
2348.000000
2015.000000
2418.000000
2497.000000
2490.000000
2233.000000
2506.000000
2413.000000
2288.000000
2963.000000
2612.000000
2573.000000
2108.000000
2747.000000
2987.000000
2967.000000
2711.000000
2383.000000
2447.000000
2412.000000
2218.000000
2760.000000
2355.000000
2530.000000
2897.000000
2021.000000
2254.000000
2879.000000
2855.000000
2519.000000
2962.000000
2131.000000
2208.000000
2592.000000
2318.000000
2579.000000
2077.000000
2290.000000
2380.000000
2089.000000
2139.000000
2308.000000
2265.000000
2663.000000
2888.000000
2912.000000
2096.000000
2518.000000
2069.000000
2373.000000
2654.000000
2687.000000
2516.000000
2896.000000
2126.000000
2566.000000
2055.000000
2644.000000
2367.000000
2376.000000
2443.000000
2515.000000
2279.000000
2132.000000
2646.000000
2020.000000
2738.000000
2468.000000
2709.000000
2538.000000
2200.000000
2544.000000
2822.000000
2061.000000
2388.000000
2539.000000
2533.000000
2946.000000
2320.000000
2665.000000
2845.000000
2108.000000
2382.000000
2387.000000
2582.000000
2386.000000
2694.000000
2476.000000
2677.000000
2186.000000
2385.000000
2386.000000
2780.000000
2560.000000
2072.000000
2300.000000
2282.000000
2833.000000
2488.000000
2505.000000
2070.000000
2703.000000
2168.000000
2085.000000
2751.000000
2668.000000
2706.000000
2714.000000
2777.000000
2391.000000
2739.000000
2128.000000
2597.000000
2909.000000
2516.000000
2333.000000
2326.000000
2967.000000
2082.000000
2455.000000
2855.000000
2525.000000
2736.000000
2046.000000
2356.000000
2149.000000
2363.000000
2855.000000
2198.000000
2984.000000
2219.000000
2075.000000
2626.000000
2672.000000
2945.000000
2540.000000
2564.000000
2866.000000
2368.000000
2300.000000
2677.000000
2507.000000
2690.000000
2243.000000
2140.000000
2600.000000
2258.000000
2315.000000
2090.000000
2513.000000
2314.000000
2732.000000
2019.000000
2710.000000
2632.000000
2655.000000
2931.000000
2571.000000
2196.000000
2939.000000
2917.000000
2968.000000
2867.000000
2010.000000
2863.000000
2150.000000
2008.000000
2408.000000
2360.000000
2499.000000
2048.000000
2165.000000
2812.000000
2536.000000
2601.000000
2521.000000
2247.011015
2658.997120
2559.004494
2684.002921
2560.002982
2716.985790
2480.997551
2053.002935
2736.000000
2815.000000
2828.000000
2891.000000
2550.000000
2506.000000
2609.000000
2787.000000
2822.000000
2863.000000
2220.000000
2297.000000
2063.000000
2544.000000
2677.000000
2103.000000
2348.000000
2015.000000
2418.000000
2497.000000
2490.000000
2233.000000
2506.000000
2413.000000
2288.000000
2963.000000
2612.000000
2573.000000
2108.000000
2747.000000
2987.000000
2967.000000
2711.000000
2383.000000
2447.000000
2412.000000
2218.000000
2760.000000
2355.000000
2530.000000
2897.000000
2021.000000
2254.000000
2879.000000
2855.000000
2519.000000
2962.000000
2131.000000
2208.000000
2592.000000
2318.000000
2579.000000
2077.000000
2290.000000
2380.000000
2089.000000
2139.000000
2308.000000
2265.000000
2663.000000
2888.000000
2912.000000
2096.000000
2518.000000
2069.000000
2373.000000
2654.000000
2687.000000
2516.000000
2896.000000
2126.000000
2566.000000
2055.000000
2644.000000
2367.000000
2376.000000
2443.000000
2515.000000
2279.000000
2132.000000
2646.000000
2020.000000
2738.000000
2468.000000
2709.000000
2538.000000
2200.000000
2544.000000
2822.000000
2061.000000
2388.000000
2539.000000
2533.000000
2946.000000
2320.000000
2665.000000
2845.000000
2108.000000
2382.000000
2387.000000
2582.000000
2386.000000
2694.000000
2476.000000
2677.000000
2186.000000
2385.000000
2386.000000
2780.000000
2560.000000
2072.000000
2300.000000
2282.000000
2833.000000
2488.000000
2505.000000
2070.000000
2703.000000
2168.000000
2085.000000
2751.000000
2668.000000
2706.000000
2714.000000
2777.000000
2391.000000
2739.000000
2128.000000
2597.000000
2909.000000
2516.000000
2333.000000
2326.000000
2967.000000
2082.000000
2455.000000
2855.000000
2525.000000
2736.000000
2046.000000
2356.000000
2149.000000
2363.000000
2855.000000
2198.000000
2984.000000
2219.000000
2075.000000
2626.000000
2672.000000
2945.000000
2540.000000
2564.000000
2866.000000
2368.000000
2300.000000
2677.000000
2507.000000
2690.000000
2243.000000
2140.000000
2600.000000
2258.000000
2315.000000
2090.000000
2513.000000
2314.000000
2732.000000
2019.000000
2710.000000
2632.000000
2655.000000
2931.000000
2571.000000
2196.000000
2939.000000
2917.000000
2968.000000
2867.000000
2010.000000
2863.000000
2150.000000
2008.000000
2408.000000
2360.000000
2499.000000
2048.000000
2165.000000
2812.000000
2536.000000
2601.000000
2521.000000
2247.018360
2658.995200
2559.007490
2684.004870
2560.004971
2716.976315
2480.995918
2053.004892
2736.000000
2815.000000
2828.000000
2891.000000
2550.000000
2506.000000
2609.000000
2787.000000
2822.000000
2863.000000
2220.000000
2297.000000
2063.000000
2544.000000
2677.000000
2103.000000
2348.000000
2015.000000
2418.000000
2497.000000
2490.000000
2233.000000
2506.000000
2413.000000
2288.000000
2963.000000
2612.000000
2573.000000
2108.000000
2747.000000
2987.000000
2967.000000
2711.000000
2383.000000
2447.000000
2412.000000
2218.000000
2760.000000
2355.000000
2530.000000
2897.000000
2021.000000
2254.000000
2879.000000
2855.000000
2519.000000
2962.000000
2131.000000
2208.000000
2592.000000
2318.000000
2579.000000
2077.000000
2290.000000
2380.000000
2089.000000
2139.000000
2308.000000
2265.000000
2663.000000
2888.000000
2912.000000
2096.000000
2518.000000
2069.000000
2373.000000
2654.000000
2687.000000
2516.000000
2896.000000
2126.000000
2566.000000
2055.000000
2644.000000
2367.000000
2376.000000
2443.000000
2515.000000
2279.000000
2132.000000
2646.000000
2020.000000
2738.000000
2468.000000
2709.000000
2538.000000
2200.000000
2544.000000
2822.000000
2061.000000
2388.000000
2539.000000
2533.000000
2946.000000
2320.000000
2665.000000
2845.000000
2108.000000
2382.000000
2387.000000
2582.000000
2386.000000
2694.000000
2476.000000
2677.000000
2186.000000
2385.000000
2386.000000
2780.000000
2560.000000
2072.000000
2300.000000
2282.000000
2833.000000
2488.000000
2505.000000
2070.000000
2703.000000
2168.000000
2085.000000
2751.000000
2668.000000
2706.000000
2714.000000
2777.000000
2391.000000
2739.000000
2128.000000
2597.000000
2909.000000
2516.000000
2333.000000
2326.000000
2967.000000
2082.000000
2455.000000
2855.000000
2525.000000
2736.000000
2046.000000
2356.000000
2149.000000
2363.000000
2855.000000
2198.000000
2984.000000
2219.000000
2075.000000
2626.000000
2672.000000
2945.000000
2540.000000
2564.000000
2866.000000
2368.000000
2300.000000
2677.000000
2507.000000
2690.000000
2243.000000
2140.000000
2600.000000
2258.000000
2315.000000
2090.000000
2513.000000
2314.000000
2732.000000
2019.000000
2710.000000
2632.000000
2655.000000
2931.000000
2571.000000
2196.000000
2939.000000
2917.000000
2968.000000
2867.000000
2010.000000
2863.000000
2150.000000
2008.000000
2408.000000
2360.000000
2499.000000
2048.000000
2165.000000
2812.000000
2536.000000
2601.000000
2521.000000
2247.027542
2658.992802
2559.011235
2684.007308
2560.007456
2716.964468
2480.993877
2053.007337
2736.000000
2815.000000
2828.000000
2891.000000
2550.000000
2506.000000
2609.000000
2787.000000
2822.000000
2863.000000
2220.000000
2297.000000
2063.000000
2544.000000
2677.000000
2103.000000
2348.000000
2015.000000
2418.000000
2497.000000
2490.000000
2233.000000
2506.000000
2413.000000
2288.000000
2963.000000
2612.000000
2573.000000
2108.000000
2747.000000
2987.000000
2967.000000
2711.000000
2383.000000
2447.000000
2412.000000
2218.000000
2760.000000
2355.000000
2530.000000
2897.000000
2021.000000
2254.000000
2879.000000
2855.000000
2519.000000
2962.000000
2131.000000
2208.000000
2592.000000
2318.000000
2579.000000
2077.000000
2290.000000
2380.000000
2089.000000
2139.000000
2308.000000
2265.000000
2663.000000
2888.000000
2912.000000
2096.000000
2518.000000
2069.000000
2373.000000
2654.000000
2687.000000
2516.000000
2896.000000
2126.000000
2566.000000
2055.000000
2644.000000
2367.000000
2376.000000
2443.000000
2515.000000
2279.000000
2132.000000
2646.000000
2020.000000
2738.000000
2468.000000
2709.000000
2538.000000
2200.000000
2544.000000
2822.000000
2061.000000
2388.000000
2539.000000
2533.000000
2946.000000
2320.000000
2665.000000
2845.000000
2108.000000
2382.000000
2387.000000
2582.000000
2386.000000
2694.000000
2476.000000
2677.000000
2186.000000
2385.000000
2386.000000
2780.000000
2560.000000
2072.000000
2300.000000
2282.000000
2833.000000
2488.000000
2505.000000
2070.000000
2703.000000
2168.000000
2085.000000
2751.000000
2668.000000
2706.000000
2714.000000
2777.000000
2391.000000
2739.000000
2128.000000
2597.000000
2909.000000
2516.000000
2333.000000
2326.000000
2967.000000
2082.000000
2455.000000
2855.000000
2525.000000
2736.000000
2046.000000
2356.000000
2149.000000
2363.000000
2855.000000
2198.000000
2984.000000
2219.000000
2075.000000
2626.000000
2672.000000
2945.000000
2540.000000
2564.000000
2866.000000
2368.000000
2300.000000
2677.000000
2507.000000
2690.000000
2243.000000
2140.000000
2600.000000
2258.000000
2315.000000
2090.000000
2513.000000
2314.000000
2732.000000
2019.000000
2710.000000
2632.000000
2655.000000
2931.000000
2571.000000
2196.000000
2939.000000
2917.000000
2968.000000
2867.000000
2010.000000
2863.000000
2150.000000
2008.000000
2408.000000
2360.000000
2499.000000
2048.000000
2165.000000
2812.000000
2536.000000
2601.000000
2521.000000
2247.038563
2658.989925
2559.015729
2684.010235
2560.010438
2716.950247
2480.991428
2053.010272
2736.000000
2815.000000
2828.000000
2891.000000
2550.000000
2506.000000
2609.000000
2787.000000
2822.000000
2863.000000
2220.000000
2297.000000
2063.000000
2544.000000
2677.000000
2103.000000
2348.000000
2015.000000
2418.000000
2497.000000
2490.000000
2233.000000
2506.000000
2413.000000
2288.000000
2963.000000
2612.000000
2573.000000
2108.000000
2747.000000
2987.000000
2967.000000
2711.000000
2383.000000
2447.000000
2412.000000
2218.000000
2760.000000
2355.000000
2530.000000
2897.000000
2021.000000
2254.000000
2879.000000
2855.000000
2519.000000
2962.000000
2131.000000
2208.000000
2592.000000
2318.000000
2579.000000
2077.000000
2290.000000
2380.000000
2089.000000
2139.000000
2308.000000
2265.000000
2663.000000
2888.000000
2912.000000
2096.000000
2518.000000
2069.000000
2373.000000
2654.000000
2687.000000
2516.000000
2896.000000
2126.000000
2566.000000
2055.000000
2644.000000
2367.000000
2376.000000
2443.000000
2515.000000
2279.000000
2132.000000
2646.000000
2020.000000
2738.000000
2468.000000
2709.000000
2538.000000
2200.000000
2544.000000
2822.000000
2061.000000
2388.000000
2539.000000
2533.000000
2946.000000
2320.000000
2665.000000
2845.000000
2108.000000
2382.000000
2387.000000
2582.000000
2386.000000
2694.000000
2476.000000
2677.000000
2186.000000
2385.000000
2386.000000
2780.000000
2560.000000
2072.000000
2300.000000
2282.000000
2833.000000
2488.000000
2505.000000
2070.000000
2703.000000
2168.000000
2085.000000
2751.000000
2668.000000
2706.000000
2714.000000
2777.000000
2391.000000
2739.000000
2128.000000
2597.000000
2909.000000
2516.000000
2333.000000
2326.000000
2967.000000
2082.000000
2455.000000
2855.000000
2525.000000
2736.000000
2046.000000
2356.000000
2149.000000
2363.000000
2855.000000
2198.000000
2984.000000
2219.000000
2075.000000
2626.000000
2672.000000
2945.000000
2540.000000
2564.000000
2866.000000
2368.000000
2300.000000
2677.000000
2507.000000
2690.000000
2243.000000
2140.000000
2600.000000
2258.000000
2315.000000
2090.000000
2513.000000
2314.000000
2732.000000
2019.000000
2710.000000
2632.000000
2655.000000
2931.000000
2571.000000
2196.000000
2939.000000
2917.000000
2968.000000
2867.000000
2010.000000
2863.000000
2150.000000
2008.000000
2408.000000
2360.000000
2499.000000
2048.000000
2165.000000
2812.000000
2536.000000
2601.000000
2521.000000
2247.051425
2658.986571
2559.020972
2684.013653
2560.013918
2716.933651
2480.988571
2053.013697
2736.000000
2815.000000
2828.000000
2891.000000
2550.000000
2506.000000
2609.000000
2787.000000
2822.000000
2863.000000
2220.000000
2297.000000
2063.000000
2544.000000
2677.000000
2103.000000
2348.000000
2015.000000
2418.000000
2497.000000
2490.000000
2233.000000
2506.000000
2413.000000
2288.000000
2963.000000
2612.000000
2573.000000
2108.000000
2747.000000
2987.000000
2967.000000
2711.000000
2383.000000
2447.000000
2412.000000
2218.000000
2760.000000
2355.000000
2530.000000
2897.000000
2021.000000
2254.000000
2879.000000
2855.000000
2519.000000
2962.000000
2131.000000
2208.000000
2592.000000
2318.000000
2579.000000
2077.000000
2290.000000
2380.000000
2089.000000
2139.000000
2308.000000
2265.000000
2663.000000
2888.000000
2912.000000
2096.000000
2518.000000
2069.000000
2373.000000
2654.000000
2687.000000
2516.000000
2896.000000
2126.000000
2566.000000
2055.000000
2644.000000
2367.000000
2376.000000
2443.000000
2515.000000
2279.000000
2132.000000
2646.000000
2020.000000
2738.000000
2468.000000
2709.000000
2538.000000
2200.000000
2544.000000
2822.000000
2061.000000
2388.000000
2539.000000
2533.000000
2946.000000
2320.000000
2665.000000
2845.000000
2108.000000
2382.000000
2387.000000
2582.000000
2386.000000
2694.000000
2476.000000
2677.000000
2186.000000
2385.000000
2386.000000
2780.000000
2560.000000
2072.000000
2300.000000
2282.000000
2833.000000
2488.000000
2505.000000
2070.000000
2703.000000
2168.000000
2085.000000
2751.000000
2668.000000
2706.000000
2714.000000
2777.000000
2391.000000
2739.000000
2128.000000
2597.000000
2909.000000
2516.000000
2333.000000
2326.000000
2967.000000
2082.000000
2455.000000
2855.000000
2525.000000
2736.000000
2046.000000
2356.000000
2149.000000
2363.000000
2855.000000
2198.000000
2984.000000
2219.000000
2075.000000
2626.000000
2672.000000
2945.000000
2540.000000
2564.000000
2866.000000
2368.000000
2300.000000
2677.000000
2507.000000
2690.000000
2243.000000
2140.000000
2600.000000
2258.000000
2315.000000
2090.000000
2513.000000
2314.000000
2732.000000
2019.000000
2710.000000
2632.000000
2655.000000
2931.000000
2571.000000
2196.000000
2939.000000
2917.000000
2968.000000
2867.000000
2010.000000
2863.000000
2150.000000
2008.000000
2408.000000
2360.000000
2499.000000
2048.000000
2165.000000
2812.000000
2536.000000
2601.000000
2521.000000
2247.066128
2658.982739
2559.026965
2684.017562
2560.017895
2716.914676
2480.985305
2053.017611
2736.000000
2815.000000
2828.000000
2891.000000
2550.000000
2506.000000
2609.000000
2787.000000
2822.000000
2863.000000
2220.000000
2297.000000
2063.000000
2544.000000
2677.000000
2103.000000
2348.000000
2015.000000
2418.000000
2497.000000
2490.000000
2233.000000
2506.000000
2413.000000
2288.000000
2963.000000
2612.000000
2573.000000
2108.000000
2747.000000
2987.000000
2967.000000
2711.000000
2383.000000
2447.000000
2412.000000
2218.000000
2760.000000
2355.000000
2530.000000
2897.000000
2021.000000
2254.000000
2879.000000
2855.000000
2519.000000
2962.000000
2131.000000
2208.000000
2592.000000
2318.000000
2579.000000
2077.000000
2290.000000
2380.000000
2089.000000
2139.000000
2308.000000
2265.000000
2663.000000
2888.000000
2912.000000
2096.000000
2518.000000
2069.000000
2373.000000
2654.000000
2687.000000
2516.000000
2896.000000
2126.000000
2566.000000
2055.000000
2644.000000
2367.000000
2376.000000
2443.000000
2515.000000
2279.000000
2132.000000
2646.000000
2020.000000
2738.000000
2468.000000
2709.000000
2538.000000
2200.000000
2544.000000
2822.000000
2061.000000
2388.000000
2539.000000
2533.000000
2946.000000
2320.000000
2665.000000
2845.000000
2108.000000
2382.000000
2387.000000
2582.000000
2386.000000
2694.000000
2476.000000
2677.000000
2186.000000
2385.000000
2386.000000
2780.000000
2560.000000
2072.000000
2300.000000
2282.000000
2833.000000
2488.000000
2505.000000
2070.000000
2703.000000
2168.000000
2085.000000
2751.000000
2668.000000
2706.000000
2714.000000
2777.000000
2391.000000
2739.000000
2128.000000
2597.000000
2909.000000
2516.000000
2333.000000
2326.000000
2967.000000
2082.000000
2455.000000
2855.000000
2525.000000
2736.000000
2046.000000
2356.000000
2149.000000
2363.000000
2855.000000
2198.000000
2984.000000
2219.000000
2075.000000
2626.000000
2672.000000
2945.000000
2540.000000
2564.000000
2866.000000
2368.000000
2300.000000
2677.000000
2507.000000
2690.000000
2243.000000
2140.000000
2600.000000
2258.000000
2315.000000
2090.000000
2513.000000
2314.000000
2732.000000
2019.000000
2710.000000
2632.000000
2655.000000
2931.000000
2571.000000
2196.000000
2939.000000
2917.000000
2968.000000
2867.000000
2010.000000
2863.000000
2150.000000
2008.000000
2408.000000
2360.000000
2499.000000
2048.000000
2165.000000
2812.000000
2536.000000
2601.000000
2521.000000
2247.082674
2658.978431
2559.033707
2684.021965
2560.022369
2716.893321
2480.981631
2053.022014
2736.000000
2815.000000
2828.000000
2891.000000
2550.000000
2506.000000
2609.000000
2787.000000
2822.000000
2863.000000
2220.000000
2297.000000
2063.000000
2544.000000
2677.000000
2103.000000
2348.000000
2015.000000
2418.000000
2497.000000
2490.000000
2233.000000
2506.000000
2413.000000
2288.000000
2963.000000
2612.000000
2573.000000
2108.000000
2747.000000
2987.000000
2967.000000
2711.000000
2383.000000
2447.000000
2412.000000
2218.000000
2760.000000
2355.000000
2530.000000
2897.000000
2021.000000
2254.000000
2879.000000
2855.000000
2519.000000
2962.000000
2131.000000
2208.000000
2592.000000
2318.000000
2579.000000
2077.000000
2290.000000
2380.000000
2089.000000
2139.000000
2308.000000
2265.000000
2663.000000
2888.000000
2912.000000
2096.000000
2518.000000
2069.000000
2373.000000
2654.000000
2687.000000
2516.000000
2896.000000
2126.000000
2566.000000
2055.000000
2644.000000
2367.000000
2376.000000
2443.000000
2515.000000
2279.000000
2132.000000
2646.000000
2020.000000
2738.000000
2468.000000
2709.000000
2538.000000
2200.000000
2544.000000
2822.000000
2061.000000
2388.000000
2539.000000
2533.000000
2946.000000
2320.000000
2665.000000
2845.000000
2108.000000
2382.000000
2387.000000
2582.000000
2386.000000
2694.000000
2476.000000
2677.000000
2186.000000
2385.000000
2386.000000
2780.000000
2560.000000
2072.000000
2300.000000
2282.000000
2833.000000
2488.000000
2505.000000
2070.000000
2703.000000
2168.000000
2085.000000
2751.000000
2668.000000
2706.000000
2714.000000
2777.000000
2391.000000
2739.000000
2128.000000
2597.000000
2909.000000
2516.000000
2333.000000
2326.000000
2967.000000
2082.000000
2455.000000
2855.000000
2525.000000
2736.000000
2046.000000
2356.000000
2149.000000
2363.000000
2855.000000
2198.000000
2984.000000
2219.000000
2075.000000
2626.000000
2672.000000
2945.000000
2540.000000
2564.000000
2866.000000
2368.000000
2300.000000
2677.000000
2507.000000
2690.000000
2243.000000
2140.000000
2600.000000
2258.000000
2315.000000
2090.000000
2513.000000
2314.000000
2732.000000
2019.000000
2710.000000
2632.000000
2655.000000
2931.000000
2571.000000
2196.000000
2939.000000
2917.000000
2968.000000
2867.000000
2010.000000
2863.000000
2150.000000
2008.000000
2408.000000
2360.000000
2499.000000
2048.000000
2165.000000
2812.000000
2536.000000
2601.000000
2521.000000
2247.101066
2658.973649
2559.041199
2684.026864
2560.027341
2716.869580
2480.977549
2053.026906
2736.000000
2815.000000
2828.000000
2891.000000
2550.000000
2506.000000
2609.000000
2787.000000
2822.000000
2863.000000
2220.000000
2297.000000
2063.000000
2544.000000
2677.000000
2103.000000
2348.000000
2015.000000
2418.000000
2497.000000
2490.000000
2233.000000
2506.000000
2413.000000
2288.000000
2963.000000
2612.000000
2573.000000
2108.000000
2747.000000
2987.000000
2967.000000
2711.000000
2383.000000
2447.000000
2412.000000
2218.000000
2760.000000
2355.000000
2530.000000
2897.000000
2021.000000
2254.000000
2879.000000
2855.000000
2519.000000
2962.000000
2131.000000
2208.000000
2592.000000
2318.000000
2579.000000
2077.000000
2290.000000
2380.000000
2089.000000
2139.000000
2308.000000
2265.000000
2663.000000
2888.000000
2912.000000
2096.000000
2518.000000
2069.000000
2373.000000
2654.000000
2687.000000
2516.000000
2896.000000
2126.000000
2566.000000
2055.000000
2644.000000
2367.000000
2376.000000
2443.000000
2515.000000
2279.000000
2132.000000
2646.000000
2020.000000
2738.000000
2468.000000
2709.000000
2538.000000
2200.000000
2544.000000
2822.000000
2061.000000
2388.000000
2539.000000
2533.000000
2946.000000
2320.000000
2665.000000
2845.000000
2108.000000
2382.000000
2387.000000
2582.000000
2386.000000
2694.000000
2476.000000
2677.000000
2186.000000
2385.000000
2386.000000
2780.000000
2560.000000
2072.000000
2300.000000
2282.000000
2833.000000
2488.000000
2505.000000
2070.000000
2703.000000
2168.000000
2085.000000
2751.000000
2668.000000
2706.000000
2714.000000
2777.000000
2391.000000
2739.000000
2128.000000
2597.000000
2909.000000
2516.000000
2333.000000
2326.000000
2967.000000
2082.000000
2455.000000
2855.000000
2525.000000
2736.000000
2046.000000
2356.000000
2149.000000
2363.000000
2855.000000
2198.000000
2984.000000
2219.000000
2075.000000
2626.000000
2672.000000
2945.000000
2540.000000
2564.000000
2866.000000
2368.000000
2300.000000
2677.000000
2507.000000
2690.000000
2243.000000
2140.000000
2600.000000
2258.000000
2315.000000
2090.000000
2513.000000
2314.000000
2732.000000
2019.000000
2710.000000
2632.000000
2655.000000
2931.000000
2571.000000
2196.000000
2939.000000
2917.000000
2968.000000
2867.000000
2010.000000
2863.000000
2150.000000
2008.000000
2408.000000
2360.000000
2499.000000
2048.000000
2165.000000
2812.000000
2536.000000
2601.000000
2521.000000
