2220.000211
2777.999922
2386.000169
2833.999613
2933.000281
2850.999089
2338.000713
2739.999448
2676.000375
2139.001183
2855.999215
2100.000721
2847.997815
2654.003125
2705.998514
2176.999763
2692.003594
2906.002110
2076.000373
2427.999870
2598.000272
2649.000365
2412.000104
2387.000028
2897.997160
2319.999295
2442.000354
2010.001311
2841.998051
2686.995775
2992.999190
2894.999162
2382.000782
2095.000543
2968.999189
2801.000184
2932.998849
2494.004978
2773.998850
2921.999597
2363.001132
2872.000178
2082.999801
2636.001199
2637.000198
2535.000348
2043.003748
2977.000373
2540.000710
2171.999980
2177.005367
2517.001407
2266.998697
2898.999561
2011.000929
2220.000566
2932.001704
2504.973631
2111.999457
2279.000188
2072.010776
2994.989157
2681.000432
2078.002957
2029.001736
2715.999080
2050.000968
2110.999795
2729.998735
2003.001266
2800.006466
2180.998461
2765.998837
2800.001079
2473.998332
2810.997889
2687.996559
2094.994844
2396.000514
2206.999718
2378.999930
2631.000585
2234.000217
2664.000027
2077.000808
2046.000395
2456.000388
2096.000976
2811.994174
2178.001495
2692.000371
2978.998653
2089.000248
2744.998873
2736.999991
2571.000127
2956.998149
2260.000758
2683.000064
2008.001443
2041.001124
2387.000519
2744.998738
2972.998501
2528.000329
2051.000968
2730.999720
2507.000808
2045.000520
2671.001541
2362.998281
2715.002181
2213.000283
2155.999789
2215.999977
2892.999555
2677.000942
2201.997575
2586.000434
2237.998669
2055.000698
2279.000107
2155.000202
2024.000855
2919.000028
2904.998879
2081.986246
2988.007213
2988.999409
2034.000455
2426.000680
2748.999788
2195.000022
2314.000125
2708.000274
2530.000885
2792.999162
2560.000567
2490.000743
2146.000044
2196.003206
2552.996937
2640.999613
2707.999332
2410.999785
2979.998735
2233.000012
2062.000554
2912.999376
2402.999745
2617.000169
2181.000263
2683.000113
2375.999908
2257.997773
2084.998377
2077.002457
2878.002108
2098.998325
2721.003138
2710.999950
2917.000069
2602.000273
2909.999549
2870.002356
2320.999528
2393.999887
2905.999205
2554.988508
2172.000339
2454.000122
2788.999508
2750.001056
2823.997939
2712.999886
2433.999933
2205.999842
2512.003842
2258.999730
2962.998817
2810.003673
2674.999790
2914.999676
2277.000883
2081.000429
2146.999958
2225.996178
2541.999020
2785.999740
2449.000027
2099.998488
2903.998059
2596.000179
2006.001192
2468.999285
2719.000556
2777.999855
2276.999733
2317.999468
2536.000320
2220.000634
2777.999767
2386.000506
2833.998838
2933.000844
2850.997266
2338.002140
2739.998342
2676.001125
2139.003548
2855.997645
2100.002163
2847.993446
2654.009377
2705.995543
2176.999288
2692.010783
2906.006331
2076.001119
2427.999609
2598.000816
2649.001096
2412.000311
2387.000084
2897.991478
2319.997886
2442.001063
2010.003933
2841.994152
2686.987324
2992.997571
2894.997486
2382.002345
2095.001629
2968.997567
2801.000552
2932.996544
2494.014964
2773.996549
2921.998791
2363.003397
2872.000534
2082.999402
2636.003599
2637.000594
2535.001045
2043.011246
2977.001119
2540.002130
2171.999940
2177.016104
2517.004222
2266.996090
2898.998683
2011.002787
2220.001699
2932.005127
2504.920743
2111.998370
2279.000564
2072.032388
2994.967430
2681.001298
2078.008872
2029.005208
2715.997241
2050.002903
2110.999384
2729.996206
2003.003798
2800.019414
2180.995380
2765.996511
2800.003236
2473.994997
2810.993666
2687.989673
2094.984523
2396.001543
2206.999153
2378.999791
2631.001754
2234.000651
2664.000080
2077.002424
2046.001184
2456.001164
2096.002929
2811.982510
2178.004487
2692.001112
2978.995958
2089.000745
2744.996618
2736.999974
2571.000382
2956.994446
2260.002275
2683.000192
2008.004330
2041.003373
2387.001558
2744.996215
2972.995504
2528.000987
2051.002904
2730.999159
2507.002424
2045.001560
2671.004625
2362.994842
2715.006544
2213.000848
2155.999366
2215.999930
2892.998666
2677.002825
2201.992726
2586.001301
2237.996006
2055.002094
2279.000320
2155.000606
2024.002564
2919.000084
2904.996636
2081.958674
2988.021683
2988.998228
2034.001365
2426.002040
2748.999365
2195.000066
2314.000376
2708.000823
2530.002655
2792.997487
2560.001700
2490.002228
2146.000133
2196.009620
2552.990810
2640.998840
2707.997997
2410.999355
2979.996204
2233.000036
2062.001663
2912.998127
2402.999235
2617.000507
2181.000788
2683.000338
2375.999724
2257.993318
2084.995131
2077.007370
2878.006324
2098.994973
2721.009414
2710.999848
2917.000207
2602.000820
2909.998646
2870.007069
2320.998584
2393.999662
2905.997615
2554.965504
2172.001016
2454.000366
2788.998523
2750.003169
2823.993816
2712.999659
2433.999798
2205.999527
2512.011526
2258.999191
2962.996451
2810.011019
2674.999369
2914.999028
2277.002648
2081.001286
2146.999875
2225.988532
2541.997061
2785.999221
2449.000080
2099.995464
2903.994177
2596.000536
2006.003575
2468.997856
2719.001667
2777.999564
2276.999200
2317.998405
2536.000961
2220.001269
2777.999534
2386.001013
2833.997676
2933.001688
2850.994531
2338.004281
2739.996685
2676.002250
2139.007097
2855.995291
2100.004327
2847.986889
2654.018758
2705.991085
2176.998577
2692.021571
2906.012664
2076.002239
2427.999218
2598.001631
2649.002191
2412.000622
2387.000169
2897.982954
2319.995773
2442.002126
2010.007866
2841.988303
2686.974643
2992.995142
2894.994972
2382.004690
2095.003258
2968.995134
2801.001104
2932.993080
2494.030017
2773.993098
2921.997582
2363.006794
2872.001068
2082.998804
2636.007197
2637.001189
2535.002090
2043.022496
2977.002238
2540.004263
2171.999880
2177.032214
2517.008445
2266.992180
2898.997366
2011.005574
2220.003398
2932.010296
2504.841028
2111.996739
2279.001128
2072.064961
2994.934734
2681.002598
2078.017749
2029.010417
2715.994481
2050.005807
2110.998768
2729.992413
2003.007596
2800.038874
2180.990749
2765.993022
2800.006473
2473.989994
2810.987331
2687.979340
2094.969025
2396.003087
2206.998307
2378.999583
2631.003508
2234.001301
2664.000160
2077.004849
2046.002369
2456.002328
2096.005858
2811.964988
2178.008982
2692.002224
2978.991916
2089.001490
2744.993235
2736.999948
2571.000764
2956.988892
2260.004550
2683.000384
2008.008659
2041.006747
2387.003116
2744.992430
2972.991008
2528.001974
2051.005808
2730.998317
2507.004847
2045.003119
2671.009250
2362.989684
2715.013090
2213.001696
2155.998731
2215.999859
2892.997332
2677.005652
2201.985451
2586.002601
2237.992013
2055.004187
2279.000640
2155.001213
2024.005128
2919.000167
2904.993272
2081.917151
2988.043497
2988.996457
2034.002731
2426.004080
2748.998730
2195.000131
2314.000752
2708.001645
2530.005309
2792.994975
2560.003400
2490.004456
2146.000267
2196.019244
2552.981617
2640.997679
2707.995994
2410.998710
2979.992409
2233.000071
2062.003326
2912.996254
2402.998469
2617.001015
2181.001576
2683.000677
2375.999449
2257.986634
2084.990262
2077.014742
2878.012649
2098.989945
2721.018831
2710.999697
2917.000414
2602.001640
2909.997292
2870.014141
2320.997167
2393.999323
2905.995229
2554.930945
2172.002031
2454.000731
2788.997046
2750.006340
2823.987631
2712.999317
2433.999596
2205.999054
2512.023056
2258.998382
2962.992901
2810.022043
2674.998737
2914.998057
2277.005296
2081.002573
2146.999750
2225.977059
2541.994121
2785.998442
2449.000161
2099.990926
2903.988353
2596.001072
2006.007150
2468.995712
2719.003334
2777.999127
2276.998401
2317.996810
2536.001923
2220.002115
2777.999223
2386.001688
2833.996126
2933.002814
2850.990885
2338.007136
2739.994474
2676.003749
2139.011830
2855.992151
2100.007211
2847.978144
2654.031271
2705.985140
2176.997628
2692.035961
2906.021112
2076.003731
2427.998696
2598.002719
2649.003652
2412.001036
2387.000281
2897.971583
2319.992955
2442.003543
2010.013110
2841.980502
2686.957728
2992.991903
2894.991620
2382.007817
2095.005430
2968.991890
2801.001841
2932.988448
2494.050229
2773.988496
2921.995971
2363.011324
2872.001780
2082.998007
2636.011996
2637.001981
2535.003484
2043.037502
2977.003729
2540.007109
2171.999801
2177.053702
2517.014079
2266.986967
2898.995610
2011.009289
2220.005664
2932.017253
2504.734017
2111.994565
2279.001880
2072.108685
2994.890940
2681.004334
2078.029595
2029.017362
2715.990800
2050.009678
2110.997946
2729.987354
2003.012660
2800.064891
2180.984557
2765.988368
2800.010791
2473.983321
2810.978884
2687.965549
2094.948327
2396.005144
2206.997178
2378.999305
2631.005847
2234.002169
2664.000266
2077.008081
2046.003948
2456.003881
2096.009764
2811.941576
2178.014988
2692.003707
2978.986527
2089.002484
2744.988723
2736.999914
2571.001273
2956.981486
2260.007584
2683.000640
2008.014432
2041.011245
2387.005194
2744.987383
2972.985013
2528.003290
2051.009680
2730.997196
2507.008079
2045.005199
2671.015417
2362.982803
2715.021820
2213.002826
2155.997885
2215.999766
2892.995554
2677.009421
2201.975750
2586.004336
2237.986688
2055.006979
2279.001066
2155.002021
2024.008547
2919.000279
2904.988786
2081.861475
2988.072790
2988.994094
2034.004551
2426.006800
2748.997882
2195.000219
2314.001253
2708.002742
2530.008849
2792.991624
2560.005667
2490.007426
2146.000444
2196.032083
2552.969352
2640.996132
2707.993323
2410.997850
2979.987348
2233.000118
2062.005543
2912.993756
2402.997449
2617.001691
2181.002627
2683.001128
2375.999082
2257.977721
2084.983767
2077.024575
2878.021088
2098.983238
2721.031394
2710.999494
2917.000691
2602.002734
2909.995486
2870.023575
2320.995278
2393.998872
2905.992049
2554.884770
2172.003381
2454.001220
2788.995077
2750.010569
2823.979382
2712.998862
2433.999327
2205.998422
2512.038435
2258.997303
2962.988169
2810.036748
2674.997894
2914.996761
2277.008826
2081.004288
2146.999584
2225.961755
2541.990199
2785.997403
2449.000268
2099.984873
2903.980583
2596.001787
2006.011917
2468.992852
2719.005556
2777.998545
2276.997335
2317.994683
2536.003204
2220.003172
2777.998835
2386.002532
2833.994189
2933.004222
2850.986327
2338.010705
2739.991709
2676.005624
2139.017747
2855.988226
2100.010816
2847.967208
2654.046924
2705.977708
2176.996442
2692.053959
2906.031680
2076.005597
2427.998045
2598.004079
2649.005479
2412.001554
2387.000422
2897.957363
2319.989433
2442.005315
2010.019664
2841.970746
2686.936571
2992.987854
2894.987430
2382.011726
2095.008145
2968.987835
2801.002761
2932.982638
2494.075729
2773.982743
2921.993956
2363.016987
2872.002671
2082.997011
2636.017994
2637.002972
2535.005226
2043.056268
2977.005593
2540.010671
2171.999701
2177.080577
2517.021124
2266.980449
2898.993416
2011.013934
2220.008496
2932.026059
2504.599056
2111.991847
2279.002820
2072.163823
2994.835871
2681.006510
2078.044417
2029.026044
2715.986199
2050.014517
2110.996919
2729.981030
2003.018990
2800.097527
2180.976787
2765.982548
2800.016192
2473.974979
2810.968322
2687.948293
2094.922400
2396.007717
2206.995767
2378.998957
2631.008771
2234.003253
2664.000399
2077.012121
2046.005922
2456.005822
2096.014646
2811.912230
2178.022516
2692.005560
2978.979790
2089.003727
2744.983080
2736.999870
2571.001909
2956.972229
2260.011376
2683.000960
2008.021648
2041.016868
2387.007791
2744.981073
2972.977520
2528.004935
2051.014520
2730.995794
2507.012119
2045.007797
2671.023128
2362.974198
2715.032735
2213.004240
2155.996827
2215.999649
2892.993331
2677.014136
2201.963621
2586.006504
2237.980031
2055.010468
2279.001600
2155.003032
2024.012820
2919.000419
2904.983179
2081.791365
2988.109746
2988.991141
2034.006827
2426.010202
2748.996824
2195.000328
2314.001879
2708.004114
2530.013274
2792.987436
2560.008501
2490.011140
2146.000666
2196.048140
2552.954012
2640.994198
2707.989984
2410.996775
2979.981022
2233.000178
2062.008315
2912.990634
2402.996173
2617.002537
2181.003941
2683.001692
2375.998622
2257.966576
2084.975646
2077.036869
2878.031641
2098.974850
2721.047105
2710.999240
2917.001036
2602.004101
2909.993229
2870.035376
2320.992916
2393.998308
2905.988073
2554.826892
2172.005064
2454.001831
2788.992617
2750.015857
2823.969065
2712.998293
2433.998990
2205.997630
2512.057668
2258.995954
2962.982253
2810.055142
2674.996841
2914.995141
2277.013239
2081.006432
2146.999376
2225.942612
2541.985294
2785.996105
2449.000403
2099.977303
2903.970866
2596.002680
2006.017876
2468.989278
2719.008335
2777.997818
2276.996002
2317.992025
2536.004806
2220.004441
2777.998369
2386.003545
2833.991865
2933.005911
2850.980857
2338.014989
2739.988391
2676.007874
2139.024850
2855.983517
2100.015143
2847.954077
2654.065721
2705.968788
2176.995018
2692.075573
2906.044369
2076.007835
2427.997262
2598.005710
2649.007670
2412.002175
2387.000590
2897.940288
2319.985207
2442.007441
2010.027530
2841.959035
2686.911164
2992.982995
2894.982402
2382.016417
2095.011403
2968.982969
2801.003866
2932.975633
2494.106685
2773.975840
2921.991539
2363.023783
2872.003740
2082.995814
2636.025193
2637.004161
2535.007316
2043.078802
2977.007829
2540.014952
2171.999582
2177.112849
2517.029584
2266.972627
2898.990782
2011.019508
2220.011894
2932.036790
2504.435288
2111.988584
2279.003947
2072.230719
2994.769294
2681.009129
2078.062225
2029.036463
2715.980676
2050.020323
2110.995686
2729.973442
2003.026587
2800.136862
2180.967420
2765.975562
2800.022678
2473.964967
2810.955646
2687.927557
2094.891206
2396.010804
2206.994073
2378.998540
2631.012279
2234.004555
2664.000559
2077.016970
2046.008291
2456.008150
2096.020504
2811.876894
2178.031580
2692.007785
2978.971706
2089.005219
2744.976306
2736.999819
2571.002673
2956.961119
2260.015928
2683.001345
2008.030308
2041.023615
2387.010908
2744.973501
2972.968527
2528.006910
2051.020329
2730.994111
2507.016967
2045.010916
2671.032383
2362.963867
2715.045839
2213.005935
2155.995558
2215.999508
2892.990663
2677.019797
2201.949062
2586.009105
2237.972042
2055.014656
2279.002239
2155.004245
2024.017948
2919.000586
2904.976451
2081.706459
2988.154608
2988.987598
2034.009558
2426.014284
2748.995553
2195.000459
2314.002631
2708.005760
2530.018584
2792.982410
2560.011902
2490.015596
2146.000933
2196.067424
2552.935589
2640.991877
2707.985978
2410.995485
2979.973430
2233.000249
2062.011641
2912.986887
2402.994642
2617.003553
2181.005517
2683.002369
2375.998071
2257.953196
2084.965896
2077.051629
2878.044313
2098.964778
2721.065973
2710.998935
2917.001451
2602.005741
2909.990521
2870.049547
2320.990080
2393.997631
2905.983303
2554.757204
2172.007078
2454.002565
2788.989666
2750.022208
2823.956680
2712.997610
2433.998586
2205.996679
2512.080762
2258.994335
2962.975153
2810.077231
2674.995575
2914.993197
2277.018535
2081.009005
2146.999126
2225.919623
2541.979405
2785.994547
2449.000564
2099.968211
2903.959197
2596.003752
2006.025027
2468.984988
2719.011670
2777.996945
2276.994403
2317.988835
2536.006729
2220.005921
2777.997825
2386.004727
2833.989153
2933.007883
2850.974475
2338.019989
2739.984518
2676.010500
2139.033139
2855.978022
2100.020191
2847.938747
2654.087672
2705.958379
2176.993357
2692.100810
2906.059188
2076.010446
2427.996349
2598.007614
2649.010227
2412.002901
2387.000787
2897.920353
2319.980279
2442.009922
2010.036708
2841.945363
2686.881497
2992.977327
2894.976535
2382.021890
2095.015204
2968.977292
2801.005156
2932.967414
2494.143309
2773.967786
2921.988719
2363.031713
2872.004990
2082.994419
2636.033592
2637.005548
2535.009755
2043.105110
2977.010436
2540.019956
2171.999443
2177.150528
2517.039460
2266.963501
2898.987709
2011.026011
2220.015860
2932.049547
2504.241619
2111.984778
2279.005263
2072.309805
2994.690915
2681.012195
2078.083031
2029.048619
2715.974230
2050.027098
2110.994247
2729.964588
2003.035450
2800.182991
2180.956432
2765.967408
2800.030250
2473.953282
2810.940852
2687.903328
2094.854702
2396.014405
2206.992098
2378.998053
2631.016372
2234.006073
2664.000746
2077.022627
2046.011055
2456.010868
2096.027339
2811.835502
2178.042198
2692.010381
2978.962273
2089.006961
2744.968398
2736.999759
2571.003564
2956.948156
2260.021238
2683.001795
2008.040410
2041.031487
2387.014545
2744.964666
2972.958035
2528.009213
2051.027106
2730.992148
2507.022624
2045.014554
2671.043182
2362.951807
2715.061133
2213.007914
2155.994077
2215.999345
2892.987550
2677.026407
2201.932072
2586.012141
2237.962721
2055.019542
2279.002986
2155.005660
2024.023931
2919.000783
2904.968601
2081.606295
2988.207681
2988.983464
2034.012743
2426.019047
2748.994070
2195.000612
2314.003508
2708.007680
2530.024779
2792.976545
2560.015869
2490.020794
2146.001244
2196.089942
2552.914076
2640.989169
2707.981303
2410.993980
2979.964574
2233.000332
2062.015522
2912.982516
2402.992855
2617.004737
2181.007356
2683.003159
2375.997428
2257.937580
2084.954515
2077.068858
2878.059109
2098.953020
2721.088003
2710.998577
2917.001934
2602.007655
2909.987361
2870.066095
2320.986770
2393.996841
2905.977737
2554.675576
2172.009419
2454.003424
2788.986224
2750.029622
2823.942222
2712.996814
2433.998114
2205.995566
2512.107723
2258.992447
2962.966871
2810.103026
2674.994097
2914.990928
2277.024713
2081.012007
2146.998834
2225.892777
2541.972530
2785.992729
2449.000751
2099.957595
2903.945573
2596.005003
2006.033370
2468.979983
2719.015561
2777.995927
2276.992537
2317.985113
2536.008971
2220.007613
2777.997204
2386.006078
2833.986054
2933.010137
2850.967180
2338.025706
2739.980090
2676.013501
2139.042616
2855.971742
2100.025960
2847.921214
2654.112786
2705.946480
2176.991458
2692.129681
2906.076140
2076.013431
2427.995305
2598.009790
2649.013150
2412.003729
2387.001012
2897.897550
2319.974647
2442.012757
2010.047196
2841.929729
2686.847557
2992.970848
2894.969830
2382.028144
2095.019548
2968.970804
2801.006630
2932.957957
2494.185872
2773.958580
2921.985496
2363.040777
2872.006419
2082.992824
2636.043192
2637.007133
2535.012542
2043.135202
2977.013415
2540.025688
2171.999285
2177.193629
2517.050758
2266.953069
2898.984197
2011.033443
2220.020391
2932.064454
2504.016672
2111.980426
2279.006767
2072.401624
2994.600369
2681.015713
2078.106850
2029.062514
2715.966861
2050.034841
2110.992603
2729.954468
2003.045580
2800.236031
2180.943794
2765.958083
2800.038913
2473.939924
2810.923940
2687.875586
2094.812833
2396.018521
2206.989840
2378.997497
2631.021050
2234.007808
2664.000959
2077.029093
2046.014213
2456.013973
2096.035151
2811.787971
2178.054389
2692.013349
2978.951493
2089.008953
2744.959354
2736.999690
2571.004582
2956.933341
2260.027308
2683.002310
2008.051955
2041.040485
2387.018702
2744.954567
2972.946044
2528.011846
2051.034851
2730.989905
2507.029089
2045.018710
2671.055528
2362.938014
2715.078620
2213.010175
2155.992385
2215.999158
2892.983993
2677.033967
2201.912649
2586.015611
2237.952067
2055.025126
2279.003839
2155.007276
2024.030768
2919.001007
2904.959629
2081.490298
2988.269346
2988.978739
2034.016384
2426.024492
2748.992375
2195.000787
2314.004510
2708.009876
2530.031860
2792.969842
2560.020403
2490.026735
2146.001599
2196.115703
2552.889463
2640.986073
2707.975960
2410.992260
2979.954451
2233.000427
2062.019958
2912.977520
2402.990813
2617.006091
2181.009459
2683.004061
2375.996694
2257.919723
2084.941500
2077.088561
2878.076033
2098.939571
2721.113205
2710.998168
2917.002486
2602.009843
2909.983750
2870.085028
2320.982986
2393.995938
2905.971376
2554.581850
2172.012083
2454.004407
2788.982293
2750.038102
2823.925687
2712.995903
2433.997576
2205.994290
2512.138561
2258.990288
2962.957405
2810.132537
2674.992407
2914.988335
2277.031773
2081.015438
2146.998501
2225.862063
2541.964666
2785.990652
2449.000966
2099.945450
2903.929988
2596.006432
2006.042905
2468.974263
2719.020009
2777.994763
2276.990404
2317.980860
2536.011535
2220.009516
2777.996505
2386.007598
2833.982568
2933.012673
2850.958972
2338.032140
2739.975105
2676.016877
2139.053282
2855.964677
2100.032449
2847.901472
2654.141074
2705.933090
2176.989322
2692.162197
2906.095234
2076.016787
2427.994130
2598.012239
2649.016439
2412.004662
2387.001265
2897.871873
2319.968314
2442.015946
2010.058996
2841.912128
2686.809333
2992.963560
2894.962287
2382.035181
2095.024435
2968.963505
2801.008288
2932.947231
2494.234710
2773.948222
2921.981871
2363.050976
2872.008030
2082.991029
2636.053993
2637.008916
2535.015678
2043.169087
2977.016764
2540.032152
2171.999107
2177.242168
2517.063480
2266.941331
2898.980246
2011.041805
2220.025490
2932.081667
2503.758724
2111.975530
2279.008459
2072.506845
2994.497203
2681.019690
2078.133698
2029.078148
2715.958568
2050.043552
2110.990753
2729.943082
2003.056977
2800.296116
2180.929470
2765.947587
2800.048669
2473.924891
2810.904906
2687.844310
2094.765541
2396.023151
2206.987299
2378.996871
2631.026313
2234.009760
2664.001199
2077.036366
2046.017767
2456.017468
2096.043939
2811.734206
2178.068179
2692.016688
2978.939363
2089.011196
2744.949172
2736.999613
2571.005728
2956.916672
2260.034138
2683.002889
2008.064943
2041.050607
2387.023380
2744.943204
2972.932553
2528.014807
2051.043564
2730.987382
2507.036364
2045.023386
2671.069420
2362.922486
2715.098306
2213.012719
2155.990480
2215.998948
2892.979991
2677.042481
2201.890789
2586.019515
2237.940081
2055.031408
2279.004798
2155.009095
2024.038461
2919.001260
2904.949536
2081.357762
2988.340074
2988.973424
2034.020480
2426.030620
2748.990468
2195.000984
2314.005638
2708.012346
2530.039827
2792.962301
2560.025505
2490.033419
2146.001998
2196.144717
2552.861740
2640.982590
2707.969948
2410.990325
2979.943063
2233.000535
2062.024948
2912.971900
2402.988515
2617.007614
2181.011824
2683.005077
2375.995867
2257.899622
2084.926849
2077.110741
2878.095093
2098.924427
2721.141587
2710.997705
2917.003108
2602.012304
2909.979688
2870.106353
2320.978725
2393.994922
2905.964219
2554.475845
2172.015065
2454.005516
2788.977873
2750.047650
2823.907071
2712.994879
2433.996970
2205.992849
2512.173286
2258.987860
2962.946755
2810.165777
2674.990503
2914.985417
2277.039716
2081.019298
2146.998126
2225.827467
2541.955810
2785.988315
2449.001208
2099.931771
2903.912437
2596.008041
2006.053631
2468.967826
2719.025014
2777.993453
2276.988005
2317.976075
2536.014418
2220.011630
2777.995729
2386.009287
2833.978694
2933.015492
2850.949852
2338.039293
2739.969564
2676.020630
2139.065139
2855.956827
2100.039661
2847.879514
2654.172547
2705.918208
2176.986948
2692.198372
2906.116477
2076.020517
2427.992825
2598.014959
2649.020093
2412.005698
2387.001546
2897.843312
2319.961278
2442.019490
2010.072107
2841.892556
2686.766806
2992.955461
2894.953904
2382.043000
2095.029866
2968.955394
2801.010132
2932.935199
2494.290246
2773.936713
2921.977843
2363.062310
2872.009821
2082.989034
2636.065996
2637.010898
2535.019162
2043.206778
2977.020484
2540.039356
2171.998911
2177.296162
2517.077631
2266.928287
2898.975856
2011.051095
2220.031155
2932.101383
2503.465621
2111.970088
2279.010338
2072.626294
2994.380861
2681.024132
2078.163594
2029.095521
2715.949348
2050.053231
2110.988697
2729.930430
2003.069640
2800.363405
2180.913422
2765.935915
2800.059522
2473.908180
2810.883750
2687.809478
2094.712753
2396.028296
2206.984476
2378.996176
2631.032161
2234.011930
2664.001466
2077.044449
2046.021715
2456.021351
2096.053703
2811.674096
2178.083595
2692.020400
2978.925886
2089.013691
2744.937848
2736.999527
2571.007001
2956.898148
2260.041728
2683.003535
2008.079374
2041.061855
2387.028578
2744.930577
2972.917562
2528.018098
2051.053246
2730.984578
2507.044447
2045.028580
2671.084862
2362.905216
2715.120192
2213.015545
2155.988364
2215.998714
2892.975545
2677.051952
2201.866490
2586.023854
2237.926761
2055.038389
2279.005864
2155.011116
2024.047008
2919.001541
2904.938321
2081.207813
2988.420443
2988.967518
2034.025032
2426.037430
2748.988349
2195.001203
2314.006891
2708.015092
2530.048680
2792.953921
2560.031173
2490.040846
2146.002442
2196.176998
2552.830894
2640.978720
2707.963269
2410.988175
2979.930410
2233.000654
2062.030493
2912.965654
2402.985961
2617.009307
2181.014452
2683.006205
2375.994949
2257.877273
2084.910557
2077.135404
2878.116295
2098.907584
2721.173162
2710.997189
2917.003798
2602.015038
2909.975174
2870.130080
2320.973988
2393.993794
2905.956267
2554.357349
2172.018359
2454.006752
2788.972965
2750.058272
2823.886369
2712.993741
2433.996296
2205.991243
2512.211910
2258.985162
2962.934922
2810.202760
2674.988385
2914.982173
2277.048541
2081.023587
2146.997708
2225.788976
2541.945961
2785.985718
2449.001476
2099.916553
2903.892913
2596.009827
2006.065550
2468.960673
2719.030577
2777.991999
2276.985338
2317.970758
2536.017622
