160.267801
2496.000117
2802.999973
2479.000034
2632.999937
2709.000004
2621.999997
2953.999945
2496.000117
2678.013937
160.535604
2496.000467
2802.999918
2479.000103
2632.999811
2709.000011
2621.999992
2953.999836
2496.000467
2678.027919
160.803408
2496.001050
2802.999837
2479.000206
2632.999621
2709.000023
2621.999984
2953.999671
2496.001050
2678.041946
161.071214
2496.001866
2802.999728
2479.000343
2632.999368
2709.000038
2621.999973
2953.999452
2496.001866
2678.056018
161.339021
2496.002916
2802.999592
2479.000514
2632.999052
2709.000056
2621.999959
2953.999178
2496.002916
2678.070136
161.606829
2496.004199
2802.999428
2479.000720
2632.998672
2709.000079
2621.999943
2953.998849
2496.004199
2678.084299
161.874639
2496.005715
2802.999238
2479.000960
2632.998228
2709.000105
2621.999924
2953.998465
2496.005715
2678.098507
162.142450
2496.007465
2802.999020
2479.001234
2632.997720
2709.000134
2621.999901
2953.998026
2496.007465
2678.112760
162.410263
2496.009448
2802.998774
2479.001543
2632.997147
2709.000168
2621.999877
2953.997532
2496.009448
2678.127058
162.678077
2496.011664
2802.998502
2479.001885
2632.996511
2709.000205
2621.999849
2953.996983
2496.011664
2678.141402
