2818.000421
2260.000190
2793.000343
2354.000473
2565.000043
2868.000042
2731.000239
2278.000124
2323.000221
2628.000055
2446.000048
2130.000039
2681.000413
2218.000440
2397.000062
2951.000060
2217.000162
2613.000037
2883.000096
2435.000112
2818.001263
2260.000569
2793.001029
2354.001418
2565.000128
2868.000126
2731.000718
2278.000373
2323.000663
2628.000166
2446.000144
2130.000117
2681.001238
2218.001321
2397.000185
2951.000180
2217.000486
2613.000110
2883.000289
2435.000336
2818.002526
2260.001138
2793.002058
2354.002837
2565.000255
2868.000251
2731.001437
2278.000746
2323.001327
2628.000331
2446.000289
2130.000234
2681.002476
2218.002642
2397.000370
2951.000360
2217.000972
2613.000220
2883.000578
2435.000673
