2798.997014
2366.987549
2435.000379
2178.000350
2136.000002
2540.000650
2261.000254
2023.000795
2753.000074
2619.003087
2347.000574
2509.999035
2875.998215
2606.000328
2316.999634
2365.999761
2335.999224
2789.999620
2796.000442
2353.003087
2198.997141
2152.001994
2664.999731
2938.999177
2805.999604
2427.000192
2784.999153
2687.997526
2914.000596
2792.995803
2865.998389
2140.999714
2064.000762
2369.000949
2211.999986
2686.000005
2155.000017
2374.000514
2389.999683
2523.000219
2113.000581
2074.000928
2906.999402
2092.001608
2878.999658
2897.998804
2390.994283
2034.999070
2277.999669
2948.999364
2785.014903
2166.966960
2152.999372
2584.000154
2775.999986
2795.998227
2469.000308
2302.999821
2601.000127
2692.999692
2788.985222
2158.035497
2778.000690
2065.002165
2059.001253
2943.999417
2119.000614
2686.998211
2514.998682
2317.999700
2057.001360
2455.002361
2092.001886
2608.000153
2497.000026
2736.999700
2939.998995
2205.999953
2757.008496
2159.001262
2450.000335
2948.998641
2216.999911
2079.001021
2075.997338
2489.999043
2184.998265
2609.000918
2330.000470
2477.000566
2424.999872
2886.000098
2391.000532
2978.998435
2588.999838
2827.999442
2934.995702
2768.002049
2583.999266
2525.000411
2278.000842
2327.000661
2483.000142
2544.000084
2401.999569
2619.999503
2617.000290
2158.000613
2870.998157
2488.000785
2444.000904
2265.001287
2822.998280
2655.999835
2810.999677
2244.999179
2535.999803
2532.000387
2819.998772
2116.003212
2262.999400
2747.001238
2007.000782
2230.000343
2182.001422
2983.998907
2495.998292
2952.998923
2124.002170
2177.000023
2227.999952
2972.999134
2219.002495
2795.998377
2540.999899
2607.999621
2043.002774
2495.998487
2312.998549
2316.001606
2109.000699
2930.999654
2583.999521
2937.999204
2954.997891
2121.000379
2946.999416
2968.999150
2096.998345
2445.001438
2088.004397
2674.000027
2344.000351
2892.999411
2255.998787
2786.997664
2766.000336
2829.998153
2808.994337
2144.002828
2320.000288
2604.999915
2929.998501
2541.000244
2770.000687
2496.000752
2946.994173
2795.995743
2078.000401
2245.000078
2737.002053
2684.995706
2370.002307
2029.001324
2150.999772
2638.000194
2892.001404
2756.001431
2776.999904
2565.001005
2683.000338
2236.999874
2169.000592
2167.000228
2944.999108
2289.999455
2193.999998
2236.999707
2763.998126
2666.997788
2780.000070
2756.999224
2469.999654
2127.001098
2757.988902
2629.982948
2831.998830
2522.000391
2737.002947
2650.998645
2798.991034
2366.962615
2435.001136
2178.001049
2136.000006
2540.001950
2261.000762
2023.002384
2753.000222
2619.009265
2347.001720
2509.997105
2875.994644
2606.000984
2316.998902
2365.999283
2335.997672
2789.998860
2796.001326
2353.009267
2198.991424
2152.005983
2664.999193
2938.997531
2805.998812
2427.000576
2784.997460
2687.992576
2914.001789
2792.987407
2865.995168
2140.999143
2064.002287
2369.002848
2211.999957
2686.000016
2155.000052
2374.001543
2389.999048
2523.000658
2113.001744
2074.002785
2906.998206
2092.004823
2878.998973
2897.996411
2390.982846
2034.997209
2277.999006
2948.998093
2785.044931
2166.900386
2152.998117
2584.000463
2775.999959
2795.994682
2469.000925
2302.999463
2601.000380
2692.999076
2788.955408
2158.107057
2778.002069
2065.006496
2059.003758
2943.998251
2119.001841
2686.994634
2514.996046
2317.999099
2057.004081
2455.007085
2092.005657
2608.000459
2497.000078
2736.999101
2939.996984
2205.999859
2757.025497
2159.003784
2450.001006
2948.995923
2216.999733
2079.003062
2075.992013
2489.997130
2184.994795
2609.002753
2330.001411
2477.001697
2424.999615
2886.000294
2391.001597
2978.995306
2588.999515
2827.998326
2934.987104
2768.006148
2583.997798
2525.001232
2278.002527
2327.001982
2483.000427
2544.000253
2401.998708
2619.998509
2617.000870
2158.001838
2870.994471
2488.002355
2444.002712
2265.003862
2822.994841
2655.999505
2810.999032
2244.997538
2535.999408
2532.001162
2819.996318
2116.009636
2262.998200
2747.003714
2007.002346
2230.001030
2182.004266
2983.996722
2495.994875
2952.996769
2124.006510
2177.000068
2227.999855
2972.997401
2219.007485
2795.995131
2540.999697
2607.998864
2043.008324
2495.995462
2312.995647
2316.004818
2109.002097
2930.998962
2583.998563
2937.997613
2954.993674
2121.001136
2946.998249
2968.997450
2096.995034
2445.004313
2088.013192
2674.000081
2344.001052
2892.998233
2255.996361
2786.992991
2766.001009
2829.994460
2808.983018
2144.008487
2320.000865
2604.999746
2929.995502
2541.000731
2770.002062
2496.002255
2946.982518
2795.987228
2078.001204
2245.000235
2737.006159
2684.987116
2370.006923
2029.003972
2150.999315
2638.000583
2892.004213
2756.004292
2776.999711
2565.003016
2683.001013
2236.999623
2169.001777
2167.000683
2944.997323
2289.998364
2193.999993
2236.999122
2763.994378
2666.993362
2780.000210
2756.997673
2469.998961
2127.003294
2757.966674
2629.948766
2831.996489
2522.001174
2737.008842
2650.995936
2798.982049
2366.925138
2435.002272
2178.002097
2136.000012
2540.003900
2261.001523
2023.004767
2753.000447
2619.018540
2347.003441
2509.994210
2875.989288
2606.001968
2316.997805
2365.998566
2335.995343
2789.997719
2796.002656
2353.018550
2198.982845
2152.011968
2664.998386
2938.995062
2805.997624
2427.001151
2784.994921
2687.985152
2914.003580
2792.974810
2865.990335
2140.998286
2064.004575
2369.005696
2211.999914
2686.000032
2155.000105
2374.003087
2389.998096
2523.001316
2113.003488
2074.005570
2906.996413
2092.009647
2878.997945
2897.992823
2390.965678
2034.994415
2277.998012
2948.996185
2785.090552
2166.799249
2152.996233
2584.000926
2775.999919
2795.989363
2469.001850
2302.998925
2601.000761
2692.998151
2788.910016
2158.215860
2778.004137
2065.012993
2059.007517
2943.996501
2119.003682
2686.989267
2514.992092
2317.998198
2057.008162
2455.014171
2092.011313
2608.000919
2497.000156
2736.998202
2939.993968
2205.999719
2757.051017
2159.007563
2450.002011
2948.991845
2216.999465
2079.006124
2075.984022
2489.994258
2184.989589
2609.005506
2330.002823
2477.003393
2424.999231
2886.000588
2391.003193
2978.990612
2588.999030
2827.996651
2934.974203
2768.012299
2583.995596
2525.002464
2278.005054
2327.003963
2483.000854
2544.000506
2401.997416
2619.997018
2617.001741
2158.003675
2870.988942
2488.004710
2444.005425
2265.007724
2822.989681
2655.999010
2810.998064
2244.995076
2535.998816
2532.002324
2819.992636
2116.019271
2262.996399
2747.007429
2007.004692
2230.002059
2182.008532
2983.993444
2495.989750
2952.993538
2124.013021
2177.000135
2227.999709
2972.994803
2219.014972
2795.990262
2540.999393
2607.997727
2043.016649
2495.990923
2312.991294
2316.009637
2109.004194
2930.997924
2583.997126
2937.995225
2954.987347
2121.002271
2946.996498
2968.994900
2096.990068
2445.008627
2088.026386
2674.000163
2344.002103
2892.996466
2255.992722
2786.985982
2766.002019
2829.988919
2808.966055
2144.016982
2320.001729
2604.999491
2929.991005
2541.001463
2770.004125
2496.004510
2946.965030
2795.974451
2078.002409
2245.000470
2737.012318
2684.974229
2370.013851
2029.007945
2150.998629
2638.001165
2892.008427
2756.008586
2776.999423
2565.006032
2683.002027
2236.999246
2169.003555
2167.001366
2944.994646
2289.996727
2193.999985
2236.998244
2763.988754
2666.986721
2780.000421
2756.995346
2469.997922
2127.006587
2757.933257
2629.897293
2831.992977
2522.002349
2737.017686
2650.991870
2798.970039
2366.875023
2435.003786
2178.003495
2136.000019
2540.006500
2261.002539
2023.007945
2753.000748
2619.030922
2347.005734
2509.990349
2875.982146
2606.003280
2316.996341
2365.997610
2335.992238
2789.996199
2796.004435
2353.030955
2198.971404
2152.019948
2664.997309
2938.991771
2805.996041
2427.001919
2784.991535
2687.975252
2914.005972
2792.958008
2865.983892
2140.997145
2064.007625
2369.009494
2211.999856
2686.000053
2155.000174
2374.005145
2389.996826
2523.002194
2113.005814
2074.009283
2906.994022
2092.016079
2878.996575
2897.988038
2390.942767
2034.990682
2277.996687
2948.993642
2785.152518
2166.661890
2152.993722
2584.001542
2775.999865
2795.982271
2469.003083
2302.998209
2601.001268
2692.996919
2788.848176
2158.363807
2778.006895
2065.021655
2059.012528
2943.994169
2119.006135
2686.982110
2514.986820
2317.996997
2057.013603
2455.023622
2092.018856
2608.001531
2497.000260
2736.997004
2939.989947
2205.999531
2757.085081
2159.012592
2450.003353
2948.986409
2216.999108
2079.010207
2075.973363
2489.990429
2184.982648
2609.009177
2330.004705
2477.005655
2424.998718
2886.000980
2391.005322
2978.984353
2588.998383
2827.994418
2934.956997
2768.020506
2583.992660
2525.004107
2278.008423
2327.006606
2483.001423
2544.000843
2401.995693
2619.995030
2617.002901
2158.006125
2870.981570
2488.007850
2444.009041
2265.012874
2822.982800
2655.998351
2810.996775
2244.991793
2535.998026
2532.003873
2819.987728
2116.032115
2262.993997
2747.012384
2007.007821
2230.003432
2182.014220
2983.989074
2495.982916
2952.989230
2124.021703
2177.000225
2227.999515
2972.991338
2219.024955
2795.983768
2540.998989
2607.996212
2043.027751
2495.984868
2312.985488
2316.016062
2109.006990
2930.996540
2583.995209
2937.992042
2954.978911
2121.003785
2946.994164
2968.991501
2096.983444
2445.014380
2088.043982
2674.000274
2344.003506
2892.994110
2255.987868
2786.976635
2766.003364
2829.981531
2808.943467
2144.028320
2320.002882
2604.999152
2929.985008
2541.002438
2770.006875
2496.007518
2946.941703
2795.957408
2078.004014
2245.000783
2737.020533
2684.957043
2370.023096
2029.013245
2150.997714
2638.001943
2892.014050
2756.014314
2776.999038
2565.010053
2683.003378
2236.998744
2169.005926
2167.002276
2944.991077
2289.994545
2193.999975
2236.997073
2763.981250
2666.977862
2780.000701
2756.992244
2469.996537
2127.010979
2757.888555
2629.828285
2831.988295
2522.003915
2737.029481
2650.986447
2798.954977
2366.812144
2435.005680
2178.005243
2136.000029
2540.009751
2261.003808
2023.011918
2753.001130
2619.046422
2347.008600
2509.985523
2875.973219
2606.004920
2316.994511
2365.996414
2335.988357
2789.994298
2796.006667
2353.046504
2198.957098
2152.029927
2664.995964
2938.987656
2805.994061
2427.002879
2784.987302
2687.962875
2914.008969
2792.936994
2865.975836
2140.995718
2064.011437
2369.014240
2211.999784
2686.000079
2155.000262
2374.007717
2389.995239
2523.003291
2113.008721
2074.013925
2906.991034
2092.024118
2878.994863
2897.982057
2390.914095
2034.986007
2277.995030
2948.990463
2785.231943
2166.485850
2152.990582
2584.002314
2775.999798
2795.973406
2469.004625
2302.997313
2601.001902
2692.995379
2788.768599
2158.553719
2778.010342
2065.032483
2059.018792
2943.991253
2119.009200
2686.973163
2514.980229
2317.995494
2057.020405
2455.035439
2092.028285
2608.002298
2497.000389
2736.995506
2939.984920
2205.999296
2757.127722
2159.018865
2450.005030
2948.979613
2216.998662
2079.015310
2075.960030
2489.985639
2184.973971
2609.013766
2330.007057
2477.008483
2424.998077
2886.001471
2391.007983
2978.976529
2588.997575
2827.991628
2934.935480
2768.030774
2583.988990
2525.006160
2278.012636
2327.009909
2483.002135
2544.001265
2401.993539
2619.992545
2617.004352
2158.009188
2870.972354
2488.011775
2444.013563
2265.019312
2822.974199
2655.997526
2810.995163
2244.987690
2535.997039
2532.005810
2819.981595
2116.048169
2262.990994
2747.018579
2007.011731
2230.005148
2182.021331
2983.983610
2495.974373
2952.983845
2124.032557
2177.000337
2227.999272
2972.987007
2219.037437
2795.975649
2540.998483
2607.994318
2043.041632
2495.977298
2312.978229
2316.024094
2109.010485
2930.994810
2583.992814
2937.988063
2954.968366
2121.005678
2946.991246
2968.987251
2096.975162
2445.021573
2088.065983
2674.000414
2344.005259
2892.991166
2255.981799
2786.964950
2766.005047
2829.972297
2808.915276
2144.042512
2320.004324
2604.998727
2929.977512
2541.003657
2770.010312
2496.011276
2946.912529
2795.936093
2078.006022
2245.001175
2737.030805
2684.935554
2370.034665
2029.019874
2150.996570
2638.002915
2892.021084
2756.021477
2776.998558
2565.015079
2683.005066
2236.998115
2169.008891
2167.003413
2944.986615
2289.991818
2193.999963
2236.995609
2763.971862
2666.966781
2780.001052
2756.988366
2469.994805
2127.016468
2757.832442
2629.741407
2831.982443
2522.005873
2737.044228
2650.979666
2798.936830
2366.736339
2435.007952
2178.007340
2136.000041
2540.013651
2261.005332
2023.016686
2753.001596
2619.065060
2347.012037
2509.979731
2875.962506
2606.006889
2316.992314
2365.994978
2335.983700
2789.992017
2796.009359
2353.065227
2198.939922
2152.041905
2664.994349
2938.982718
2805.991685
2427.004031
2784.982223
2687.948020
2914.012575
2792.911761
2865.966169
2140.994008
2064.016012
2369.019937
2211.999697
2686.000111
2155.000366
2374.010804
2389.993334
2523.004607
2113.012209
2074.019495
2906.987448
2092.033767
2878.992808
2897.974880
2390.879637
2034.980382
2277.993042
2948.986649
2785.330436
2166.267579
2152.986814
2584.003239
2775.999717
2795.962766
2469.006475
2302.996237
2601.002662
2692.993530
2788.669424
2158.789663
2778.014477
2065.045477
2059.026310
2943.987754
2119.012876
2686.962424
2514.972318
2317.993691
2057.028568
2455.049625
2092.039601
2608.003217
2497.000545
2736.993708
2939.978887
2205.999015
2757.178978
2159.026371
2450.007043
2948.971458
2216.998127
2079.021434
2075.944018
2489.979889
2184.963557
2609.019274
2330.009880
2477.011877
2424.997308
2886.002059
2391.011177
2978.967140
2588.996605
2827.988279
2934.909645
2768.043109
2583.984586
2525.008625
2278.017692
2327.013873
2483.002989
2544.001771
2401.990954
2619.989563
2617.006093
2158.012863
2870.961295
2488.016486
2444.018990
2265.027039
2822.963876
2655.996535
2810.993231
2244.982765
2535.995855
2532.008134
2819.974237
2116.067430
2262.987389
2747.026017
2007.016423
2230.007208
2182.029865
2983.977054
2495.964119
2952.977382
2124.045582
2177.000471
2227.998980
2972.981810
2219.052419
2795.965904
2540.997876
2607.992045
2043.058295
2495.968209
2312.969516
2316.033734
2109.014679
2930.992734
2583.989940
2937.983288
2954.955710
2121.007948
2946.987744
2968.982151
2096.965221
2445.030206
2088.092393
2674.000584
2344.007362
2892.987632
2255.974514
2786.950926
2766.007065
2829.961215
2808.881513
2144.059568
2320.006053
2604.998218
2929.968516
2541.005120
2770.014437
2496.015787
2946.877497
2795.910496
2078.008430
2245.001645
2737.043135
2684.909758
2370.048567
2029.027834
2150.995197
2638.004081
2892.029532
2756.030080
2776.997981
2565.021111
2683.007092
2236.997362
2169.012451
2167.004776
2944.981261
2289.988545
2193.999947
2236.993852
2763.960587
2666.953474
2780.001472
2756.983712
2469.992727
2127.023056
2757.764752
2629.636228
2831.975420
2522.008222
2737.061931
2650.971523
2798.915558
2366.647410
2435.010602
2178.009786
2136.000054
2540.018203
2261.007109
2023.022247
2753.002149
2619.086854
2347.016047
2509.972973
2875.950006
2606.009185
2316.989751
2365.993303
2335.978265
2789.989356
2796.012518
2353.087159
2198.919873
2152.055885
2664.992466
2938.976958
2805.988914
2427.005376
2784.976297
2687.930686
2914.016794
2792.882301
2865.954890
2140.992015
2064.021350
2369.026583
2211.999595
2686.000149
2155.000488
2374.014406
2389.991111
2523.006143
2113.016279
2074.025993
2906.983266
2092.045024
2878.990410
2897.966506
2390.839368
2034.973800
2277.990722
2948.982199
2785.450332
2166.001934
2152.982418
2584.004318
2775.999625
2795.950351
2469.008635
2302.994982
2601.003550
2692.991374
2788.547959
2159.077538
2778.019302
2065.060638
2059.035080
2943.983672
2119.017163
2686.949894
2514.963088
2317.991587
2057.038092
2455.066183
2092.052803
2608.004291
2497.000727
2736.991611
2939.971849
2205.998686
2757.238898
2159.035100
2450.009392
2948.961944
2216.997502
2079.028578
2075.925320
2489.973176
2184.951405
2609.025701
2330.013174
2477.015837
2424.996411
2886.002746
2391.014903
2978.956186
2588.995474
2827.984372
2934.879485
2768.057517
2583.979447
2525.011500
2278.023591
2327.018498
2483.003985
2544.002361
2401.987939
2619.986084
2617.008124
2158.017150
2870.948393
2488.021982
2444.025322
2265.036055
2822.951830
2655.995380
2810.990978
2244.977020
2535.994473
2532.010845
2819.965657
2116.089897
2262.983182
2747.034699
2007.021898
2230.009610
2182.039823
2983.969405
2495.952154
2952.969841
2124.060781
2177.000627
2227.998638
2972.975747
2219.069903
2795.954532
2540.997168
2607.989393
2043.077741
2495.957600
2312.959348
2316.044983
2109.019573
2930.990312
2583.986586
2937.977717
2954.940944
2121.010597
2946.983659
2968.976202
2096.953619
2445.040282
2088.123216
2674.000786
2344.009817
2892.983509
2255.966011
2786.934560
2766.009421
2829.948285
2808.842214
2144.079505
2320.008072
2604.997624
2929.958021
2541.006826
2770.019250
2496.021050
2946.836595
2795.880610
2078.011240
2245.002193
2737.057527
2684.879650
2370.064811
2029.037128
2150.993593
2638.005443
2892.039399
2756.040124
2776.997310
2565.028148
2683.009455
2236.996482
2169.016608
2167.006364
2944.975014
2289.984726
2193.999929
2236.991802
2763.947417
2666.937934
2780.001963
2756.978284
2469.990302
2127.030742
2757.685280
2629.512208
2831.967226
2522.010963
2737.082592
2650.962016
2798.891109
2366.545120
2435.013632
2178.012581
2136.000070
2540.023405
2261.009140
2023.028604
2753.002796
2619.111830
2347.020627
2509.965248
2875.935721
2606.011810
2316.986821
2365.991387
2335.972054
2789.986314
2796.016153
2353.112345
2198.896947
2152.071869
2664.990313
2938.970374
2805.985747
2427.006913
2784.969524
2687.910871
2914.021633
2792.848603
2865.941997
2140.989739
2064.027450
2369.034178
2211.999479
2686.000191
2155.000627
2374.018522
2389.988571
2523.007898
2113.020930
2074.033420
2906.978487
2092.057890
2878.987670
2897.956936
2390.793254
2034.966250
2277.988071
2948.977113
2785.595119
2165.681233
2152.977393
2584.005551
2775.999519
2795.936160
2469.011102
2302.993548
2601.004564
2692.988909
2788.400185
2159.426149
2778.024815
2065.077965
2059.045104
2943.979007
2119.022058
2686.935570
2514.952538
2317.989181
2057.048977
2455.085116
2092.067893
2608.005519
2497.000935
2736.989214
2939.963805
2205.998310
2757.307537
2159.045038
2450.012078
2948.951070
2216.996788
2079.036744
2075.903928
2489.965498
2184.937516
2609.033048
2330.016939
2477.020362
2424.995386
2886.003532
2391.019162
2978.943667
2588.994180
2827.979906
2934.844991
2768.074007
2583.973574
2525.014786
2278.030335
2327.023784
2483.005124
2544.003036
2401.984492
2619.982108
2617.010445
2158.022050
2870.933646
2488.028263
2444.032560
2265.046360
2822.938061
2655.994059
2810.988405
2244.970454
2535.992894
2532.013944
2819.955854
2116.115568
2262.978370
2747.044627
2007.028155
2230.012356
2182.051204
2983.960662
2495.938477
2952.961223
2124.078154
2177.000805
2227.998247
2972.968819
2219.089892
2795.941530
2540.996358
2607.986362
2043.099975
2495.945467
2312.947723
2316.057841
2109.025165
2930.987543
2583.982754
2937.971351
2954.924067
2121.013624
2946.978990
2968.969402
2096.940354
2445.051802
2088.158459
2674.001022
2344.012622
2892.978797
2255.956290
2786.915852
2766.012113
2829.933508
2808.797416
2144.102339
2320.010378
2604.996945
2929.946026
2541.008777
2770.024751
2496.027066
2946.789809
2795.846421
2078.014452
2245.002820
2737.073982
2684.845223
2370.083411
2029.047760
2150.991758
2638.007001
2892.050689
2756.051615
2776.996543
2565.036191
2683.012155
2236.995477
2169.021361
2167.008178
2944.967875
2289.980361
2193.999909
2236.989458
2763.932346
2666.920157
2780.002524
2756.972081
2469.987531
2127.039527
2757.593773
2629.368684
2831.957862
2522.014096
2737.106216
2650.951142
2798.863427
2366.429188
2435.017041
2178.015725
2136.000087
2540.029258
2261.011425
2023.035755
2753.003542
2619.140018
2347.025778
2509.956556
2875.919648
2606.014763
2316.983524
2365.989231
2335.965066
2789.982892
2796.020276
2353.140835
2198.871137
2152.089860
2664.987892
2938.962967
2805.982184
2427.008643
2784.961904
2687.888573
2914.027100
2792.810656
2865.927491
2140.987182
2064.034313
2369.042723
2211.999348
2686.000239
2155.000784
2374.023153
2389.985713
2523.009872
2113.026163
2074.041776
2906.973112
2092.072365
2878.984588
2897.946170
2390.741258
2034.957723
2277.985087
2948.971392
2785.770312
2165.293348
2152.971739
2584.006937
2775.999402
2795.920194
2469.013879
2302.991934
2601.005704
2692.986136
2788.219757
2159.849405
2778.031017
2065.097458
2059.056381
2943.973759
2119.027561
2686.919451
2514.940666
2317.986474
2057.061224
2455.106429
2092.084871
2608.006901
2497.001168
2736.986518
2939.954754
2205.997887
2757.384961
2159.056170
2450.015102
2948.938837
2216.995984
2079.045930
2075.879833
2489.956853
2184.921887
2609.041315
2330.021174
2477.025454
2424.994234
2886.004417
2391.023954
2978.929583
2588.992725
2827.974883
2934.806152
2768.092589
2583.966966
2525.018483
2278.037923
2327.029731
2483.006406
2544.003796
2401.980614
2619.977634
2617.013056
2158.027562
2870.917056
2488.035331
2444.040705
2265.057957
2822.922567
2655.992572
2810.985512
2244.963066
2535.991118
2532.017430
2819.944831
2116.144439
2262.972954
2747.055804
2007.035193
2230.015445
2182.064010
2983.950826
2495.923087
2952.951526
2124.097702
2177.001004
2227.997805
2972.961024
2219.112387
2795.926897
2540.995448
2607.982952
2043.125000
2495.931808
2312.934638
2316.072310
2109.031456
2930.984429
2583.978442
2937.964188
2954.905078
2121.017029
2946.973737
2968.961752
2096.925423
2445.064767
2088.198127
2674.001293
2344.015778
2892.973497
2255.945347
2786.894799
2766.015142
2829.916883
2808.747165
2144.128088
2320.012973
2604.996181
2929.932532
2541.010971
2770.030940
2496.033833
2946.737122
2795.807918
2078.018065
2245.003525
2737.092505
2684.806472
2370.104379
2029.059734
2150.989692
2638.008754
2892.063409
2756.064555
2776.995681
2565.045240
2683.015193
2236.994347
2169.026714
2167.010216
2944.959844
2289.975450
2193.999885
2236.986820
2763.915367
2666.900133
2780.003155
2756.965103
2469.984413
2127.049410
2757.489927
2629.204854
2831.947326
2522.017620
2737.132807
2650.938898
2798.832443
2366.299286
2435.020828
2178.019219
2136.000106
2540.035762
2261.013963
2023.043700
2753.004396
2619.171453
2347.031498
2509.946895
2875.901789
2606.018045
2316.979860
2365.986833
2335.957301
2789.979089
2796.024898
2353.172690
2198.842436
2152.109861
2664.985201
2938.954738
2805.978225
2427.010566
2784.953438
2687.863791
2914.033201
2792.768446
2865.911371
2140.984344
2064.041938
2369.052218
2211.999201
2686.000293
2155.000958
2374.028298
2389.982536
2523.012066
2113.031978
2074.051061
2906.967141
2092.088450
2878.981162
2897.934207
2390.683338
2034.948205
2277.981771
2948.965035
2785.985513
2164.817205
2152.965456
2584.008478
2775.999272
2795.902449
2469.016965
2302.990140
2601.006972
2692.983055
2787.995643
2160.371464
2778.037906
2065.119120
2059.068911
2943.967927
2119.033669
2686.901535
2514.927473
2317.983464
2057.074833
2455.130125
2092.103738
2608.008439
2497.001428
2736.983522
2939.944698
2205.997416
2757.471240
2159.068478
2450.018463
2948.925245
2216.995090
2079.056136
2075.853024
2489.947238
2184.904518
2609.050503
2330.025880
2477.031111
2424.992954
2886.005400
2391.029278
2978.913933
2588.991108
2827.969301
2934.762957
2768.113274
2583.959623
2525.022590
2278.046356
2327.036340
2483.007831
2544.004639
2401.976306
2619.972663
2617.015958
2158.033687
2870.898621
2488.043184
2444.049757
2265.070844
2822.905347
2655.990919
2810.982302
2244.954857
2535.989144
2532.021303
2819.932589
2116.176510
2262.966933
2747.068232
2007.043014
2230.018877
2182.078241
2983.939896
2495.905982
2952.940751
2124.119427
2177.001223
2227.997312
2972.952364
2219.137393
2795.910631
2540.994436
2607.979162
2043.152820
2495.916620
2312.920093
2316.088390
2109.038446
2930.980969
2583.973652
2937.956229
2954.883976
2121.020811
2946.967901
2968.953253
2096.908824
2445.079179
2088.242228
2674.001601
2344.019286
2892.967607
2255.933182
2786.871400
2766.018507
2829.898409
2808.691505
2144.156773
2320.015857
2604.995332
2929.917538
2541.013409
2770.037817
2496.041353
2946.678514
2795.765086
2078.022079
2245.004308
2737.113099
2684.763388
2370.127733
2029.073055
2150.987394
2638.010704
2892.077564
2756.078951
2776.994724
2565.055295
2683.018566
2236.993090
2169.032667
2167.012477
2944.950919
2289.969994
2193.999858
2236.983888
2763.896469
2666.877855
2780.003857
2756.957350
2469.980948
2127.060392
2757.373375
2629.019752
2831.935620
2522.021537
2737.162370
2650.925279
