2500.997182
2485.001553
2117.999987
2186.003907
2208.003986
2594.999322
2908.000613
2436.999578
2565.999830
2900.999766
2233.999170
2585.001259
2622.000148
2480.999644
2795.999926
2682.999650
2323.999021
2923.999811
2805.999483
2958.999117
2959.998714
2459.998331
2115.000419
2929.998510
2933.999572
2489.999157
2916.000848
2398.001080
2771.999403
2317.000053
2331.998254
2550.999525
2601.999497
2173.000469
2603.000064
2321.999705
2228.000497
2645.997884
2801.999103
2451.999832
2634.014186
2764.011542
2656.005282
2232.006569
2513.000172
2166.000486
2669.011436
2081.998769
2262.000152
2206.000407
2109.000564
2891.000841
2187.972491
2844.983496
2101.004250
2447.993759
2048.000417
2028.000499
2567.999893
2181.999818
2398.000798
2168.000886
2041.001821
2825.000266
2966.998980
2689.999707
2383.000033
2359.001282
2548.999968
2972.999356
2680.997592
2081.999045
2067.000897
2622.999464
2627.001757
2075.996612
2860.999309
2123.999583
2741.999884
2044.000482
2426.998828
2443.000207
2228.000347
2483.999374
2261.998943
2451.001437
2461.000158
2186.001972
2446.998159
2736.000856
2639.989737
2768.991163
2074.998984
2835.999562
2708.002178
2463.996842
2140.000513
2325.000513
2952.999201
2419.000202
2946.999325
2197.998515
2109.998944
2427.006710
2449.999587
2689.001263
2480.002960
2501.996616
2221.000104
2949.999280
2287.999284
2941.999432
2788.998921
2017.001688
2912.999154
2077.001118
2113.000980
2217.999348
2788.999669
2170.999657
2510.000425
2118.002276
2673.999674
2580.999568
2674.999205
2031.002473
2830.999424
2864.000041
2820.999287
2085.000127
2547.999078
2724.999184
2043.001419
2513.999325
2375.000675
2427.000030
2874.999148
2891.999627
2700.999835
2681.998367
2298.000156
2544.000150
2445.000485
2218.999814
2667.994045
2245.993503
2283.000295
2077.000087
2753.000050
2897.999753
2173.000010
2446.000379
2183.008893
2842.005340
2914.999474
2568.999902
2723.998576
2445.001524
2399.000111
2497.999079
2948.999038
2148.001403
2264.997735
2592.999050
2514.999505
2612.999625
2147.999170
2248.999473
2293.000124
2002.001065
2875.000295
2175.999539
2535.000444
2711.000942
2357.999774
2625.999270
2959.999267
2350.000562
2454.000555
2101.001185
2631.000939
2050.004714
2703.998793
2668.002965
2995.999208
2534.999729
2885.999882
2682.999751
2204.999746
2328.000610
2421.999713
2554.999088
2790.002255
2090.999002
2647.999941
2449.000567
2428.002126
2760.996283
2004.000993
2215.000286
2500.991544
2485.004660
2117.999960
2186.011723
2208.011959
2594.997966
2908.001838
2436.998735
2565.999489
2900.999298
2233.997507
2585.003776
2622.000444
2480.998932
2795.999778
2682.998949
2323.997063
2923.999434
2805.998450
2958.997351
2959.996142
2459.994993
2115.001257
2929.995530
2933.998716
2489.997472
2916.002543
2398.003240
2771.998210
2317.000159
2331.994762
2550.998576
2601.998490
2173.001407
2603.000192
2321.999116
2228.001493
2645.993651
2801.997309
2451.999495
2634.042676
2764.034726
2656.015857
2232.019720
2513.000515
2166.001459
2669.034344
2081.996305
2262.000457
2206.001222
2109.001691
2891.002524
2187.917070
2844.950245
2101.012757
2447.981266
2048.001251
2028.001498
2567.999678
2181.999454
2398.002393
2168.002657
2041.005464
2825.000799
2966.996939
2689.999121
2383.000099
2359.003846
2548.999903
2972.998069
2680.992773
2081.997133
2067.002692
2622.998391
2627.005271
2075.989834
2860.997927
2123.998750
2741.999652
2044.001445
2426.996483
2443.000622
2228.001042
2483.998121
2261.996830
2451.004312
2461.000475
2186.005915
2446.994476
2736.002570
2639.969080
2768.973381
2074.996950
2835.998685
2708.006536
2463.990526
2140.001540
2325.001540
2952.997602
2419.000605
2946.997974
2197.995544
2109.996830
2427.020137
2449.998762
2689.003788
2480.008882
2501.989844
2221.000312
2949.997840
2287.997852
2941.998296
2788.996762
2017.005063
2912.997463
2077.003355
2113.002939
2217.998044
2788.999007
2170.998970
2510.001275
2118.006827
2673.999021
2580.998704
2674.997613
2031.007419
2830.998272
2864.000124
2820.997862
2085.000382
2547.997235
2724.997552
2043.004257
2513.997975
2375.002024
2427.000091
2874.997445
2891.998882
2700.999507
2681.995101
2298.000469
2544.000451
2445.001454
2218.999443
2667.982119
2245.980490
2283.000884
2077.000261
2753.000151
2897.999258
2173.000031
2446.001137
2183.026915
2842.016161
2914.998423
2568.999705
2723.995726
2445.004573
2399.000334
2497.997236
2948.997113
2148.004210
2264.993206
2592.997150
2514.998514
2612.998874
2147.997511
2248.998418
2293.000371
2002.003196
2875.000886
2175.998618
2535.001333
2711.002826
2357.999322
2625.997811
2959.997800
2350.001686
2454.001666
2101.003556
2631.002818
2050.014146
2703.996378
2668.008898
2995.997623
2534.999188
2885.999645
2682.999252
2204.999238
2328.001829
2421.999139
2554.997263
2790.006766
2090.997007
2647.999823
2449.001700
2428.006379
2760.988849
2004.002980
2215.000859
2500.983084
2485.009323
2117.999919
2186.023448
2208.023921
2594.995931
2908.003676
2436.997470
2565.998978
2900.998597
2233.995011
2585.007555
2622.000887
2480.997865
2795.999556
2682.997899
2323.994125
2923.998868
2805.996901
2958.994702
2959.992284
2459.989986
2115.002514
2929.991059
2933.997432
2489.994943
2916.005086
2398.006481
2771.996420
2317.000317
2331.989523
2550.997152
2601.996980
2173.002814
2603.000383
2321.998232
2228.002985
2645.987301
2801.994619
2451.998990
2634.085714
2764.069753
2656.031746
2232.039479
2513.001030
2166.002917
2669.068795
2081.992609
2262.000915
2206.002445
2109.003382
2891.005049
2187.832890
2844.899740
2101.025528
2447.962502
2048.002503
2028.002995
2567.999355
2181.998907
2398.004787
2168.005315
2041.010929
2825.001599
2966.993878
2689.998241
2383.000199
2359.007692
2548.999806
2972.996138
2680.985537
2081.994266
2067.005384
2622.996783
2627.010544
2075.979661
2860.995854
2123.997500
2741.999303
2044.002890
2426.992965
2443.001243
2228.002084
2483.996242
2261.993659
2451.008624
2461.000949
2186.011830
2446.988950
2736.005144
2639.937810
2768.946469
2074.993899
2835.997370
2708.013076
2463.981048
2140.003081
2325.003080
2952.995204
2419.001210
2946.995948
2197.991088
2109.993649
2427.040298
2449.997524
2689.007576
2480.017772
2501.979682
2221.000625
2949.995680
2287.995704
2941.996592
2788.993524
2017.010125
2912.994927
2077.006709
2113.005879
2217.996086
2788.998015
2170.997939
2510.002549
2118.013655
2673.998043
2580.997409
2674.995226
2031.014839
2830.996544
2864.000248
2820.995724
2085.000764
2547.994469
2724.995105
2043.008514
2513.995949
2375.004048
2427.000183
2874.994889
2891.997764
2700.999014
2681.990200
2298.000938
2544.000901
2445.002908
2218.998885
2667.964196
2245.960932
2283.001768
2077.000522
2753.000302
2897.998517
2173.000062
2446.002274
2183.054459
2842.032699
2914.996847
2568.999410
2723.991449
2445.009149
2399.000668
2497.994471
2948.994226
2148.008420
2264.986410
2592.994300
2514.997028
2612.997747
2147.995022
2248.996836
2293.000743
2002.006393
2875.001773
2175.997236
2535.002667
2711.005653
2357.998645
2625.995623
2959.995600
2350.003372
2454.003332
2101.007112
2631.005635
2050.028302
2703.992755
2668.017806
2995.995245
2534.998376
2885.999289
2682.998503
2204.998477
2328.003659
2421.998279
2554.994526
2790.013535
2090.994013
2647.999645
2449.003399
2428.012760
2760.977694
2004.005961
2215.001719
2500.971799
2485.015544
2117.999864
2186.039087
2208.039875
2594.993216
2908.006128
2436.995783
2565.998296
2900.997661
2233.991677
2585.012596
2622.001479
2480.996441
2795.999260
2682.996498
2323.990208
2923.998113
2805.994834
2958.991170
2959.987139
2459.983308
2115.004189
2929.985097
2933.995721
2489.991572
2916.008478
2398.010802
2771.994033
2317.000529
2331.982536
2550.995253
2601.994966
2173.004690
2603.000639
2321.997054
2228.004976
2645.978834
2801.991031
2451.998317
2634.143680
2764.116941
2656.052982
2232.065882
2513.001717
2166.004862
2669.114889
2081.987681
2262.001525
2206.004075
2109.005638
2891.008417
2187.718593
2844.831167
2101.042578
2447.937438
2048.004172
2028.004992
2567.998926
2181.998179
2398.007978
2168.008858
2041.018217
2825.002665
2966.989797
2689.997069
2383.000332
2359.012820
2548.999676
2972.993563
2680.975874
2081.990442
2067.008974
2622.994638
2627.017578
2075.966085
2860.993091
2123.995833
2741.998839
2044.004817
2426.988275
2443.002072
2228.003473
2483.993736
2261.989430
2451.014373
2461.001580
2186.019719
2446.981576
2736.008582
2639.895606
2768.910161
2074.989830
2835.995616
2708.021802
2463.968403
2140.005135
2325.005134
2952.992006
2419.002017
2946.993247
2197.985146
2109.989393
2427.067215
2449.995872
2689.012628
2480.029637
2501.966123
2221.001041
2949.992799
2287.992840
2941.994320
2788.989206
2017.016876
2912.991544
2077.011182
2113.009798
2217.993472
2788.996691
2170.996566
2510.004249
2118.022758
2673.996738
2580.995682
2674.992043
2031.024734
2830.994240
2864.000413
2820.992873
2085.001273
2547.990781
2724.991841
2043.014190
2513.993249
2375.006747
2427.000305
2874.991482
2891.996273
2700.998357
2681.983662
2298.001564
2544.001502
2445.004846
2218.998142
2667.940238
2245.934784
2283.002947
2077.000869
2753.000504
2897.997528
2173.000102
2446.003790
2183.092115
2842.055308
2914.994745
2568.999017
2723.985742
2445.015255
2399.001114
2497.990784
2948.990377
2148.014036
2264.977347
2592.990501
2514.995047
2612.996245
2147.991703
2248.994726
2293.001238
2002.010655
2875.002955
2175.995393
2535.004448
2711.009424
2357.997741
2625.992705
2959.992667
2350.005621
2454.005553
2101.011854
2631.009390
2050.047191
2703.987921
2668.029695
2995.992076
2534.997293
2885.998815
2682.997506
2204.997461
2328.006098
2421.997131
2554.990877
2790.022563
2090.990021
2647.999409
2449.005666
2428.021272
2760.962816
2004.009935
2215.002865
2500.957682
2485.023328
2117.999795
2186.058643
2208.059825
2594.989821
2908.009193
2436.993675
2565.997445
2900.996492
2233.987501
2585.018902
2622.002219
2480.994662
2795.998890
2682.994747
2323.985312
2923.997169
2805.992251
2958.986754
2959.980709
2459.974960
2115.006284
2929.977645
2933.993581
2489.987357
2916.012719
2398.016205
2771.991050
2317.000793
2331.973802
2550.992879
2601.992448
2173.007034
2603.000958
2321.995580
2228.007464
2645.968249
2801.986547
2451.997475
2634.217108
2764.176734
2656.079608
2232.098982
2513.002575
2166.007293
2669.172765
2081.981521
2262.002287
2206.006112
2109.008457
2891.012628
2187.572168
2844.743318
2101.063922
2447.906041
2048.006257
2028.007488
2567.998388
2181.997269
2398.011967
2168.013288
2041.027328
2825.003999
2966.984695
2689.995604
2383.000497
2359.019230
2548.999514
2972.990345
2680.963773
2081.985660
2067.013460
2622.991957
2627.026375
2075.949096
2860.989636
2123.993750
2741.998260
2044.007225
2426.982412
2443.003108
2228.005210
2483.990603
2261.984143
2451.021562
2461.002367
2186.029581
2446.972354
2736.012887
2639.842030
2768.864090
2074.984741
2835.993422
2708.032720
2463.952586
2140.007703
2325.007701
2952.988009
2419.003026
2946.989870
2197.977716
2109.984048
2427.100920
2449.993807
2689.018943
2480.044487
2501.949159
2221.001562
2949.989199
2287.989260
2941.991480
2788.983809
2017.025314
2912.987317
2077.016774
2113.014699
2217.990202
2788.995037
2170.994848
2510.006373
2118.034139
2673.995106
2580.993522
2674.988063
2031.037104
2830.991360
2864.000620
2820.989309
2085.001910
2547.986171
2724.987760
2043.021285
2513.989873
2375.010121
2427.000457
2874.987223
2891.994410
2700.997538
2681.975484
2298.002346
2544.002253
2445.007270
2218.997212
2667.910197
2245.901989
2283.004420
2077.001304
2753.000756
2897.996292
2173.000151
2446.005685
2183.140735
2842.084500
2914.992117
2568.998526
2723.978603
2445.022894
2399.001670
2497.986175
2948.985565
2148.021056
2264.966014
2592.985754
2514.992571
2612.994368
2147.987553
2248.992087
2293.001857
2002.015982
2875.004433
2175.993090
2535.006677
2711.014141
2357.996612
2625.989058
2959.989001
2350.008431
2454.008329
2101.017781
2631.014081
2050.070823
2703.981873
2668.044577
2995.988114
2534.995940
2885.998223
2682.996259
2204.996191
2328.009147
2421.995696
2554.986316
2790.033853
2090.985031
2647.999113
2449.008498
2428.031918
2760.944209
2004.014903
2215.004297
2500.940728
2485.032680
2117.999711
2186.082121
2208.083777
2594.985745
2908.012872
2436.991144
2565.996423
2900.995089
2233.982479
2585.026475
2622.003107
2480.992527
2795.998445
2682.992646
2323.979436
2923.996037
2805.989151
2958.981456
2959.972991
2459.964941
2115.008797
2929.968700
2933.991013
2489.982299
2916.017810
2398.022689
2771.987470
2317.001110
2331.963318
2550.990030
2601.989425
2173.009848
2603.001341
2321.993812
2228.010450
2645.955544
2801.981165
2451.996465
2634.306719
2764.249735
2656.111682
2232.138844
2513.003605
2166.010210
2669.242596
2081.974129
2262.003201
2206.008557
2109.011841
2891.017683
2187.390726
2844.634460
2101.089582
2447.868265
2048.008760
2028.010483
2567.997743
2181.996176
2398.016754
2168.018603
2041.038263
2825.005600
2966.978573
2689.993845
2383.000696
2359.026923
2548.999320
2972.986483
2680.949218
2081.979919
2067.018844
2622.988740
2627.036938
2075.928683
2860.985490
2123.991250
2741.997564
2044.010115
2426.975375
2443.004350
2228.007295
2483.986844
2261.977797
2451.030189
2461.003310
2186.041418
2446.961277
2736.018066
2639.776502
2768.807771
2074.978631
2835.990788
2708.045836
2463.933590
2140.010784
2325.010781
2952.983212
2419.004236
2946.985818
2197.968799
2109.977595
2427.141452
2449.991329
2689.026522
2480.062334
2501.928782
2221.002187
2949.984878
2287.984964
2941.988071
2788.977332
2017.035440
2912.982243
2077.023483
2113.020580
2217.986272
2788.993051
2170.992787
2510.008922
2118.047797
2673.993149
2580.990931
2674.983286
2031.051952
2830.987904
2864.000868
2820.985032
2085.002673
2547.980636
2724.982862
2043.029799
2513.985822
2375.014170
2427.000639
2874.982112
2891.992174
2700.996556
2681.965662
2298.003286
2544.003155
2445.010178
2218.996096
2667.874011
2245.862477
2283.006189
2077.001825
2753.001059
2897.994809
2173.000208
2446.007959
2183.201541
2842.121007
2914.988964
2568.997937
2723.970027
2445.032070
2399.002339
2497.980644
2948.979790
2148.029483
2264.952410
2592.980060
2514.989599
2612.992115
2147.982573
2248.988919
2293.002599
2002.022376
2875.006207
2175.990326
2535.009356
2711.019805
2357.995256
2625.984681
2959.984601
2350.011804
2454.011661
2101.024894
2631.019707
2050.099211
2703.974610
2668.062465
2995.983359
2534.994316
2885.997513
2682.994762
2204.994668
2328.012805
2421.993974
2554.980842
2790.047408
2090.979041
2647.998758
2449.011898
2428.044702
2760.921868
2004.020864
2215.006016
2500.920928
2485.043606
2117.999612
2186.109527
2208.111736
2594.980985
2908.017166
2436.988191
2565.995230
2900.993452
2233.976604
2585.035320
2622.004144
2480.990035
2795.997927
2682.990195
2323.972580
2923.994716
2805.985535
2958.975274
2959.963987
2459.953248
2115.011729
2929.958264
2933.988017
2489.976398
2916.023751
2398.030256
2771.983293
2317.001480
2331.951083
2550.986706
2601.985899
2173.013129
2603.001789
2321.991749
2228.013935
2645.940720
2801.974887
2451.995287
2634.413463
2764.336731
2656.149270
2232.185547
2513.004806
2166.013614
2669.324592
2081.965509
2262.004269
2206.011409
2109.015790
2891.023585
2187.170102
2844.502095
2101.119582
2447.824058
2048.011680
2028.013977
2567.996989
2181.994902
2398.022340
2168.024804
2041.051023
2825.007469
2966.971431
2689.991793
2383.000929
2359.035899
2548.999093
2972.981977
2680.932189
2081.973218
2067.025126
2622.984986
2627.049270
2075.904829
2860.980653
2123.988334
2741.996754
2044.013487
2426.967164
2443.005799
2228.009727
2483.982457
2261.970391
2451.040255
2461.004407
2186.055231
2446.948343
2736.024124
2639.698258
2768.740569
2074.971499
2835.987713
2708.061159
2463.911406
2140.014379
2325.014375
2952.977615
2419.005649
2946.981091
2197.958393
2109.970015
2427.188861
2449.988437
2689.035366
2480.083191
2501.904979
2221.002916
2949.979837
2287.979951
2941.984095
2788.969774
2017.047255
2912.976323
2077.031311
2113.027443
2217.981679
2788.990735
2170.990382
2510.011896
2118.063733
2673.990865
2580.987908
2674.977712
2031.069279
2830.983872
2864.001157
2820.980042
2085.003564
2547.974178
2724.977147
2043.039732
2513.981097
2375.018896
2427.000852
2874.976148
2891.989566
2700.995413
2681.954193
2298.004384
2544.004206
2445.013572
2218.994794
2667.831609
2245.816163
2283.008252
2077.002432
2753.001412
2897.993079
2173.000273
2446.010613
2183.276328
2842.165906
2914.985285
2568.997249
2723.960011
2445.042788
2399.003118
2497.974190
2948.973054
2148.039317
2264.936531
2592.973419
2514.986132
2612.989486
2147.976763
2248.985220
2293.003466
2002.029835
2875.008278
2175.987101
2535.012486
2711.026418
2357.993674
2625.979574
2959.979468
2350.015739
2454.015548
2101.033193
2631.026265
2050.132373
2703.966128
2668.083374
2995.977812
2534.992421
2885.996684
2682.993016
2204.992890
2328.017074
2421.991965
2554.974456
2790.063233
2090.972053
2647.998344
2449.015864
2428.059629
2760.895787
2004.027819
2215.008022
2500.898275
2485.056111
2117.999495
2186.140867
2208.143710
2594.975541
2908.022076
2436.984816
2565.993867
2900.991582
2233.969871
2585.045439
2622.005329
2480.987188
2795.997335
2682.987394
2323.964745
2923.993207
2805.981402
2958.968209
2959.953697
2459.939882
2115.015079
2929.946334
2933.984593
2489.969653
2916.030544
2398.038906
2771.978520
2317.001903
2331.937096
2550.982907
2601.981867
2173.016880
2603.002300
2321.989390
2228.017918
2645.923773
2801.967711
2451.993941
2634.538580
2764.438759
2656.192454
2232.239189
2513.006180
2166.017503
2669.419008
2081.955661
2262.005488
2206.014669
2109.020304
2891.030334
2186.904127
2844.342522
2101.153951
2447.773357
2048.015018
2028.017971
2567.996128
2181.993446
2398.028724
2168.031892
2041.065610
2825.009607
2966.963267
2689.989448
2383.001194
2359.046159
2548.998834
2972.976827
2680.912662
2081.965554
2067.032305
2622.980696
2627.063377
2075.877519
2860.975124
2123.985001
2741.995829
2044.017340
2426.957779
2443.007455
2228.012509
2483.977443
2261.961924
2451.051762
2461.005657
2186.071022
2446.933546
2736.031070
2639.606299
2768.661649
2074.963340
2835.984196
2708.078697
2463.886023
2140.018488
2325.018482
2952.971219
2419.007264
2946.975688
2197.946497
2109.961281
2427.243203
2449.985130
2689.045475
2480.107075
2501.877739
2221.003749
2949.974076
2287.974221
2941.979550
2788.961137
2017.060758
2912.969558
2077.040258
2113.035289
2217.976421
2788.988088
2170.987634
2510.015295
2118.081948
2673.988255
2580.984454
2674.971339
2031.089087
2830.979263
2864.001489
2820.974338
2085.004582
2547.966796
2724.970614
2043.051083
2513.975696
2375.024297
2427.001095
2874.969333
2891.986584
2700.994109
2681.941069
2298.005640
2544.005408
2445.017450
2218.993305
2667.782902
2245.762944
2283.010609
2077.003126
2753.001816
2897.991102
2173.000344
2446.013646
2183.367851
2842.220851
2914.981080
2568.996464
2723.948549
2445.055054
2399.004010
2497.966812
2948.965354
2148.050560
2264.918375
2592.965833
2514.982170
2612.986482
2147.970121
2248.980990
2293.004456
2002.038360
2875.010646
2175.983415
2535.016071
2711.033984
2357.991866
2625.973738
2959.973602
2350.020237
2454.019991
2101.042677
2631.033753
2050.170326
2703.956423
2668.107322
2995.971473
2534.990255
2885.995737
2682.991021
2204.990858
2328.021953
2421.989669
2554.967158
2790.081332
2090.964065
2647.997870
2449.020396
2428.076704
2760.865956
2004.035767
2215.010314
2500.872756
2485.070205
2117.999362
2186.176151
2208.179708
2594.969410
2908.027601
2436.981018
2565.992334
2900.989477
2233.962271
2585.056838
2622.006663
2480.983984
2795.996669
2682.984242
2323.955929
2923.991509
2805.976752
2958.960260
2959.942118
2459.924841
2115.018848
2929.932911
2933.980741
2489.962065
2916.038190
2398.048640
2771.973150
2317.002379
2331.921355
2550.978632
2601.977330
2173.021098
2603.002875
2321.986736
2228.022399
2645.904704
2801.959638
2451.992427
2634.683705
2764.557180
2656.241331
2232.299879
2513.007725
2166.021878
2669.526143
2081.944587
2262.006860
2206.018336
2109.025383
2891.037932
2186.583171
2844.149964
2101.192723
2447.716092
2048.018772
2028.022463
2567.995158
2181.991809
2398.035906
2168.039865
2041.082026
2825.012013
2966.954083
2689.986810
2383.001493
2359.057702
2548.998542
2972.971034
2680.890611
2081.956927
2067.040382
2622.975870
2627.079263
2075.846730
2860.968905
2123.981252
2741.994789
2044.021675
2426.947219
2443.009316
2228.015638
2483.971800
2261.952394
2451.064710
2461.007058
2186.088791
2446.916879
2736.038911
2639.499300
2768.569905
2074.954151
2835.980236
2708.098462
2463.857429
2140.023110
2325.023102
2952.964024
2419.009082
2946.969609
2197.933109
2109.951366
2427.304544
2449.981408
2689.056851
2480.134005
2501.847046
2221.004687
2949.967595
2287.967775
2941.974438
2788.951418
2017.075951
2912.961947
2077.050322
2113.044116
2217.970494
2788.985110
2170.984542
2510.019119
2118.102444
2673.985319
2580.980567
2674.964168
2031.111378
2830.974079
2864.001861
2820.967920
2085.005728
2547.958487
2724.963262
2043.063854
2513.969621
2375.030374
2427.001368
2874.961666
2891.983230
2700.992647
2681.926286
2298.007055
2544.006761
2445.021814
2218.991630
2667.727790
2245.702704
2283.013262
2077.003906
2753.002271
2897.988879
2173.000421
2446.017058
2183.480690
2842.288589
2914.976350
2568.995580
2723.935635
2445.068874
2399.005012
2497.958510
2948.956692
2148.063212
2264.897938
2592.957302
2514.977713
2612.983102
2147.962647
2248.976228
2293.005570
2002.047950
2875.013312
2175.979269
2535.020112
2711.042504
2357.989832
2625.967172
2959.967002
2350.025297
2454.024988
2101.053347
2631.042169
2050.213093
2703.945491
2668.134332
2995.964341
2534.987819
2885.994672
2682.988776
2204.988573
2328.027442
2421.987085
2554.958947
2790.101709
2090.955076
2647.997337
2449.025495
2428.095933
2760.832366
2004.044709
2215.012892
2500.844360
2485.085897
2117.999210
2186.215386
2208.219738
2594.962589
2908.033744
2436.976797
2565.990630
2900.987139
2233.953796
2585.069520
2622.008145
2480.980423
2795.995929
2682.980741
2323.946133
2923.989622
2805.971585
2958.951428
2959.929253
2459.908124
2115.023034
2929.917993
2933.976461
2489.953632
2916.046690
2398.059459
2771.967184
2317.002908
2331.903859
2550.973881
2601.972287
2173.025784
2603.003514
2321.983787
2228.027380
2645.883509
2801.950668
2451.990744
2634.851023
2764.693813
2656.296012
2232.367750
2513.009441
2166.026739
2669.646345
2081.932291
2262.008384
2206.022411
2109.031029
2891.046381
2186.190790
2843.914555
2101.235934
2447.652180
2048.022944
2028.027455
2567.994080
2181.989990
2398.043887
2168.048725
2041.100271
2825.014690
2966.943878
2689.983879
2383.001825
2359.070529
2548.998219
2972.964597
2680.866004
2081.947333
2067.049356
2622.970508
2627.096933
2075.812440
2860.961994
2123.977086
2741.993635
2044.026491
2426.935483
2443.011384
2228.019117
2483.965529
2261.941800
2451.079101
2461.008610
2186.108541
2446.898337
2736.047656
2639.375467
2768.463840
2074.943933
2835.975831
2708.120466
2463.825611
2140.028246
2325.028236
2952.956028
2419.011102
2946.962855
2197.918227
2109.940237
2427.372962
2449.977271
2689.069493
2480.164001
2501.812883
2221.005728
2949.960394
2287.960612
2941.968757
2788.940619
2017.092832
2912.953489
2077.061506
2113.053927
2217.963893
2788.981801
2170.981105
2510.023367
2118.125220
2673.982057
2580.976249
2674.956196
2031.136154
2830.968318
2864.002276
2820.960787
2085.007000
2547.949253
2724.955090
2043.078043
2513.962870
2375.037129
2427.001672
2874.953146
2891.979504
2700.991027
2681.909837
2298.008629
2544.008264
2445.026664
2218.989767
2667.666155
2245.635305
2283.016209
2077.004772
2753.002777
2897.986408
2173.000502
2446.020850
2183.367851
2842.220851
2914.971095
2568.994598
2723.921263
2445.084255
2399.006127
2497.949284
2948.947067
2148.077277
2264.875215
2592.947829
2514.972760
2612.979346
2147.954341
2248.970932
2293.006808
2002.058607
2875.016274
2175.974662
2535.024614
2711.051981
2357.987571
2625.959877
2959.959668
2350.030919
2454.030542
2101.065203
2631.051509
2050.260696
2703.933326
2668.164426
2995.956416
2534.985112
2885.993490
2682.986282
2204.986033
2328.033541
2421.984214
2554.949825
2790.124372
2090.945087
2647.996744
2449.031161
2428.117325
2760.795007
2004.054645
2215.015757
